0.000000,24.000000,171.000000,114.000000
14.965309,24.641468,180.480331,112.646690
40.473999,26.363049,180.928040,113.766090
61.143196,28.912647,179.694565,115.800865
82.550407,30.174412,175.117264,127.136223
96.904694,39.151672,177.421631,117.597595
107.666962,33.879383,175.105103,126.710594
111.843719,36.317230,179.884705,129.975952
112.408539,26.109367,176.070129,142.196487
113.682549,28.955017,176.699539,140.618713
114.528755,27.911591,172.856735,138.946045
115.494339,24.755661,172.245514,137.056427
120.208122,19.244904,171.656082,135.884155
124.229576,18.894630,160.679642,130.819260
131.895859,18.109478,163.215057,127.045570
135.883308,5.777527,169.348190,130.821594
137.310181,1.920570,170.477112,136.094650
133.836662,3.180542,167.419876,137.787659
132.883835,3.696266,169.270172,138.280624
132.880501,5.380165,171.230026,141.528427
133.000618,3.862762,168.720261,143.708496
134.045258,4.616570,170.409485,145.642044
131.390015,5.931335,173.217346,142.677673
134.183998,6.571106,172.525986,146.694153
128.992874,5.277451,178.778839,150.205780
131.490234,2.259933,178.307373,156.136139
129.902893,1.226601,179.361389,153.364792
127.030891,0.000000,182.288010,154.392914
130.776741,0.000000,179.885239,154.473969
127.518250,0.000000,181.964355,153.739319
123.681862,0.000000,177.762619,149.843628
121.294991,1.934280,179.445175,147.792267
123.543022,3.853180,179.880936,149.074707
120.262833,5.564079,180.996368,146.650772
120.831764,7.392639,181.155930,141.572266
121.597557,8.675026,184.613724,141.033127
126.387680,10.376457,178.409637,137.416580
126.718346,12.942574,181.340042,132.947433
125.235542,14.232430,184.025986,133.196945
126.401894,13.258888,182.471054,135.118393
126.713463,13.408203,180.589249,133.545227
126.215324,13.625381,182.234940,132.706146
124.413651,13.697487,185.203094,132.650253
123.863838,13.016762,183.100327,130.365952
123.915268,13.994583,182.668732,127.016510
122.702812,14.146824,183.636063,125.458183
123.696884,14.244263,181.491608,123.800842
124.488541,14.691475,178.758392,123.082443
125.252243,15.948017,178.269440,122.006615
125.967278,17.973061,179.227798,120.445541
125.394768,20.400322,180.364761,121.514420
125.619324,21.074745,181.367249,122.522995
124.675949,20.271835,182.203033,122.024750
125.135910,19.693401,182.207428,122.677834
123.392044,20.769760,181.514252,121.729828
122.624397,19.695229,180.929855,121.491196
124.715340,20.580711,179.839462,119.092911
124.018173,20.050453,181.356171,118.690536
124.290520,19.175571,181.249222,118.269707
124.945869,20.302906,180.209641,119.288963
124.717918,20.172176,181.848221,117.636238
125.558594,20.437698,181.271667,118.527985
125.578362,21.093452,181.523636,118.962753
125.966667,19.186470,181.714066,120.035080
125.896667,20.236374,182.296509,121.276764
124.918915,20.961792,180.333923,122.031494
123.522476,20.511913,182.089691,121.087624
123.514252,19.526791,182.048706,121.768318
122.924995,20.813030,180.859055,120.435951
122.552811,19.228603,182.262787,120.460518
123.063255,22.331009,180.766373,117.146149
122.786758,22.612724,179.157440,119.044876
122.100754,22.194485,179.889618,120.576363
121.876740,23.338520,179.846375,119.522850
122.095177,23.848835,178.694839,119.666527
121.320892,27.939854,177.373169,116.195122
119.820305,30.780724,177.521378,117.031754
120.657166,35.061535,177.467346,114.759560
120.619385,40.550121,177.596619,114.091225
120.590950,46.693882,174.397263,111.326653
120.247955,54.547684,175.975952,111.947479
119.889107,59.446545,173.413864,113.642616
122.171860,64.976425,171.437897,117.999908
121.831306,69.133274,174.830490,122.174065
118.158058,75.820007,193.926010,128.472778
157.752754,100.455425,183.238632,124.385170
146.007683,98.903439,197.010696,123.675117
140.490303,89.610630,196.665451,126.522087
132.874870,95.103256,202.150345,122.653656
131.804642,91.816555,198.202667,122.099312
139.479492,93.493801,193.847717,119.446663
125.877235,100.308327,205.250534,114.997055
119.122917,100.465149,210.002884,117.518372
123.502144,88.704197,200.605148,124.152580
122.778976,89.996864,208.981232,121.933823
195.251953,84.023457,134.443298,122.973778
204.788235,83.828915,123.522713,121.959724
119.016708,78.285385,201.408600,136.964233
165.246971,68.717300,162.694351,142.730835
162.263847,68.586533,161.185501,141.422729
144.277626,68.188057,181.895676,141.045120
122.205673,66.977196,204.029449,149.806381
177.822876,61.150871,146.446289,148.717392
156.577232,61.601891,165.853165,159.965683
129.413483,65.781898,189.904785,166.628494
130.427055,51.242355,195.504715,175.297180
128.139633,58.764061,192.806366,182.833176
137.686302,59.993347,189.787491,174.249603
126.759224,102.702538,190.923080,143.238327
139.424652,110.930038,183.528564,135.073181
152.501389,28.577713,180.456390,135.633057
156.562225,6.608093,188.269348,129.746490
149.449226,23.764366,177.116379,110.313950
156.334923,9.581890,185.646378,121.037056
157.404495,1.873886,187.093231,118.852478
152.544182,7.691425,190.518387,108.984612
155.958771,1.049377,188.993652,112.011627
151.197487,3.870148,193.413803,109.544159
153.032219,0.032433,192.213699,110.783371
152.632584,0.848537,187.484161,105.623756
152.327621,0.000000,186.165497,102.105286
155.337006,0.000000,184.128113,100.308609
153.196747,0.000000,186.109253,98.016075
149.939697,0.000000,187.793579,95.322395
147.754211,0.000000,189.242065,98.483932
154.223785,0.000000,184.637146,96.960609
143.165680,0.000000,194.220581,97.333187
152.063370,1.987516,187.562469,91.382935
145.225014,0.000000,192.041855,91.344904
149.867630,2.361348,190.308807,88.585464
141.186684,3.678441,199.021652,87.218613
147.541023,0.000000,191.670151,89.960328
144.192093,0.064354,191.937653,92.556046
144.821098,2.468575,186.774307,93.705124
143.969574,2.115120,188.804138,97.066757
144.539696,4.759861,188.801224,98.366875
141.851189,3.497559,189.543900,104.294312
144.842087,2.538815,189.986603,103.588936
153.051254,5.414052,173.233185,102.942406
154.982742,14.229828,165.172882,98.731445
171.614861,5.540650,154.474686,109.808685
153.477005,14.597138,168.548676,107.210541
144.618446,149.213833,181.025620,106.244850
144.550362,139.423245,179.978622,113.272438
145.297768,140.566426,178.725815,106.319572
143.751747,125.424546,180.555832,119.218872
144.408241,127.781193,179.295578,111.480492
142.421730,112.719433,181.472275,124.159981
141.580482,128.060090,179.903000,107.257172
138.045670,110.261921,185.771271,123.999199
139.150208,118.317891,182.546936,113.076286
136.426163,116.560582,185.349518,112.882774
134.477036,113.432587,186.144379,114.815033
137.580345,110.982560,182.810440,116.211365
135.086502,107.061627,184.848358,119.379158
135.306671,112.224209,184.151794,115.083351
133.544525,105.513249,184.799377,119.771629
133.042831,107.943512,185.929169,116.005402
131.879433,105.666134,185.570847,116.376137
130.249733,104.477105,186.312485,119.637741
132.139954,103.110199,185.291138,118.336273
131.531982,108.125248,185.159363,115.090416
131.691269,102.223755,183.480194,119.790558
131.462418,105.766633,184.800079,117.508392
130.638504,107.134533,185.702484,117.129829
132.242935,107.867127,183.759552,115.360138
131.185333,111.351136,183.827148,114.094391
134.434616,115.076577,183.307953,113.549026
137.020004,115.312195,181.782684,111.353058
138.277893,120.256966,181.773254,112.917862
138.970673,126.695050,183.370728,107.852180
141.232491,127.933152,182.930466,111.208618
142.970901,137.905503,182.642975,103.281433
142.853218,139.856102,183.879562,103.380112
144.702003,144.015481,181.867172,103.390884
146.592880,146.530282,182.257843,105.213333
148.509438,149.760270,178.752853,103.338989
147.650810,152.747139,180.688797,102.444290
147.814995,154.817975,182.522354,107.496529
146.895287,156.444741,178.563919,106.578323
150.055634,158.846596,178.682678,107.066238
145.359917,158.524914,181.460953,108.745003
151.399902,162.628766,173.716858,104.770699
146.670151,161.119969,175.937531,106.521873
147.735245,166.382740,175.461151,101.100517
148.707260,161.766846,177.473541,107.071381
152.076958,161.501320,178.647354,107.236649
154.696770,158.759137,178.340408,110.118050
154.952194,161.400429,179.723969,106.294937
151.464661,159.962044,185.676880,107.679642
155.429062,160.853295,180.900299,107.283676
158.443657,165.261750,177.860794,102.811005
160.854675,167.840924,176.797485,101.353828
159.452896,167.007420,180.212677,101.478905
158.283371,163.572579,183.889740,104.481644
157.850456,156.619820,175.047684,107.837112
158.673271,149.280171,175.896866,108.877495
155.688477,146.534935,174.641418,105.307968
153.354210,142.793610,177.601822,107.427887
148.555466,136.098362,180.048676,109.233543
146.364502,133.640721,180.222839,106.815880
140.547813,118.829003,183.323502,116.848557
137.067535,118.040280,183.147949,115.497536
136.218727,112.153519,182.545395,116.255249
137.373810,73.899125,179.376648,149.266907
134.469749,70.677025,181.015945,151.438644
130.891090,76.554665,188.037033,141.059464
128.411392,77.178132,183.926788,136.957062
123.776390,80.736931,184.222488,132.096481
123.167015,79.449425,183.793106,129.853928
123.320946,80.893452,179.971024,126.429497
124.956657,80.738472,179.291824,124.295059
123.255135,82.820797,178.369431,119.496193
121.002007,85.248253,181.544083,118.296127
119.139969,84.538147,183.543976,115.722076
116.536171,87.551583,184.038559,109.400223
115.505653,86.944115,182.914902,108.606918
117.874603,90.450264,178.364258,105.060806
121.437744,91.668744,177.010132,101.660225
115.475410,86.358712,184.722275,111.043655
118.851067,92.738148,182.924515,104.049614
117.976349,90.836144,184.751648,105.836472
118.839462,94.599988,181.047211,101.191536
115.285278,90.460923,186.983765,106.680298
116.744781,99.093762,184.925415,97.150276
114.610992,91.149926,185.141052,106.394760
116.118576,97.351929,188.577362,100.141327
114.579300,87.726384,184.235565,111.094505
117.485222,102.573933,182.180069,93.499138
115.955711,96.279053,185.651443,103.145599
119.177231,89.946862,186.581390,110.079391
120.139816,89.360486,180.226837,112.360054
122.474106,90.095231,177.207062,112.600647
117.916824,82.814686,183.397980,123.909966
119.064972,81.802281,186.444641,124.639915
118.471275,79.720036,189.143021,127.888878
117.541512,74.903801,192.998276,139.243210
126.125259,68.376320,190.253510,149.357315
134.872765,80.363457,182.588272,146.253036
130.885757,58.263131,191.816620,181.298782
136.452461,58.675301,186.269821,183.184525
145.439796,100.805405,183.622299,147.879761
146.282684,105.216721,185.218201,153.634216
149.343613,134.151238,183.623138,127.651962
147.283417,128.120415,188.380981,142.090256
153.113541,149.224167,184.485687,118.755432
148.937965,160.376126,182.781235,106.824013
146.790131,161.310688,184.930908,104.432549
147.282265,165.833359,181.989609,99.878845
144.274681,165.357476,190.680740,103.333054
146.408348,172.202721,180.676895,96.328232
143.380096,166.705151,184.148987,102.068123
143.584007,171.507023,184.452164,96.954552
145.090218,168.811211,181.175339,100.812973
142.809311,165.021752,183.062347,104.113937
144.027588,172.826462,182.960938,93.865662
143.985123,165.938248,181.769501,102.693054
143.123940,165.904824,184.950485,101.408646
142.931946,169.719548,184.139526,96.965965
144.679726,166.154179,181.264572,102.463951
142.905884,166.397187,185.895386,101.429840
142.919884,169.679001,186.777420,97.955383
144.618279,164.717278,185.141312,105.044235
142.792511,169.164139,185.836731,99.607422
140.984764,162.375996,191.952774,107.914238
129.966354,147.047539,208.204559,124.952461
148.511864,163.009194,184.822952,103.359169
137.425835,155.589260,194.228287,111.026550
135.833046,149.729351,200.937485,115.955292
127.345650,139.285023,216.558273,132.714977
135.263435,138.907786,204.416550,128.116669
134.704941,141.198919,200.832306,124.472572
133.633041,132.446901,204.799408,133.108871
123.128838,110.152796,216.221451,151.934082
131.896202,126.006563,195.763687,137.655807
134.125923,123.122790,197.142197,144.117996
131.140312,114.374277,199.821121,149.175995
130.097488,113.045939,194.580292,149.005890
130.471657,105.517908,198.881943,155.854126
129.101143,87.155832,194.877609,171.617645
128.545090,91.443888,189.167877,158.274750
132.277596,96.117113,189.690536,154.389725
129.124657,101.023699,193.764603,144.955276
131.995842,106.586260,191.688065,140.284500
130.502464,106.289705,195.065262,139.133469
129.217613,104.715822,194.860550,143.171249
127.569351,104.001162,196.984711,139.918686
122.186386,110.567251,196.856903,127.156868
122.827293,115.336954,197.422623,119.992462
132.422211,134.829477,185.730530,100.055450
123.999977,118.221735,191.336838,113.667786
122.567116,80.926340,190.378647,144.089142
118.049110,49.433481,199.592636,184.658844
135.025345,54.552218,173.687775,179.792770
122.921997,54.298960,186.037048,188.834015
122.674423,47.409044,190.495514,184.049698
119.672638,97.067774,197.259338,155.866028
117.605568,114.878744,197.116989,123.049019
118.793282,117.104445,201.108200,120.143150
118.961067,117.888273,201.829819,120.700127
121.044060,118.268347,196.199661,122.567360
121.131813,108.105600,195.489243,133.449554
120.996422,107.797312,186.243057,132.533966
117.227859,105.053270,199.397064,131.855789
116.679832,90.752985,194.988724,148.789856
117.840187,74.049067,205.003708,165.316589
118.414375,52.850725,193.803818,186.260269
119.546516,52.592150,194.317307,201.942886
121.134354,54.912737,192.700775,185.279495
120.620972,61.006739,194.236389,193.759766
121.826218,75.253328,188.888580,168.387558
127.703003,73.882906,191.375000,159.409286
124.771187,65.900980,196.374619,145.443329
133.054893,48.364275,195.011185,136.505325
135.473289,36.135485,195.673599,134.335220
139.928719,20.989718,194.070297,138.336960
148.571251,15.053625,189.878006,125.214394
143.624374,6.958178,196.113800,124.068008
147.832771,4.918764,191.987473,121.961533
149.890457,7.167650,193.075409,118.196487
147.718788,5.248610,192.818954,120.907433
147.805916,8.444384,192.712753,117.436111
146.787079,7.452513,195.004639,119.107414
147.563728,8.221323,192.873398,118.723907
145.429749,7.809328,192.596313,119.113205
144.162338,9.178156,193.394806,117.492554
143.121727,8.652891,192.158646,118.318962
142.122986,5.896799,192.350403,119.266876
142.236610,6.209059,192.787582,116.981529
143.477882,5.509764,191.676559,117.075554
141.857071,4.081671,195.285919,118.024269
141.075584,4.708079,194.782242,116.583954
140.142494,3.728491,195.171127,117.142982
139.742729,3.311426,195.010147,117.801941
140.030586,3.086966,194.581467,117.709846
139.420227,4.867163,194.534912,115.048317
139.340096,2.298094,192.222946,115.903740
139.030113,3.245966,190.370071,114.289124
136.497856,2.799273,196.274796,112.089981
135.726891,3.001406,187.406815,111.879318
136.426262,2.863402,200.487747,109.595329
136.013954,2.497446,199.068527,107.597198
136.627922,1.629423,188.864212,106.578056
134.954979,1.063170,197.499588,105.548271
135.234779,0.363520,188.950607,104.408936
133.753899,0.000000,199.428970,102.707392
134.660240,0.000000,187.741287,100.201722
134.169312,0.000000,194.940247,100.817490
133.934395,0.000000,190.076218,100.119389
133.614426,0.000000,193.873749,99.480284
133.741364,0.000000,189.766479,98.219066
133.714272,0.000000,195.040756,97.520845
133.209831,0.000000,188.843887,97.143685
132.760460,0.000000,194.400650,97.592930
133.063362,0.000000,192.285995,96.292975
131.740150,0.000000,193.495468,95.848086
131.858299,0.000000,193.424881,95.390939
131.522835,0.000000,192.758469,94.855733
131.522324,0.000000,195.231049,96.805884
131.411980,0.000000,191.824722,95.835025
130.671043,0.000000,195.742630,96.948576
130.804398,0.000000,193.381012,91.304663
132.015045,0.000000,193.386719,94.546619
132.086311,0.000000,194.946335,89.469389
129.604057,0.000000,196.834000,91.825713
127.553078,0.000000,190.252609,93.966384
124.159378,0.000000,191.452362,97.970092
118.865341,0.000000,194.227570,103.064846
112.588364,0.000000,189.451508,110.334143
104.265404,1.354285,193.741776,116.097618
97.310822,4.324798,194.937439,117.535194
91.558105,3.192706,196.929626,122.797058
84.560257,1.264888,199.225739,129.866318
82.967392,2.200343,198.115692,135.420273
68.221298,1.116153,210.049591,136.412445
