481.000000,165.000000,15.000000,9.000000
479.190750,164.565277,16.655502,10.795423
477.850142,164.097587,16.032228,11.054968
477.469737,163.942932,15.744848,10.432671
476.823103,164.899713,15.828315,10.000000
475.651457,165.177826,15.960209,10.000000
474.410913,164.257430,16.503576,10.037416
473.119205,164.905000,15.832185,10.101323
471.910099,164.688650,15.741055,10.705791
471.068255,164.497024,16.029573,10.887403
470.050295,164.774663,15.664566,10.289655
469.777204,164.765640,15.771002,10.119602
468.677058,164.816074,15.754416,10.000000
467.585545,164.678217,16.037907,10.091002
466.500360,163.879310,15.708357,10.684903
465.736627,164.004166,15.975766,10.556048
464.333415,163.747679,15.546634,11.475151
463.880277,164.381473,15.533429,10.104769
462.886413,164.008211,15.764085,10.349328
461.405446,164.468603,15.770141,10.000000
460.612144,163.976020,15.763571,10.333479
460.182665,163.898457,15.328781,10.349761
459.179149,163.071018,15.344488,10.857160
458.044326,163.934992,15.372976,10.391566
457.436085,163.170823,15.375370,10.387476
455.768912,163.870112,15.229780,10.000000
455.186608,163.606925,15.634344,10.000000
453.454018,164.130281,15.404647,10.000000
453.100324,163.889782,15.331491,10.356700
452.567875,162.824113,14.868224,10.853661
451.020855,163.184480,14.330055,10.194641
450.352089,163.035226,14.760528,10.437505
449.635817,163.659084,14.592704,10.220459
449.401283,163.921020,14.342602,10.000000
447.745705,163.001862,14.357296,10.336699
447.796370,162.464271,14.374122,10.356647
447.009723,162.910291,13.991113,10.019198
445.820188,162.491503,14.056192,10.316586
445.058753,163.037388,13.793159,10.000000
444.075794,161.779408,14.555187,10.950336
443.248162,162.310736,13.669561,10.023793
442.236102,162.379772,13.618228,10.110238
441.402459,161.871399,13.559382,10.725442
441.326790,161.562950,12.582053,10.777327
440.962570,162.375628,12.814416,11.253441
440.179184,161.243311,12.674300,11.051800
439.324125,161.109940,11.890004,11.304646
439.092731,161.998553,12.073620,10.814178
438.852502,161.538038,11.859003,10.721200
437.942015,160.847722,11.652549,11.220263
437.403865,161.143955,12.201867,11.057828
436.879957,160.722653,12.208401,11.345028
436.741850,161.402981,11.356213,10.195813
436.693742,160.242822,11.392323,10.640188
435.349007,160.574854,11.204544,10.223699
435.075779,161.010004,12.106728,10.647790
434.266065,160.582783,11.841222,10.791669
434.158365,160.240093,11.761678,10.930520
433.332689,159.741402,11.661489,10.755482
432.839367,160.288119,11.181296,10.000000
432.807586,160.027305,10.883515,10.000000
432.320624,160.200602,11.323249,10.000000
431.909547,159.299367,11.697263,10.035499
430.688171,160.185620,11.640950,10.000000
430.122385,159.604902,11.343472,10.176503
430.150664,159.943286,11.642188,10.000000
429.238173,159.640828,11.855486,10.000000
429.034562,159.317989,12.047885,10.000000
428.174228,159.822429,12.109204,10.000000
427.552743,159.390204,11.733561,10.000000
427.976243,158.886879,11.816236,10.000000
426.992952,158.504163,11.536648,10.000000
427.103028,158.754211,11.401110,10.000000
426.672584,159.243049,11.484380,10.000000
425.772422,158.216271,11.544179,10.000000
425.492915,157.983990,11.398657,10.000000
424.568448,158.534159,11.742952,10.000000
424.851546,157.280581,11.639715,10.000000
423.787640,158.120112,11.508358,10.000000
423.788555,157.600079,11.196778,10.000000
423.201501,158.120343,11.549260,10.000000
423.487879,157.487160,11.771121,10.000000
422.870665,158.070392,11.791225,10.000000
421.832095,157.344885,11.656332,10.000000
421.623321,157.504832,11.395079,10.000000
421.351747,157.039816,11.293355,10.000000
421.634926,156.600273,11.063953,10.000000
420.318136,157.244946,11.131192,10.000000
420.476554,156.563416,11.754484,10.000000
420.169491,156.229822,11.175399,10.000000
419.837303,156.070065,10.917511,10.000000
419.619974,156.003495,11.133343,10.000000
418.609053,155.441398,11.049255,10.000000
418.121304,156.283571,11.104858,10.000000
418.103486,155.925045,11.472700,10.000000
418.260626,156.286235,11.093960,10.000000
417.441977,155.336826,11.707881,10.000000
417.530693,155.854754,11.241573,10.000000
416.600469,155.870010,10.924382,10.000000
416.329302,155.288798,11.374336,10.000000
415.720992,155.162727,10.957435,10.000000
416.052116,155.564060,11.096608,10.000000
415.733380,155.170406,11.293139,10.000000
415.080756,154.363662,11.375152,10.000000
415.279529,154.404777,11.022058,10.000000
414.355961,154.812465,11.217284,10.000000
414.822923,154.630520,10.934271,10.000000
414.025879,154.144337,11.524089,10.000000
413.700281,153.787126,11.603436,10.000000
412.748550,153.531750,11.390957,10.000000
413.151109,153.755819,10.989088,10.000000
412.264436,153.228653,11.362130,10.000000
412.947514,153.334732,11.164035,10.000000
412.181007,153.540372,10.882435,10.000000
411.482378,153.180532,10.790145,10.000000
411.528098,153.603064,11.050082,10.000000
410.747131,153.071465,10.964767,10.000000
411.318025,152.701995,10.691595,10.000000
410.627290,152.096807,10.615419,10.000000
410.397052,152.638513,11.048159,10.000000
410.692724,152.918691,10.687874,10.000000
409.914843,152.262985,11.016159,10.000000
410.078929,152.515584,11.148904,10.000000
409.493145,151.840689,11.431083,10.000000
408.740760,152.196495,11.148027,10.000000
408.607655,151.542927,11.117324,10.000000
408.166817,151.456133,10.878039,10.000000
408.299472,152.232718,10.472654,10.000000
408.380572,151.203258,10.705770,10.000000
407.808188,150.824007,11.209658,10.000000
407.883473,150.623919,10.518806,10.000000
407.616073,150.116757,11.044683,10.000000
406.999410,149.773777,10.757157,10.000000
407.462229,150.263296,10.734249,10.000000
406.735263,150.354363,11.145971,10.000000
406.474930,149.680559,10.790092,10.000000
406.247405,149.287341,10.886085,10.000000
406.010528,149.974774,10.373799,10.000000
405.918779,149.694400,10.715722,10.000000
406.049990,149.164080,10.569206,10.000000
406.228820,149.712526,10.632933,10.000000
404.773671,148.937231,10.955142,10.046242
405.231453,148.751815,10.927424,10.000000
404.673271,148.061701,10.845440,10.276776
403.996063,147.861552,11.494538,10.000000
404.752871,148.984159,10.826610,10.000000
404.183061,148.489168,10.834332,10.000000
403.469377,148.893256,11.033463,10.000000
404.136894,148.727869,11.037671,10.000000
403.584041,148.419297,11.037515,10.000000
402.564831,147.909964,11.036311,10.000000
402.400165,148.368948,11.122408,10.000000
403.241848,147.847822,10.464779,10.000000
402.384247,148.291931,10.497128,10.000000
402.309995,147.398715,10.260401,10.000000
401.432474,147.285782,10.737199,10.000000
401.225479,147.891434,10.680008,10.000000
400.478684,147.094760,10.786304,10.000000
400.754718,147.025575,10.201220,10.000000
400.997688,146.466484,10.472912,10.000000
400.203769,146.801714,10.764142,10.000000
399.809686,146.499702,10.831671,10.000000
400.205231,147.295796,11.001056,10.000000
399.292325,146.665329,10.820983,10.000000
398.834485,145.979739,11.144542,10.000000
399.159709,146.515553,10.332853,10.000000
398.961190,146.198101,10.550970,10.000000
399.074998,146.286638,10.587247,10.000000
399.164767,145.887897,10.429420,10.000000
398.430902,145.739205,10.405203,10.000000
398.422270,145.117849,10.771068,10.000000
397.794099,144.862986,10.751019,10.000000
398.067950,144.538014,10.694044,10.000000
398.044480,144.407236,10.423717,10.000000
397.494866,144.867886,10.060412,10.000000
397.314538,144.948036,10.461755,10.000000
397.452702,144.789531,10.441775,10.000000
397.591959,144.478836,10.157547,10.000000
396.917585,143.988736,10.483560,10.000000
396.457277,144.371244,10.148694,10.000000
396.890751,143.762751,10.148453,10.000000
397.206340,144.100915,10.086847,10.000000
396.396802,143.345380,10.000000,10.000000
396.590409,143.520700,10.245588,10.000000
396.538016,143.320347,10.006516,10.000000
396.227305,142.601569,10.000000,10.000000
395.915497,142.427119,10.144260,10.000000
396.676096,142.674570,10.000000,10.000000
395.578771,142.947280,10.000000,10.000000
395.306962,143.017603,10.000000,10.000000
395.713445,142.726214,10.422917,10.000000
396.088748,142.662020,10.056729,10.000000
395.044310,142.676298,10.000000,10.000000
395.455513,142.186788,10.000000,10.000000
395.534179,142.683500,10.000000,10.000000
394.438774,141.838763,10.000000,10.000000
395.394364,142.040747,10.000000,10.000000
395.217827,141.862185,10.094079,10.000000
394.284850,142.124270,10.000000,10.000000
394.420415,141.818018,10.296457,10.000000
394.012068,141.779348,11.009747,10.000000
393.284213,141.210107,10.442374,10.000000
393.778528,140.969233,10.452707,10.000000
393.064919,141.642836,10.450740,10.000000
392.982455,141.042134,10.712723,10.000000
393.102137,141.161245,10.935166,10.000000
390.817690,141.337307,11.871857,10.000000
389.219057,140.568641,13.317656,10.000000
388.964497,131.224244,16.114452,18.128077
386.097393,137.178867,18.084791,12.210949
385.222789,134.637810,17.433760,14.489370
382.774553,127.164830,20.317354,21.574980
380.063847,134.756027,18.596149,12.652016
379.207420,122.059094,15.789484,24.170923
374.970987,134.482051,18.856459,11.770893
373.054437,122.153237,16.988794,21.818857
369.808092,133.382320,23.393267,14.186236
366.789973,124.041103,18.953140,19.470287
360.531775,129.484230,21.983711,13.820651
359.323824,126.394228,18.563728,14.913893
356.310157,125.080534,17.265600,16.240332
353.635472,127.247661,16.795761,11.812687
348.996920,120.746247,17.231140,17.906130
347.834640,128.020748,16.429464,11.844540
342.658162,117.002727,16.421955,19.845432
337.014591,126.752576,18.502314,10.000000
334.324703,115.873233,15.666417,18.965092
332.666949,125.483901,16.087082,11.316548
327.606070,113.782276,14.713513,20.166004
322.720596,123.040126,18.552656,11.012379
319.394197,113.234415,17.559885,17.708595
311.082295,116.534460,20.996468,13.140579
311.973526,115.461010,18.022646,12.904475
304.911622,114.068667,22.925766,14.607752
300.434885,116.439869,18.985228,11.523672
298.403651,109.858164,17.738018,16.643011
297.358214,115.757550,12.639618,10.000000
292.380613,107.362454,13.374326,15.793369
290.647180,114.699824,15.568282,12.869415
284.719143,105.978161,13.404400,15.552728
280.655112,111.895267,14.325733,10.000000
277.783883,105.397270,13.261837,14.380386
270.224186,108.571694,18.628532,10.939237
270.401131,104.676023,16.731236,13.086865
260.325193,104.917458,20.528059,11.219629
262.245773,104.876179,15.393384,11.197082
257.961238,99.966198,18.915491,15.654284
253.910305,105.193202,16.866934,11.842230
251.356935,95.881393,15.614050,15.570258
247.781722,103.193925,15.122958,10.035359
248.518894,94.537848,12.457986,15.238294
247.042814,101.615869,15.409005,11.573693
242.524401,96.692595,12.089940,11.369517
237.164608,96.542818,14.971658,11.008297
236.169813,97.158413,12.983922,10.000000
229.400165,90.880837,14.783556,13.713637
231.113750,96.466379,13.605241,12.061391
227.780724,89.217943,12.231236,13.649628
226.820518,92.622188,11.642702,10.000000
224.098146,87.979037,11.141065,11.930207
216.001890,90.908573,15.830996,11.302708
215.232479,89.358620,16.500776,10.992815
212.892940,83.240838,16.656214,11.671960
217.168696,86.757658,12.164950,10.000000
214.432056,83.190591,10.192389,10.000000
212.605779,82.433810,12.066607,10.000000
208.347320,84.270785,13.465545,10.000000
206.257653,77.654136,12.021435,10.540034
206.786735,80.383026,11.966024,10.000000
205.049453,80.162155,10.345614,10.000000
200.918065,75.265575,11.492588,10.000000
202.964192,78.204984,11.637099,10.000000
200.888123,76.757411,12.001244,10.000000
199.469382,74.778206,10.000000,10.000000
198.185574,75.732004,11.074892,10.000000
197.334448,73.017784,10.000000,10.000000
197.198732,72.852729,10.000000,10.000000
191.225212,73.166058,11.798767,10.000000
194.034707,70.929583,10.000000,10.000000
193.584796,70.931246,10.000000,10.000000
187.994533,70.816239,11.965250,10.000000
191.964882,69.249283,10.000000,10.000000
189.811873,68.871169,10.000000,10.000000
186.763967,68.582101,10.842176,10.000000
190.038222,65.585444,10.000000,10.000000
189.597283,66.587549,10.000000,10.000000
189.119564,65.519150,10.000000,10.000000
188.912735,64.602912,10.065452,10.000000
189.272996,65.385867,10.251199,10.000000
189.222923,64.766765,10.000000,10.000000
189.662075,64.184738,10.000000,10.000000
189.267704,63.881184,10.000000,10.000000
187.678421,63.146005,10.212019,10.000000
190.462630,61.729143,10.000000,10.000000
191.327499,61.034223,10.000000,10.000000
190.379983,61.090140,10.000000,10.000000
190.134732,60.141605,10.482064,10.000000
193.042628,55.320621,10.000000,10.000000
191.825692,55.466175,10.000000,10.701801
191.025218,54.668320,10.744074,10.101466
191.121084,54.254094,11.742426,10.280505
190.174419,53.063930,11.884408,10.630254
189.846437,51.964438,12.099150,11.681262
191.074407,51.025825,10.776876,11.202463
189.494012,51.210505,11.416938,10.000000
187.334665,50.063164,12.823472,10.000000
186.219511,50.552192,14.583216,10.000000
188.244594,49.310293,11.658209,10.000000
185.707994,44.308095,14.510083,13.060122
185.447315,47.288640,13.523615,10.143752
185.846997,49.570793,10.000000,10.000000
180.790355,40.587689,16.743710,13.326403
180.928811,43.326676,16.788738,13.451044
181.196485,47.526247,12.452648,11.129861
179.798895,43.637792,14.338736,11.296418
177.691437,44.846794,14.241781,10.998502
178.743448,43.228059,13.529086,12.278124
175.743926,46.637683,11.171768,10.000000
173.566360,48.532473,12.180369,10.000000
171.423170,49.416701,10.884035,10.000000
172.315127,48.265789,11.257512,10.000000
169.068610,49.691264,11.475506,10.000000
168.756265,50.314378,10.000000,10.000000
166.780671,50.274248,10.498948,10.000000
160.897583,51.534341,12.192970,10.000000
