11.000000,121.000000,61.000000,90.000000
12.962154,120.785336,58.595955,90.935493
14.091761,122.180569,57.913586,90.083656
13.557310,121.956448,57.791599,89.392372
15.777586,122.216404,56.326084,89.370689
15.756918,122.786102,55.571369,88.513489
16.513952,123.148357,55.297535,88.089668
16.288778,123.825222,55.139210,89.159126
17.968937,124.752419,53.963371,87.052078
18.786463,125.192890,53.184429,86.312859
19.932426,125.598171,51.925217,87.573219
19.743311,126.497799,51.636303,86.246651
19.927809,125.692993,51.381870,86.722595
19.200628,126.763489,51.777241,86.546783
19.237926,126.698708,52.137886,85.475510
20.622396,127.731972,51.034534,85.375839
18.946835,128.098244,51.742348,83.670212
19.785400,127.007675,50.949402,84.501190
19.405989,127.519363,51.444218,85.145233
18.625231,127.550018,52.059963,83.776367
19.909300,128.217598,51.172184,84.554428
19.600658,128.265438,51.947121,83.836281
18.856358,128.002563,51.802513,84.159637
19.538895,127.645699,51.591919,84.647964
19.516520,128.218674,51.393841,85.565216
18.918118,128.068295,52.452858,84.063637
19.234673,128.255867,52.034042,84.377762
18.685648,129.250240,52.571880,83.724617
18.057064,129.824585,52.983101,82.443756
18.435280,129.565735,53.197556,82.709045
17.982765,130.470150,53.500412,81.262245
17.095737,130.179379,54.806786,81.958290
17.264429,129.058075,55.097454,82.201141
16.928873,130.267128,55.332195,81.999802
16.369272,131.018394,55.779980,81.268600
17.203798,129.050186,56.251583,83.124115
16.994993,129.549595,55.984776,82.470970
16.725765,129.763794,55.929787,82.144043
16.172937,129.851212,56.471752,82.081390
15.948965,131.036777,57.857075,82.072472
16.533379,130.462475,58.083572,81.999214
16.204071,130.422291,58.855347,81.632713
15.782528,130.402630,58.513161,82.278481
16.385811,130.185547,58.873398,82.081879
16.458319,130.107071,59.852528,82.217804
15.388643,129.935749,60.347927,82.252220
15.478807,130.538834,59.494259,81.907379
16.119579,132.363117,58.691780,80.954002
16.041052,130.558113,60.936481,82.424881
14.835070,130.254173,60.725948,81.987595
15.562712,130.593842,60.276463,81.596497
16.545454,130.956337,59.687321,82.307602
15.611731,129.393661,61.614063,82.496826
16.581812,130.165382,60.653851,82.369827
15.622465,129.709919,61.402225,83.181999
16.454348,131.067062,60.776455,82.047760
18.132879,129.023060,59.693470,83.428093
16.819458,130.451183,59.835846,83.003792
14.938438,130.248699,62.377182,82.423103
16.834789,130.093681,61.021004,82.296280
17.055435,130.608891,60.606445,83.137138
16.865288,130.505508,62.187363,83.157349
17.586266,130.089741,61.038162,83.115685
16.895969,130.188389,60.260399,82.721764
16.971846,129.369938,60.392796,83.991600
16.793543,129.166157,60.665813,83.547386
17.258722,130.243999,59.307903,83.263954
17.364143,129.635872,60.711319,83.457169
17.797659,129.383247,60.214710,83.602707
18.327425,130.889252,59.724545,81.983856
18.615103,129.618160,59.916798,83.065956
18.177235,129.326084,60.339043,83.138390
19.218702,130.742489,59.495731,81.913033
18.667109,129.753017,60.043285,82.916176
18.390635,129.474663,60.249493,83.731949
18.670225,129.671360,59.956882,83.419029
18.690582,129.874741,60.041962,82.944794
18.981388,129.603703,60.133568,83.024254
18.548185,129.713654,60.218510,82.800568
19.130726,129.490040,60.237053,83.043846
19.355305,129.201012,59.698784,83.498489
19.486118,129.604225,58.873772,84.260269
20.232868,129.012241,59.422081,84.457207
20.699999,129.980297,59.099056,84.000862
21.319508,129.672642,59.015343,83.961601
20.322535,130.072075,59.398510,83.169632
20.264942,129.812805,59.892815,84.404388
19.041634,129.708866,60.590866,83.273247
20.153240,129.234959,60.122169,84.641563
20.179790,129.771736,60.422432,84.425034
20.197491,129.967430,60.843575,85.035843
20.172115,130.266853,60.551186,85.081711
21.026051,129.732353,61.241753,85.344101
21.165361,130.695843,59.947475,83.995796
20.978552,130.828751,60.478596,83.680481
20.947319,131.065838,60.436081,84.349831
20.323318,131.656952,61.622589,84.399353
19.279087,131.977036,62.278557,84.812805
20.239475,131.459175,62.194786,84.578812
19.589483,131.661316,62.345661,86.085083
20.511444,130.766804,61.326874,85.323570
20.852772,130.972977,60.869286,85.832458
21.065693,130.953716,61.289085,86.385658
20.561092,131.688839,61.679787,85.755043
20.664988,131.858124,62.176830,84.811157
21.594732,131.930607,62.216938,84.832024
21.331192,132.292046,62.163300,85.744614
22.539314,132.176819,60.534073,85.567078
21.487349,132.121712,61.222080,87.327530
22.759466,133.090027,59.946522,85.193909
21.170357,132.819141,61.719742,85.605888
21.154537,133.622742,61.812386,85.351379
21.270967,133.402748,62.117855,85.233170
22.489288,134.105274,61.442078,83.920372
23.174431,133.319981,61.040970,85.663017
21.774868,134.760735,61.721382,85.522354
22.755199,134.535957,61.749825,83.412827
22.170883,135.214516,61.724915,85.478806
21.841125,135.448822,62.006683,84.471710
22.771555,135.849709,61.281078,83.140732
22.608097,137.060322,61.605156,83.786156
24.128954,136.664684,61.213314,83.461678
22.726316,138.700428,61.824986,82.138237
22.565094,137.963493,62.642578,82.086197
23.690704,140.767559,62.029724,79.151955
23.478746,140.452187,62.371578,79.911911
23.688200,140.563354,62.134861,79.810913
23.402962,143.394924,62.636307,77.952644
23.829618,142.794094,62.213047,79.412331
24.482517,140.950756,61.652916,80.562843
24.391632,141.729881,62.542419,79.883255
24.312368,143.629257,62.356495,78.401459
24.887144,141.547115,62.530491,80.483559
24.289125,142.464088,63.353115,79.108109
23.977859,143.216358,64.012848,78.946404
24.483843,143.274097,63.236935,80.084953
24.834089,141.097649,61.099644,81.228287
24.954945,141.560604,62.818993,80.717812
25.361164,141.795364,61.641655,80.371185
25.374981,141.633499,62.389473,80.550293
24.833626,140.095325,62.138077,81.194633
25.359041,140.764557,62.624783,81.502869
24.736107,138.133801,62.439377,83.188911
24.589024,138.538605,64.243797,83.752991
24.527391,136.902882,63.939022,85.096581
25.448225,136.896042,63.767673,85.398102
24.903065,135.896267,64.210228,84.906502
23.528255,136.234478,65.425331,86.843178
25.730247,136.735962,64.471176,85.040161
26.161095,137.314819,64.550064,84.142212
25.638130,138.252388,64.279343,83.960068
24.793846,138.141319,65.528702,83.948441
25.510921,138.786373,65.320168,84.005043
24.776951,139.527615,65.494621,83.660683
25.560188,137.884937,64.722153,85.448265
24.897697,137.884781,65.582809,85.514984
24.660645,139.266041,65.966461,84.095299
24.674873,138.391117,66.326981,85.928123
25.099476,138.456348,66.165337,86.047081
25.546421,137.527020,66.458427,86.776711
25.892899,137.349888,65.525665,86.229820
25.822613,136.210011,66.148720,87.589989
26.279346,136.090122,65.985313,87.327507
25.826229,136.137821,66.218788,86.664268
25.423691,136.305141,66.904205,87.701729
26.498432,137.496754,66.711052,85.805138
26.989056,137.914944,66.014442,85.845161
26.520168,138.036034,65.975258,84.959000
26.117184,138.088425,67.115395,84.856781
26.390610,138.950253,66.962585,84.081581
27.231236,140.334667,67.179070,84.003365
27.160629,138.911057,65.700439,84.487061
26.007626,138.000305,66.949165,85.262146
26.558147,137.952805,67.305305,86.592010
27.606651,138.876431,66.305954,84.642189
27.603886,138.563713,66.373466,85.312332
28.521820,136.536137,66.000610,86.697319
27.308468,137.287998,67.727791,86.936089
26.018608,138.118092,68.465744,85.669182
27.188354,137.179909,67.941223,87.645157
26.242310,137.832237,67.847473,85.709244
28.048874,137.676640,67.314362,86.869530
27.709320,139.553570,67.433990,83.825783
28.014935,139.068573,67.335609,85.219421
28.137985,138.815849,66.926422,84.924088
26.907261,139.696003,69.072380,85.457176
28.908531,140.796227,67.893051,83.384048
28.292061,139.046997,68.387405,85.868713
29.355240,138.722729,67.985687,86.486336
28.816948,138.088894,67.750198,87.602028
29.346317,138.741463,67.603386,87.933609
27.569626,138.528870,68.507111,88.124786
28.141846,140.335262,69.238129,85.834053
29.153095,137.013451,68.204643,89.363541
28.347023,138.116909,69.108475,87.896645
28.384827,138.769905,69.173615,87.952774
29.276295,138.914688,69.289360,87.710419
28.627289,137.953030,68.514557,88.377724
29.590298,139.286453,68.254829,87.624023
28.421013,138.689598,69.111649,87.644608
31.229359,138.159172,66.886192,87.881180
29.056206,136.884571,69.878159,89.079338
30.326939,136.048363,68.986412,89.789902
32.469898,135.307438,67.125206,89.706535
32.151676,135.562222,66.508476,88.445839
33.754967,134.862770,66.237900,89.940994
35.354454,135.144669,65.674973,88.656464
34.772121,135.462173,65.589668,89.924866
33.721954,136.280369,65.839630,88.858910
33.502388,135.391800,66.564468,88.223969
35.017605,136.666382,66.359108,87.363892
33.993587,136.109818,66.190804,87.486694
35.105984,135.677643,65.593391,89.225952
35.031822,135.276905,66.434219,88.483818
35.090855,135.621548,65.755089,88.667244
35.184052,135.821255,65.898499,88.685829
35.419334,136.156906,65.759293,88.611420
36.155594,137.529530,65.608521,87.431541
35.823063,134.439587,66.973595,88.988350
35.694504,137.538853,65.829895,88.146721
35.355541,135.409851,67.261238,89.372498
35.111416,137.149708,68.045418,87.787743
35.054428,136.507000,68.089630,88.635719
36.289272,136.764042,66.853127,88.085014
37.670650,137.684353,65.970589,87.300301
37.798096,138.947319,65.186768,87.735245
37.105869,138.726902,65.772881,86.305351
36.558788,137.273106,67.239021,91.589531
34.873104,136.319672,69.939003,89.428406
35.086369,137.701618,69.874443,87.252403
35.858410,137.289139,69.098915,92.760925
34.443714,138.614529,70.270988,87.678902
35.116680,137.810108,70.444740,88.725212
34.372063,137.042137,71.177811,93.600418
35.639408,138.364502,70.131432,89.293335
35.430435,137.461315,70.571411,90.817848
35.255081,138.136253,71.187622,89.706894
34.933685,138.585949,71.261932,91.028603
34.351620,137.265141,71.358162,90.799095
34.317657,137.238621,72.234100,90.390160
34.994514,137.426666,72.342422,91.175629
34.758202,137.451111,72.441422,91.339783
35.367512,138.213192,71.487694,90.805336
34.551548,138.134121,72.174065,91.540382
35.128803,138.000992,70.723900,91.992676
35.584858,140.263779,71.911797,88.138367
35.345451,138.695827,72.284927,91.528938
37.002850,138.033958,70.674782,92.355637
36.136551,138.344452,72.051605,93.494843
34.943844,138.495731,72.305916,93.906090
37.592735,139.266159,71.607040,91.675751
35.513203,138.471046,73.184685,95.143417
37.028412,138.332298,73.628174,93.919998
35.845921,137.584480,74.967400,96.986954
38.322613,138.942223,72.167061,92.566940
36.112858,138.282936,75.665916,94.421707
37.453964,138.480740,76.974091,95.076454
37.450790,137.386173,72.950623,92.424767
36.443146,138.882309,73.372406,94.509979
36.578884,138.205902,77.070808,95.416779
36.569866,138.274788,74.830666,92.009109
35.741955,138.808285,73.186867,94.497841
36.867130,140.108658,74.625206,93.609772
35.107708,141.623512,78.258186,89.394119
34.741745,139.826511,78.678833,91.088066
34.384834,136.597130,79.468826,98.208694
38.582100,137.758114,76.068130,92.150795
36.584545,141.128792,75.152626,89.537704
35.216671,138.143044,79.177956,95.333664
35.610672,138.164886,80.419403,91.676727
34.399414,139.163918,82.559448,91.900772
35.611107,135.002605,82.439468,94.410408
36.388031,137.833076,81.534180,93.178268
35.053471,137.950542,83.581505,93.553780
35.489933,137.168114,82.496086,91.182205
35.574142,135.287880,82.141602,97.012405
35.331589,133.588795,83.739899,96.787804
35.746239,137.317249,83.920792,95.301170
34.857632,135.339676,85.630287,94.276703
34.431576,138.228085,87.156380,94.854866
35.665867,137.391708,89.523125,93.038544
36.653538,136.708134,86.649742,91.514366
36.114838,139.598530,90.944946,93.606804
35.303783,138.064941,88.851540,91.536926
35.752129,138.453102,88.048569,92.626968
37.105053,137.017487,91.068062,92.952698
36.852154,134.756859,89.185005,95.152267
36.491104,131.161549,89.174225,100.280998
38.160061,132.334797,90.222572,97.527428
37.792305,134.691185,88.354568,96.572800
37.842419,134.274555,92.563820,97.889244
37.149288,138.300228,90.320442,94.106087
38.130653,134.892857,90.163834,97.069908
37.926998,132.972935,91.763618,98.834160
39.828453,131.661514,98.836685,98.528259
39.574192,136.673416,94.219017,95.555878
42.923283,136.562389,90.255180,93.077431
41.514782,135.813778,91.806099,95.771309
44.000225,132.744217,90.661446,96.441803
42.466946,140.140514,87.019081,89.430428
43.350620,137.094143,90.615105,92.434883
43.134659,130.854805,88.171448,99.353775
43.242493,137.730633,84.634491,92.026222
44.334312,133.278378,86.660263,98.923714
43.811443,136.932625,88.787514,96.281662
47.191475,129.789795,83.731461,98.630402
49.307964,137.562187,80.042519,91.624557
40.025600,137.705029,88.477608,96.019814
41.716995,131.451309,90.445770,101.683441
41.251305,137.063316,94.237167,97.980545
43.517406,133.542046,90.538338,99.592514
41.895374,135.737423,94.551414,98.069649
44.486382,137.271610,91.252792,95.905052
48.996067,140.520111,86.077415,90.443573
42.097397,139.174965,87.085632,94.185226
43.866817,139.876442,91.659737,94.285782
44.535694,138.732407,94.312614,95.467560
43.795242,140.811550,92.171387,94.119026
44.533749,139.578167,92.277290,95.149727
45.377884,139.939663,91.974884,93.534645
47.206192,139.925480,91.992676,93.348900
44.578335,144.357731,94.190559,90.446983
44.731071,143.663952,93.596359,92.545021
47.676205,142.373428,91.378181,93.177643
46.755306,144.914886,93.197029,90.744263
45.947151,144.745224,93.480759,91.991730
45.609627,144.246124,93.201035,92.646851
47.145130,141.500992,93.628960,95.250854
47.042625,130.443470,99.987259,106.175896
46.141426,141.662560,99.929428,94.812241
46.096386,135.761459,99.441628,101.892334
47.574142,131.841442,102.001251,105.498817
47.296043,141.316456,98.075790,95.843071
47.973324,137.744793,97.576271,99.364143
47.437901,141.051842,99.770653,95.854477
48.410320,137.259205,98.234688,100.112083
48.618534,135.212547,100.861839,100.864700
46.540520,136.508598,101.595352,100.365189
49.668941,130.398640,102.932259,106.767662
47.760056,139.423367,100.490997,97.544685
48.319180,133.003014,106.536140,104.435623
46.752060,138.981094,98.968353,99.280853
50.163879,131.671268,101.371399,105.981468
50.997139,132.251884,111.775955,104.653061
50.512295,138.130245,96.772224,99.479042
49.792316,135.542938,101.851158,101.867584
49.821304,131.842258,109.213409,105.579247
49.152851,135.047089,111.793205,101.986053
50.586823,135.879723,110.391418,101.748978
52.078964,133.447208,104.257263,103.791344
49.654484,134.815228,105.895500,102.748970
50.155201,138.802814,103.632286,99.549339
53.677670,133.830471,107.225410,103.819893
51.943451,128.016163,153.875946,108.376732
55.818279,132.238075,106.714973,103.934250
51.534378,137.650761,116.952423,98.866844
51.271027,126.084209,123.866180,111.908363
50.354500,133.702259,114.967239,103.318687
51.350143,130.665546,147.894531,106.808067
59.461220,128.565418,124.398331,106.829124
48.594849,131.098736,140.121277,105.967323
58.833290,131.477802,130.959824,103.509514
54.073120,130.366322,148.258057,106.339928
56.815487,135.675842,113.369392,102.194458
53.234825,128.468803,147.537064,109.210953
54.450073,129.989326,120.056061,106.675858
55.563095,131.049648,151.335876,105.570442
57.734528,134.498276,117.262634,102.973602
56.038162,128.709671,147.100128,106.740143
56.872803,132.646656,114.170166,104.513969
56.534195,127.980537,152.368958,108.984726
53.338600,135.705379,131.586258,101.825569
56.560406,133.160992,114.669044,104.835976
59.323311,128.371002,135.547806,108.276123
61.035881,131.614182,129.136703,103.539673
55.553917,130.347630,132.408463,104.188194
56.342091,132.306786,113.174400,102.568893
59.859886,130.794899,125.350266,104.127670
58.951405,131.218231,115.199669,104.612183
58.655895,130.802956,125.045815,104.495682
60.331886,128.973598,140.455734,106.740639
60.522984,131.798203,127.655907,102.601135
62.075100,130.481903,108.784126,106.126587
59.076355,124.476608,135.246796,110.969940
63.775383,132.996265,139.085373,102.787376
65.715942,132.757481,101.639923,101.412926
59.755547,132.969112,118.942307,101.901283
57.447956,131.291996,127.711449,105.287437
61.542850,129.920349,110.647667,107.610504
63.349785,134.325546,115.291000,101.185699
61.700142,124.267975,134.130508,113.175262
67.056080,133.446716,117.286705,103.002594
59.305782,130.301403,123.610573,106.629494
64.297127,128.958096,132.317093,107.610268
66.014709,131.309128,111.160309,103.543152
62.144150,129.869884,131.572449,106.105812
67.519119,129.962570,125.494751,105.985962
63.492355,131.866268,116.293243,103.979713
64.395615,130.290447,132.511505,105.945992
65.070564,134.007061,99.990128,101.940895
68.269928,126.554199,119.496094,108.287476
63.268192,130.080822,116.347893,106.168831
65.829132,128.078350,130.559082,107.527962
65.395496,133.046627,103.550835,103.347725
65.538548,127.949169,125.596550,107.633003
65.511940,130.717064,103.402115,105.227768
67.718628,129.655125,123.396545,104.967186
64.277321,131.015072,116.161819,104.335121
64.120331,127.413967,132.918518,107.748634
66.878815,132.748516,102.423920,103.704323
67.198166,125.132011,137.468536,110.702774
63.910191,131.677883,124.055138,105.167549
70.577751,127.733978,123.738571,107.539215
65.506599,130.550541,110.802719,105.427635
67.550549,129.509079,110.976173,104.934113
69.895767,128.894009,110.960968,105.389473
70.592903,130.493481,103.131729,104.825569
68.143810,133.624741,100.025246,101.667267
71.403061,127.471451,135.903839,103.036926
69.821617,129.536797,131.717026,101.412552
71.728390,134.924992,90.454811,101.333885
77.334244,131.208328,92.346924,100.876862
75.287609,133.266357,113.402840,93.141724
68.485420,139.276630,106.708145,95.346214
70.242279,128.988129,108.207458,107.022247
67.968533,131.872604,111.041878,103.963654
71.911400,131.408913,106.074234,103.728745
71.987640,134.535629,101.490692,101.517426
70.540363,128.937836,112.477928,106.614044
69.847679,132.812817,108.144272,103.189064
74.556046,132.537624,100.998047,102.190498
72.852516,132.481865,107.306046,102.709335
69.696564,130.570396,120.923676,105.296097
73.446377,129.827812,108.335609,106.992599
70.590736,132.325302,109.011948,103.899170
71.325279,130.690197,128.505600,106.325630
70.802799,130.597870,107.425957,105.396332
72.281792,131.363197,115.847366,105.156998
72.462261,129.172531,117.763588,107.655151
75.190617,128.302757,110.381004,107.132736
77.645718,134.167583,110.623543,100.457069
70.843872,127.680882,124.487091,108.271568
72.773483,130.680752,113.559601,107.073982
72.562969,131.332386,109.811745,106.264122
72.951420,131.580662,115.997124,105.705589
75.211617,129.566467,113.239883,106.643158
72.382156,133.134323,111.266937,103.475983
73.407986,133.314690,117.345619,103.591568
76.199074,129.805676,115.642227,105.680305
71.459114,127.208244,129.038193,109.370865
77.034744,130.032280,112.420746,106.845139
72.220406,132.116810,110.802292,104.716820
73.450230,131.309433,121.996117,106.324432
76.796997,126.150021,128.288574,111.204109
71.362808,133.218117,117.856506,103.660690
75.143898,127.471642,125.401749,110.064499
73.624313,131.676407,116.370117,104.961823
75.842888,127.903172,126.398758,108.992088
74.529373,133.069317,107.622345,103.256416
76.127979,129.079865,121.123436,108.000092
73.956905,129.096359,126.106178,107.251801
74.889698,128.993176,120.697929,108.509987
76.648888,130.064312,129.663559,106.233528
73.023842,136.242958,124.458847,100.410873
76.018677,127.007225,131.150604,110.565170
71.967369,130.939716,117.487595,104.784813
77.008930,129.647125,126.819633,107.297882
73.721695,135.373505,114.429840,101.385925
78.341866,132.688709,119.459824,103.503502
75.009300,127.040592,131.376999,109.232475
73.766506,131.244080,127.212532,105.431671
76.314346,127.578461,132.640625,108.447266
73.362061,131.107708,133.029205,105.385597
74.848175,134.910583,131.990662,102.330688
76.015694,132.565926,131.488724,104.484238
75.502983,132.069611,133.488480,104.704834
74.735054,126.249683,128.777786,110.114708
73.535210,133.413429,126.610123,102.830612
76.076881,130.948059,131.917313,106.681458
75.719635,122.532097,130.019623,114.051895
77.039093,131.693455,128.288086,103.853874
74.798149,135.434517,131.760544,101.647415
75.900078,133.633461,133.022751,103.687607
77.099281,130.959240,130.536057,105.656410
76.446030,132.824589,130.914795,102.860313
77.097336,135.022327,131.696930,100.880180
76.134758,132.875832,131.261703,102.369553
74.866386,130.125557,134.765762,106.076126
77.439728,133.600140,130.052704,102.120552
76.421844,132.344868,132.912628,104.167747
78.210968,131.285515,130.092560,105.400314
75.255844,135.084030,132.283173,101.275909
77.242607,134.670334,131.913193,102.533112
77.157074,131.306828,131.322571,105.534019
78.553459,127.478226,130.173141,109.948639
75.837021,134.996788,131.457794,99.923172
76.640129,136.813244,130.880966,101.354103
77.003487,133.400150,131.764053,104.452812
77.830093,132.469143,131.086121,105.453377
77.565048,131.789719,131.447845,104.636078
78.510536,133.782280,131.554398,104.249496
