120.000000,36.000000,103.000000,108.000000
121.444908,31.323299,100.383560,115.300911
123.249214,30.113243,96.930527,117.503098
126.049911,30.383793,91.597076,117.062981
127.408676,31.393383,90.395416,115.237587
127.966003,31.490498,86.803894,113.620384
128.988396,32.021870,81.160812,113.794762
129.963909,33.179829,76.662422,112.320213
130.105862,33.565651,76.198280,111.618240
128.888893,32.865688,75.489822,111.807747
130.025597,32.899868,74.084244,111.830269
128.774788,32.675873,75.463913,112.403931
129.897163,33.515583,74.806839,111.761833
130.485218,32.985474,74.870445,112.036194
129.988194,32.462856,75.090782,111.703163
129.825958,32.491440,75.378357,112.042725
128.694401,32.193825,76.067467,112.187088
129.235161,34.233284,75.695511,111.213730
130.061657,31.756329,75.147499,112.758522
130.174870,33.088402,75.268272,111.228470
128.910507,32.393780,75.899811,112.584236
129.504559,32.490314,75.785500,112.727013
130.262135,32.268993,75.636009,113.036324
129.139816,31.789017,76.802338,113.548401
128.068287,31.203438,76.730949,114.688980
129.911472,29.943508,76.254692,117.371681
128.583649,33.612457,76.726227,115.007874
130.427223,30.363777,76.093521,119.131729
129.330532,33.684025,77.894844,117.133018
130.076614,30.936794,76.977783,120.660469
130.405930,33.435944,76.635651,118.021057
131.929253,30.655212,76.272964,120.347260
133.278862,30.804981,74.373489,119.375084
132.808887,29.470955,74.444633,126.006577
133.152473,31.711185,73.628098,120.406090
133.379696,31.229786,74.850258,116.951378
133.082855,30.419376,73.649048,115.445396
132.677929,29.231133,74.896614,114.721207
131.593037,30.289970,74.478386,112.621475
131.718430,28.673866,75.467468,113.509537
130.760193,28.201084,75.694611,112.071892
130.135605,27.773731,76.306366,112.083794
129.234219,26.486771,76.232155,112.375366
127.407417,27.150204,76.028000,110.789406
126.556641,26.006813,76.699799,111.603683
124.851780,24.767799,76.471001,112.652237
123.784702,23.599998,77.109459,113.537155
122.896854,23.751896,77.290215,112.762199
122.347095,23.980000,77.289238,112.793480
122.333008,23.512794,77.232941,114.105515
121.713936,23.392986,77.625809,113.542976
120.699749,25.321892,78.341316,113.040604
122.191578,25.810822,77.736443,112.273376
122.033863,24.028336,77.955467,113.942963
121.789467,24.431263,77.913010,113.974236
123.187431,23.535248,78.148727,114.238922
123.732449,23.067154,77.799049,114.500916
123.376961,23.825180,78.073959,114.455933
124.576080,22.732738,78.674042,114.685707
126.044514,23.495186,78.126244,114.440536
126.337173,23.279770,78.528137,114.493530
127.053867,21.823856,78.808342,115.195427
128.477654,23.958603,78.425156,114.029663
128.131157,24.085823,79.191391,113.453110
127.651077,23.248043,79.482666,113.576515
127.705578,22.992764,78.951790,113.725777
128.087654,22.780525,79.051102,114.469437
128.413830,24.089149,78.483833,112.244919
127.769924,25.394833,78.813362,112.348549
128.922588,25.054966,78.368629,112.425865
129.430004,25.852726,78.221291,112.541039
129.055702,25.175335,78.279099,113.763527
130.967236,25.580704,77.800636,114.339447
131.854511,25.846958,77.828117,113.529442
132.866276,26.065365,77.709007,113.730904
134.043068,25.407196,78.313858,116.108765
135.409187,25.729523,77.932327,115.197235
137.068390,26.055054,77.962463,115.319855
138.550785,26.041775,77.448082,114.588356
139.915165,25.925495,77.299431,115.975700
141.515873,24.970020,77.253166,117.433739
142.689556,26.067272,77.112190,115.543129
145.176090,26.379143,76.393242,116.504684
146.848625,28.295864,75.783554,113.589546
146.764248,29.679546,75.951454,113.258583
147.320381,27.472412,75.104843,123.268860
147.509762,30.266663,74.817543,116.145996
147.286674,29.428204,74.692001,119.274910
146.094223,29.203579,74.686737,118.592201
146.400620,30.112228,75.429260,111.222717
146.896194,28.236767,75.147156,113.537331
148.095661,27.610104,75.443047,115.010231
148.574333,28.564255,74.883255,113.883545
148.389565,28.567585,74.598007,113.506737
148.487816,27.809376,75.080826,115.654869
148.267868,28.987759,74.744690,114.519173
148.718082,28.741615,74.998924,114.262283
148.570881,28.479382,75.215233,116.331184
148.642891,29.249699,75.676712,114.347588
148.944183,28.378063,75.685303,113.962837
148.656200,28.094906,75.815712,115.717232
149.082138,29.292259,75.861877,114.703506
148.302563,28.065800,76.064613,116.529503
148.049606,28.178242,75.719513,116.685051
147.676064,28.978046,75.721817,115.303490
147.477203,29.258972,75.811737,115.955048
149.950184,27.901371,74.122581,116.308464
151.708633,28.293304,70.893982,112.633606
157.046398,27.166676,65.442696,118.426109
162.714670,30.010090,55.955730,120.028587
166.437830,33.508976,49.693310,111.565544
164.024353,22.493721,48.226166,119.353165
164.261555,15.047436,43.383141,124.084358
162.512049,14.321751,44.505260,123.857536
161.083551,17.798061,46.201153,120.639870
160.234299,24.348091,46.424652,116.723892
159.299160,14.139809,47.871223,128.043900
154.464859,16.593510,52.234772,127.797050
150.946913,27.004978,55.341038,112.908379
147.958128,29.188644,59.028049,109.453918
142.178986,34.225071,64.452606,105.683861
136.274006,33.495132,70.957359,108.095551
132.120869,35.270931,76.599602,106.307228
129.023735,37.093792,79.590591,103.567696
126.423885,38.598675,81.434944,101.316078
125.476307,39.121418,83.858360,99.847771
122.866413,36.706348,85.105186,101.564995
123.965237,35.626987,85.181831,104.133995
123.479294,36.142380,85.503021,103.090118
123.191048,35.952835,86.319443,102.812256
122.644661,35.095760,87.106400,102.187752
123.221691,33.651546,87.197731,101.367867
122.147060,34.014801,86.215004,98.162933
121.575752,33.820763,86.534042,96.842789
121.980541,33.711449,85.747078,95.904648
120.974388,32.571224,86.820847,97.601692
119.853630,33.121391,87.357956,97.440689
118.107925,32.658756,89.604248,99.379997
117.171253,33.301109,90.855156,100.407333
117.896576,33.895794,90.198669,100.605629
117.171295,33.559292,91.327484,101.277992
119.522762,32.417995,90.462379,101.154915
119.505074,32.292156,90.621384,101.972328
120.999073,28.660042,92.481834,102.309158
119.057903,30.036598,96.023170,99.362900
117.949459,28.407745,98.222328,99.092194
117.201134,29.680954,99.089828,97.559998
115.897625,28.839283,100.273903,98.026573
118.413460,30.651150,97.672592,97.099129
117.368912,29.778046,99.782623,97.272552
116.874401,29.864616,100.519569,96.790695
116.987087,29.949650,99.997505,96.534538
118.836346,28.557346,97.570656,99.252647
117.224964,27.772789,98.988762,100.153122
119.045101,32.819237,97.897804,95.875992
117.898449,28.562172,99.447823,98.929245
119.552776,29.012230,97.721413,98.103928
118.450733,28.605488,98.900169,99.435234
119.127712,28.838051,97.970619,98.163315
117.611038,30.633797,98.443451,97.756363
121.799690,31.481758,95.537827,96.010269
116.514511,29.961288,100.949402,98.636627
124.584431,36.013855,94.125969,92.307007
123.305912,32.980610,95.362694,94.094170
125.422939,31.492638,94.697273,96.524734
125.160736,32.322144,95.531555,97.189117
127.919930,30.716434,92.721634,100.213707
133.778313,32.018646,87.247543,99.709625
143.540154,36.131947,77.988907,96.025444
151.090183,33.574150,70.107201,98.469894
151.208282,37.396725,68.480804,96.054695
163.314472,35.941765,56.308678,90.650314
162.480362,29.698681,63.375854,98.988350
168.556696,22.158691,62.661877,109.042725
174.132721,27.313923,67.807007,99.350975
175.586910,21.284695,75.346901,109.499306
175.826946,15.037979,80.555763,116.143250
171.737282,15.505417,86.759689,113.331848
171.368080,14.845081,87.601852,109.758446
172.311108,13.985489,87.943306,104.219299
171.908085,13.190174,88.018883,101.321037
172.516094,14.506927,88.456245,100.293915
173.440269,15.355217,87.839676,100.061783
173.454521,15.823750,87.871597,99.900719
