325.000000,138.000000,18.000000,45.000000
326.128671,139.140234,19.556829,43.566395
327.970371,140.048325,18.878906,41.777122
328.395772,140.249815,18.172079,43.876301
329.070833,138.357479,18.128918,43.995895
330.759308,138.631365,16.904770,45.711895
332.250742,137.969563,16.520695,47.285133
332.748521,136.703344,15.772038,47.359127
333.914730,137.625278,15.857887,46.578873
334.744182,138.084114,18.380518,46.873451
335.644367,138.004227,21.268379,47.459770
336.573263,139.093754,24.436008,46.985413
337.992043,139.632069,25.035078,44.969772
339.596966,139.881058,25.310310,45.018089
339.843988,140.650921,26.374126,45.416656
340.138849,139.802916,25.199581,45.636211
341.998770,139.554531,23.932087,46.393158
344.055823,139.407183,22.086153,46.647144
346.323271,139.593542,20.404209,47.152920
349.677369,138.216473,18.006376,47.698227
353.013590,138.623772,15.166408,47.062828
355.056463,138.824240,15.063993,46.416553
355.681735,139.493425,15.018724,45.968578
357.917470,140.309492,17.037107,46.490711
358.013992,140.269833,20.522682,46.567818
359.446725,140.389841,21.580168,46.584682
359.432816,141.234980,22.840836,46.370098
360.203309,141.172558,24.364210,46.523689
361.135254,140.834036,23.189743,46.809361
363.202620,141.339573,21.566593,47.773003
367.122854,141.143242,18.319080,47.296326
369.330066,140.461519,16.965990,48.522808
371.022075,140.424524,16.704744,48.323071
373.119826,139.706873,16.475153,48.676968
374.364979,140.101446,17.054474,48.469776
374.385673,141.263613,19.406153,47.293896
375.320294,141.562592,22.737295,47.786263
376.053469,142.770903,24.823483,46.579739
376.283086,142.557510,26.740194,45.208458
376.370569,143.248869,27.458096,45.919476
376.256727,142.721716,27.599094,46.109310
377.867662,142.963202,26.069729,47.096294
380.851257,142.672909,24.137070,47.063217
383.658436,142.119678,21.660057,47.602066
386.893329,142.350296,18.990625,48.129326
390.656898,141.489677,15.432823,48.274948
393.623931,141.334429,15.115602,47.505337
394.432681,141.772396,15.384631,47.330925
395.833613,142.578434,16.637278,46.977730
396.424047,143.097820,19.899731,46.849594
396.637062,143.056387,23.014748,48.272541
398.092935,143.344589,24.115225,48.958466
398.461165,143.308462,24.137430,48.816593
400.276144,142.820858,22.596355,50.596581
402.335919,143.481977,22.929365,50.492756
405.417589,143.626394,20.372150,50.043247
406.759000,143.251944,22.525358,50.729641
410.003963,143.571514,19.668322,51.463852
412.383439,144.450960,18.554205,50.319111
413.613615,144.398914,18.640118,50.474823
414.588887,143.959927,20.641897,50.819359
414.231694,145.004358,22.630117,49.054729
413.824717,144.484884,26.712765,49.089100
414.512958,146.036633,29.307154,48.130714
415.020842,146.303888,30.249348,48.030087
415.679940,146.632523,30.831327,48.524033
417.447424,147.860592,30.426884,48.777428
420.132153,146.758541,27.989220,48.968025
422.252584,145.687654,25.266668,50.217724
426.718169,145.775274,22.552446,50.058887
431.881313,145.718454,19.664482,51.335598
435.349062,145.667080,18.112789,51.143784
438.256481,146.021933,16.496506,50.505711
438.132873,147.233688,19.756403,49.010605
438.742087,147.125246,23.150675,50.210659
438.804530,146.381212,26.453035,50.083126
439.542375,147.114832,28.839987,52.039715
440.745057,143.871557,31.510031,53.171070
445.595832,146.924374,30.858545,51.547020
446.314903,146.234558,32.582298,50.692032
453.155994,147.018744,22.164520,50.053211
455.043522,146.483158,21.934479,52.163139
457.937353,147.980797,21.460751,49.535568
458.326830,147.996794,24.293293,51.833256
457.746781,147.369917,24.772070,52.678196
457.674109,147.388844,23.688135,51.713127
451.088218,145.783489,20.014353,52.795067
451.522546,145.299917,22.282553,52.947102
444.980345,143.714693,23.573139,54.359997
443.649498,143.620790,23.180084,51.894207
439.856676,143.360508,27.938686,52.475044
436.167449,143.655691,27.476168,47.289326
434.035019,145.477541,26.363068,45.665890
432.514052,145.155287,25.243578,44.826344
431.014719,145.438345,26.706921,45.550938
431.571646,145.924620,23.448917,43.818821
430.946672,145.370905,21.167347,44.758480
429.575727,143.894358,19.651745,46.308056
428.319537,142.744226,19.879251,47.729923
427.828392,142.641071,18.928551,48.564095
425.973924,142.884871,19.244154,50.223232
425.121878,143.281645,18.200871,47.430454
423.837743,143.082083,18.635389,47.389393
419.711588,143.834278,20.528149,43.642792
417.787820,143.833147,21.667212,44.729961
417.790957,144.358709,20.915285,41.761578
416.075132,144.378429,20.358219,42.843567
415.860999,144.311287,18.986162,41.978775
414.256555,142.438238,19.324507,47.184864
414.509985,141.191212,17.335491,45.086823
411.001495,141.167885,16.840050,44.645897
408.025314,141.226574,18.731834,47.756699
404.815089,139.540451,18.726328,47.611755
399.262874,139.377083,19.226313,46.489990
392.321930,138.854153,22.221764,45.561188
383.341168,137.941916,23.976545,45.993542
375.015927,140.891035,24.357946,42.758389
366.815925,139.532286,23.998453,43.482601
358.586978,139.941399,23.626459,44.258629
353.290307,139.070631,21.172529,43.620396
344.151476,138.438829,20.544071,46.990086
332.268644,137.460814,18.833553,46.512531
320.122646,137.465271,19.892212,48.729958
309.620250,137.307331,18.536493,45.219490
301.300811,136.424803,16.134203,46.410000
294.401802,135.254585,17.301338,47.187447
284.419054,136.520145,17.949612,47.571899
278.491747,135.680016,18.337185,45.523796
270.382075,136.310074,20.678629,45.454208
263.503493,135.729979,22.668169,43.983974
259.107098,137.167444,20.877968,44.119144
255.091770,137.180853,20.065857,43.567501
250.502361,137.562897,18.329552,43.745461
246.865663,136.854200,17.375845,43.127644
242.163203,136.378502,17.873568,43.790649
237.612281,135.728874,18.499552,44.220482
231.861901,135.879423,16.485273,44.116993
225.333532,134.473167,15.692379,45.345100
218.462366,133.715612,16.419819,45.399052
210.437653,135.440990,17.764397,44.351990
203.058430,134.395704,21.298965,44.774731
195.999389,134.721769,24.701212,43.581135
191.493633,134.554270,23.887154,42.670437
186.718649,135.231293,23.963131,43.419022
182.314631,135.220451,19.043873,42.570023
177.385926,134.720770,18.557905,43.730572
171.930712,134.767580,17.127827,44.072483
166.724865,134.539484,17.087463,43.690815
160.753751,134.934038,16.813803,43.594311
153.317822,134.545919,18.472151,45.115841
146.930203,134.113300,18.932028,44.936516
140.812190,134.042978,18.259577,45.918774
133.077174,134.842638,17.441912,43.032467
124.066280,136.599384,17.707550,42.027824
117.014997,135.580967,17.537243,42.145470
109.049981,136.758114,18.390799,42.357124
101.800882,136.742720,18.147327,43.065983
94.371859,137.532093,17.538601,42.437996
87.183608,136.511873,17.216425,42.782505
76.195971,136.682566,16.892908,43.025188
63.110560,135.907822,19.234201,43.599739
50.778137,134.459812,18.223961,43.823479
38.094973,135.506872,19.621983,44.770962
28.876707,137.310604,19.077511,42.531052
20.903884,136.553640,18.895060,42.938503
16.971013,136.269505,18.038374,43.257118
8.655825,135.903143,22.145458,47.020466
3.223389,135.470333,22.541878,52.065681
1.088315,127.424408,23.582563,67.713379
0.820277,139.396204,27.733843,63.982311
1.082441,156.302708,22.425579,40.593071
0.000000,154.174385,18.370439,43.036743
0.000000,151.793447,14.159526,43.981922
0.007154,151.275614,10.922318,37.090603
0.000000,141.331219,10.745430,47.609779
0.000000,134.933044,27.362775,45.525352
0.606997,129.961454,42.974815,58.523251
3.172038,134.018824,84.897636,52.833942
31.266490,142.026224,120.005852,61.454304
99.196992,134.868280,36.594006,51.347614
101.359358,142.301245,27.240204,49.759594
95.868187,138.790337,27.759825,62.035164
89.334284,142.326204,26.687233,55.733982
83.347296,131.954580,27.147263,58.369152
79.149158,133.188156,29.153433,56.881859
72.834206,139.520117,23.960415,48.070705
71.678747,129.942112,26.310442,56.618393
69.620367,137.410536,27.102892,58.808788
64.805659,153.934521,25.277046,42.877762
58.961301,149.135660,25.601374,49.353428
50.624240,139.053461,25.304565,48.756840
42.054030,138.824013,28.227234,54.603874
40.494675,143.639486,27.641750,54.065090
31.513461,133.282036,27.338234,60.254967
29.557608,133.464184,27.061691,55.451385
27.453651,141.281130,27.374311,57.355381
23.153803,143.338158,26.358742,54.426765
21.376748,133.033413,27.737988,63.927475
9.119010,127.962032,31.923767,66.667206
10.782979,137.443983,42.934467,60.226482
7.743988,130.915192,30.689482,72.653374
8.419211,135.239826,39.221390,73.235657
2.793024,135.629824,27.758966,57.495914
2.662404,124.407398,58.009602,78.860016
10.754595,131.923798,39.417686,65.978889
38.902981,119.277641,49.853245,76.189919
38.312880,103.041313,44.191711,88.123253
15.557900,108.965233,60.374996,92.446800
31.306017,99.828781,45.933754,90.593086
33.759879,196.378548,34.476791,68.058098
33.872723,192.060726,43.856647,68.263245
29.643157,172.363537,67.127609,93.398392
41.063368,135.693047,57.388992,60.721123
32.824191,141.333885,65.056465,71.643425
23.750317,128.506504,57.463551,65.825806
26.461907,198.985374,34.517101,59.906303
5.441172,170.620663,112.337593,101.379337
27.526454,139.995749,65.363197,63.394119
17.024323,121.067141,51.590405,71.903816
13.391545,115.629629,59.225971,77.067413
10.389346,99.616846,56.388542,93.960258
5.372727,132.830460,38.966457,52.696545
9.525107,101.337767,33.867447,83.522079
12.899233,127.528864,66.804054,82.706902
7.808295,119.197798,73.918915,88.635971
1.863455,93.861799,115.396118,92.231125
17.656424,114.684454,131.927917,95.049530
26.875231,96.643122,85.742928,90.594566
74.754458,130.291376,120.570869,75.503899
188.609029,125.190367,27.337984,54.770859
185.375819,126.779612,16.221306,45.168953
182.639599,127.507723,15.899854,45.337158
178.733836,127.656534,16.140808,47.868637
174.744977,126.843338,15.471889,47.290707
172.377173,128.818029,15.626311,48.674294
167.793652,127.825281,16.644672,48.655602
165.369340,130.177748,18.077579,48.153305
162.063804,130.115120,14.736495,38.327419
160.610083,128.430407,21.150154,42.781487
156.585009,131.115366,17.198090,44.663795
154.558856,126.627398,19.467911,44.052719
152.698717,127.981720,18.023233,48.972401
149.139115,128.051094,18.694561,48.505253
148.187467,127.181433,19.876467,53.161285
146.983162,129.344723,17.438536,44.592030
146.077189,124.395998,19.761246,49.419701
145.761302,128.040052,20.922508,49.755859
145.595326,128.820230,21.413212,49.148842
144.154179,127.687210,20.853855,49.736416
145.056078,126.524242,18.966133,46.014095
144.898183,126.862980,18.314402,48.458065
145.713014,125.744064,17.211832,48.840618
145.627558,125.333969,16.884079,47.470005
144.881345,124.844582,18.462206,50.588017
144.714072,124.738745,18.179825,53.251366
146.001968,123.741159,20.318281,52.290825
144.457665,126.814459,21.484219,50.049255
144.924281,124.882370,21.733788,51.677547
144.545540,123.944826,24.434872,50.570732
147.177103,124.330605,24.805506,51.238781
144.883005,128.766882,27.159372,49.581085
145.825558,132.972082,25.531376,47.066772
148.991129,138.616886,25.603188,40.841785
149.992183,124.803938,21.862188,55.320961
150.091775,122.476248,20.669170,56.862099
151.723148,120.029545,21.135366,58.570202
150.486517,120.642118,20.134844,56.280754
152.484078,119.067608,19.575130,56.008694
151.237654,118.401342,21.744247,58.689751
150.587629,119.345650,27.038240,50.839787
149.583176,119.086802,29.285946,51.985016
151.665520,118.522532,28.165432,50.129395
151.306161,118.909172,28.819788,50.041019
149.385653,117.750500,29.669548,52.423367
154.820872,117.262117,22.722740,51.202469
154.679998,117.732792,20.195238,51.786694
154.975885,116.901609,18.434519,51.528008
155.765453,116.009333,16.827154,51.822784
154.632275,116.257919,16.964466,51.858227
154.535109,115.091745,16.115715,52.358421
153.143827,115.171360,18.256525,52.337475
151.544158,116.221535,23.258896,50.874638
148.711320,115.204094,28.578241,51.695133
145.986441,114.949425,32.135300,51.474125
144.722579,114.488747,33.735123,51.773121
144.021069,115.339588,33.172199,50.293362
144.909825,114.487932,32.191212,51.454590
145.894761,112.722734,29.385021,51.513687
147.657838,115.314573,25.546167,50.141808
151.064844,113.807194,21.811960,51.931271
153.973489,113.124514,17.548197,51.971939
156.118565,111.595814,15.287716,51.880657
155.788999,111.404877,16.516275,52.855549
153.680414,111.743017,19.157206,52.077271
151.613424,112.168663,24.311327,51.881916
150.436547,111.008654,28.386105,51.366928
147.915232,111.007055,30.503273,51.508629
144.695536,111.315119,32.920723,50.744492
144.967823,109.794466,31.276892,50.828171
144.593836,109.542410,28.722969,52.299400
150.546174,108.260193,22.146496,50.724430
150.747684,107.875469,20.284735,53.086025
152.029379,108.986208,17.358704,52.008652
152.080184,109.954044,15.462157,51.514362
149.008204,110.158155,15.796601,52.329491
140.787261,110.616060,18.404633,52.283546
133.071443,110.917158,25.137743,53.617332
122.281206,112.994253,27.021776,52.976341
108.239811,115.142536,27.021885,51.948483
93.201662,113.443550,27.734201,54.051792
77.876633,112.854097,29.792194,56.974579
66.606391,118.603172,29.120857,54.792744
67.664255,114.673384,28.357286,53.857674
66.842178,115.886492,26.828970,54.788284
65.355472,116.729664,22.771009,54.300182
65.322320,113.245190,18.586201,54.414806
62.934604,115.483334,19.943556,53.684734
63.531703,115.767433,17.748550,53.196186
60.667956,116.186430,17.804794,52.200569
57.614653,116.385843,19.335220,51.814095
54.231567,114.981646,22.026564,53.241653
50.394154,116.492495,19.669262,51.164276
47.626549,115.012846,20.161106,52.586662
42.404355,115.558519,20.869732,52.825912
41.119029,115.730476,18.013107,47.156734
35.003488,114.908524,18.333185,49.832691
33.618339,115.058790,19.532881,50.124832
29.534688,114.504742,24.101322,49.005825
25.335704,113.356024,23.693380,52.016914
21.792371,113.191591,27.806368,52.942993
16.556019,114.607721,28.607838,53.622055
13.255424,114.309462,30.882673,54.566170
11.070839,115.424114,31.583342,52.181973
12.664010,114.899147,27.594555,53.756260
13.676160,117.766394,25.188585,49.361931
13.500050,114.615198,22.194736,53.486816
17.260266,113.742342,61.305454,67.979965
72.299311,93.576509,58.606270,69.106110
13.677029,116.761908,53.951313,60.202599
8.164580,92.007013,34.535965,74.037018
3.370303,113.308315,33.783531,57.543484
3.337044,117.116508,35.341106,46.577732
4.300456,114.068460,42.635002,56.011673
4.614253,114.081196,38.191002,51.955273
5.736498,115.859537,45.001900,53.798203
6.949420,112.824371,49.033485,57.192829
25.460562,89.028215,59.862915,80.970779
7.691781,106.663271,53.844769,55.348679
9.158194,94.922514,75.370087,82.988869
29.000966,91.289957,39.447971,76.709091
4.684302,112.888536,37.082581,59.606445
36.481030,99.262190,50.997120,72.051231
25.141085,87.716051,33.331047,66.715286
44.274021,91.896006,27.599279,71.612473
11.436305,109.456844,27.457787,49.703732
14.762934,112.154131,23.788109,50.960754
14.028025,111.693754,22.861763,58.345848
16.839122,112.376890,21.966055,52.067375
16.176313,113.810785,22.768114,54.869324
16.326912,111.438147,20.712261,60.571022
19.229407,110.805542,23.539688,56.789310
22.336956,114.350048,23.986212,48.331600
23.999913,110.715277,19.508778,57.619225
24.358142,110.349119,23.459585,59.242638
24.849729,109.788519,21.617846,52.740211
23.159603,111.132786,24.585867,54.837841
34.691947,106.383337,22.492935,53.081184
38.378657,106.908617,21.975655,53.241943
39.355390,109.623812,19.146563,49.465775
40.368116,108.960726,19.451365,51.815407
39.096120,117.237020,19.535875,45.373093
43.953476,112.652435,15.788976,46.407406
43.717554,112.650848,19.039255,49.913021
43.342809,111.698530,21.405062,48.620819
46.873185,114.179493,20.007458,44.389988
48.287371,114.002771,20.261429,44.955269
54.212642,110.238508,16.512587,49.446861
55.335549,112.249886,17.764332,44.962246
60.591189,111.129181,17.086617,44.397465
61.208145,105.704172,17.876905,47.892708
63.158318,115.492258,18.085751,48.308540
65.312019,107.481766,19.107901,48.799236
69.352528,109.903046,20.281994,44.015499
68.587828,122.574974,20.629082,37.886684
69.234815,113.480375,23.190126,47.542809
73.573574,112.172033,21.235952,42.935669
71.962204,88.004232,23.577162,67.751808
70.762172,86.262064,27.287436,69.487549
73.107448,88.844336,28.988577,73.383217
71.580644,98.309462,30.600550,70.464668
71.847765,87.525717,29.003199,76.807060
74.168809,96.551432,29.779520,76.734406
75.472218,102.738720,29.201878,60.861431
76.117255,94.409464,31.284531,69.547455
84.885058,105.687960,31.881935,56.747604
81.199889,102.773361,33.844925,61.480686
75.985053,95.668444,40.566422,65.426483
88.497376,107.257578,34.673321,53.473618
101.037301,106.619850,25.063396,54.037205
87.814446,107.138706,35.733379,57.687176
