255.000000,148.000000,25.000000,37.000000
255.460825,147.694450,26.185162,35.834290
255.491526,148.315424,26.546375,36.784252
256.013588,148.565968,26.440796,36.134552
256.909461,148.069096,26.402117,36.494736
257.455916,148.214476,26.429033,36.458897
259.705384,148.208599,26.248732,36.276367
260.931170,148.401165,26.320515,36.562912
262.572362,148.119699,26.252806,36.597034
264.837564,148.389120,26.248692,36.119808
266.985039,148.417475,26.509926,35.741367
269.559659,147.997646,26.372786,35.919029
271.198197,147.728256,26.332220,36.671997
273.275514,147.302952,26.035101,36.306358
274.747203,147.726624,26.280245,36.261688
276.215961,147.579082,26.481340,36.603745
277.812928,148.294163,26.220381,36.017738
280.059665,147.412056,26.557528,36.792229
281.965841,147.749283,26.474056,36.067917
284.060136,147.549963,26.329809,36.293743
286.471238,147.699190,26.512426,35.735424
288.275575,147.405508,26.422216,35.939739
291.015760,148.312859,26.390118,36.253387
292.105850,148.509632,26.335258,36.601761
293.058173,148.951057,26.335749,36.523315
294.190015,148.830465,26.310331,36.298832
296.245711,149.260843,26.324213,36.517735
297.328031,149.739080,26.397406,36.560749
298.407549,149.585871,26.215237,36.696186
299.095252,150.952501,26.423014,36.700726
299.390639,150.856153,26.518045,36.777409
300.162645,151.242270,26.410038,36.542637
300.183554,152.239185,26.230740,37.121407
300.388733,153.359341,26.400986,37.120583
300.414038,154.057049,26.652020,36.879189
301.248501,155.395088,26.337761,37.056824
301.642259,156.178804,26.473928,36.787556
302.016486,156.350473,26.583979,36.819141
302.148187,156.618828,26.714376,37.061127
301.722436,157.677254,26.525061,37.174515
302.126744,158.776014,26.510687,36.982273
302.458552,159.761513,26.506235,37.263565
301.741652,160.669621,26.636723,36.888847
302.078252,161.377823,26.717840,37.058800
302.237988,162.085331,26.814873,37.137070
301.925147,163.293678,26.443682,37.224617
301.684148,163.941154,26.704924,37.157661
300.998789,165.024830,26.384838,36.859909
301.009242,165.701462,26.430010,37.178131
301.363579,167.431816,26.360718,37.734360
300.960386,168.323723,26.541683,37.546890
300.599878,169.325428,26.392139,37.396782
300.545077,170.965382,26.335169,37.474693
300.159465,171.687248,26.534548,37.333733
300.894305,172.985847,26.500101,37.305199
300.357479,173.542507,26.686798,37.224060
300.381574,174.471556,26.275671,37.394466
299.562005,175.836262,26.483130,37.124420
299.817340,177.465059,26.373072,37.713337
299.244375,178.539465,26.363903,37.502071
300.101892,180.625864,26.402868,37.425083
299.978851,182.605808,26.372108,37.641769
299.206787,184.191694,26.238976,37.484951
300.028888,186.053555,26.356089,37.737152
299.169352,188.314335,26.239513,37.547577
299.584024,189.754372,26.466801,38.277458
299.184985,191.419815,26.349695,38.111275
299.435711,192.120127,26.538124,37.945362
299.786653,192.239431,26.490843,37.633633
298.815188,192.493559,26.383097,37.682163
298.772229,192.451344,26.592237,38.125038
299.585177,191.781330,26.549105,38.246140
299.359591,191.653162,26.651606,37.973972
298.945130,190.923389,26.857946,37.975060
299.593407,190.185514,26.592476,38.169628
298.973476,189.806120,26.899345,37.783833
299.560959,187.985876,26.768860,37.691372
298.864703,186.614119,26.851252,37.870579
298.768049,183.893425,26.945133,37.786957
299.269759,180.848211,26.823809,37.771000
298.167360,177.179384,26.759174,36.869450
297.740026,174.534700,26.882002,37.236568
298.043846,171.507074,26.877670,37.426670
298.172145,168.766062,26.707216,37.261990
298.222859,166.987270,26.732100,38.047653
297.435077,164.646591,26.987253,37.081390
298.333542,162.755568,26.565475,36.998646
297.788621,161.617241,26.773939,37.150375
297.730631,158.869648,26.794971,37.046944
297.862155,157.356720,26.662172,36.993019
298.084558,155.301792,26.722340,37.084244
298.276479,153.831898,26.687819,37.257576
298.033856,151.800835,26.780752,37.406532
297.677073,150.292482,26.765963,37.078548
297.477824,149.283470,26.758219,37.147598
297.969150,147.073927,26.688997,37.067074
298.013484,144.700972,26.665735,36.993626
298.126678,143.208727,26.601318,37.009861
298.121975,140.852762,26.803833,37.327114
297.910343,139.709743,26.700333,36.498550
297.627245,138.470673,26.559193,36.951614
297.713056,135.897524,26.847685,37.392582
297.367042,133.748823,26.749399,36.748371
297.551583,132.417519,26.628386,36.682610
297.532613,129.107563,26.619436,36.635910
297.797758,126.843706,26.578671,36.513493
297.056097,123.512400,26.531223,36.750874
297.204013,119.324789,26.441706,36.761715
297.132043,113.428013,26.639669,36.806870
297.326976,106.977787,26.752359,36.665840
295.581973,101.282215,26.830034,36.074631
296.232733,95.820778,26.715191,35.897720
295.155457,91.598558,27.239790,37.123943
295.198719,89.323057,27.057457,37.285519
294.866302,86.821798,27.292353,37.416393
294.670497,85.248659,27.258753,37.335827
295.352222,85.640972,27.229851,36.227722
294.950958,85.596941,27.365578,36.264233
295.321140,86.224121,27.087982,36.978073
295.743247,86.216967,27.062914,36.881573
294.922123,86.301365,27.411781,36.358360
295.602313,86.609291,26.813799,37.006531
294.888441,85.975420,27.175587,36.087093
296.294918,86.881262,26.686241,36.571049
296.019507,86.395132,27.059778,35.644291
296.292890,86.718658,26.962172,36.840202
296.832447,86.658298,26.805298,36.243782
296.444044,87.579964,27.010662,37.020439
297.500471,86.995811,26.978619,35.910004
297.937154,87.954031,26.861006,36.967266
297.514692,87.663591,27.013805,36.185749
297.837470,87.559086,27.221087,36.330147
298.271599,87.776167,26.984581,35.813953
298.527453,88.288588,27.022959,36.771687
298.693730,88.614607,27.094496,36.004704
299.784782,88.996490,26.729240,35.777046
300.952640,88.867258,26.747225,36.614506
302.049854,90.001682,26.781708,36.142700
302.493815,89.378979,26.836512,35.843063
304.533999,89.784197,26.535257,36.832874
305.747437,90.318768,27.023026,35.855827
307.713519,89.632931,26.785181,36.110313
309.957970,90.251196,26.817642,36.169979
313.005719,89.294136,27.242010,35.788689
317.376974,89.328800,26.914555,35.576302
321.302005,88.988592,27.053843,36.468601
326.204006,89.005579,27.451378,35.400112
331.877772,88.177481,27.180017,35.698772
336.267498,86.975323,27.228310,36.369743
340.284503,87.520096,27.222712,35.892197
344.206356,87.407515,27.322212,35.362240
347.911331,86.028963,27.433701,35.989986
349.845900,86.555714,26.764088,36.429489
351.555309,86.532618,26.706642,36.709385
353.073853,86.231371,26.967588,36.411777
354.142747,86.609364,26.886198,36.439667
355.036874,85.844830,27.322493,36.465263
356.559813,85.414577,26.960604,36.162552
355.859533,85.833654,27.146069,36.018993
356.572548,86.058357,27.088745,36.447487
356.073227,86.233105,27.414513,36.685341
356.270957,86.074310,27.258440,36.588058
356.217279,85.899010,27.178432,36.235573
355.326714,86.092308,27.516479,36.009384
355.466523,86.026697,27.059668,36.612598
354.750802,86.354265,27.322081,36.619564
354.440536,85.939114,27.281343,36.456184
353.783221,85.430479,26.936853,36.047520
353.289337,85.780693,27.267990,36.687309
353.585299,85.325220,26.889231,35.827579
351.828404,85.575150,27.190702,35.865166
352.024178,85.677410,27.030403,35.959274
351.689957,85.717583,27.114258,36.509865
351.273176,85.350077,27.238400,36.060513
350.071439,85.682573,27.533499,36.351185
350.047755,85.698179,27.010828,36.514912
348.302361,85.323877,27.388899,36.406750
349.319509,85.173210,26.985235,36.118690
348.661187,84.890568,27.124121,36.325294
348.141924,85.170515,27.278500,36.417728
347.838180,84.722641,27.215273,36.581703
347.122712,84.394272,27.255148,36.031906
346.582166,85.182913,27.206350,36.716068
346.287078,84.835745,27.398920,36.893429
346.343199,85.043724,27.185848,36.559639
346.383962,84.478447,27.086126,36.169510
344.824335,84.508425,27.585087,35.944195
344.161774,85.131895,27.493050,36.572102
344.996762,84.689693,26.822210,36.245094
343.371074,85.321037,27.075434,35.208420
342.743971,84.702496,27.288540,35.669617
341.996482,84.772331,27.253458,36.820099
341.337083,84.591507,27.130896,36.107445
339.933677,84.720882,27.474314,35.466080
339.490816,84.820621,27.163677,36.801399
338.052705,85.032028,27.130301,35.848236
337.952068,85.220081,26.940681,36.666809
337.119920,84.885532,27.203634,35.814720
335.227446,85.371126,26.754749,36.157108
333.718308,85.811968,26.991522,35.887196
331.473344,85.613211,27.086935,35.711704
330.036801,85.970379,27.264860,36.277679
328.085176,85.976860,27.323696,35.001785
326.534061,86.481796,27.308304,36.179245
324.173500,86.131901,27.409103,35.525398
322.375983,86.847345,26.965105,36.026707
320.637726,87.267900,27.051903,36.014538
317.506679,86.496584,27.234835,35.023464
315.646361,87.135546,27.089235,35.540783
312.909899,87.919342,26.824314,36.718155
311.112148,87.684101,27.411987,35.541023
309.162847,88.068394,26.938749,35.389252
306.095584,87.761028,26.777742,35.540787
304.200633,87.832384,27.531710,35.584507
300.364009,88.391054,27.288858,35.405224
296.564140,88.429790,27.239136,36.545929
293.251431,89.720165,27.016134,35.911224
290.163765,89.751501,26.843414,35.216816
286.741537,90.170595,26.799870,35.999599
283.147940,90.237679,26.843464,34.848915
280.679110,90.924208,27.339153,36.169003
278.719674,91.460890,26.910894,35.012814
276.115788,91.854156,26.707603,35.926872
275.202611,91.247894,27.263937,35.305130
273.478457,92.384188,27.071062,36.078289
272.134334,92.318439,27.392725,36.126762
270.434645,92.456039,27.657711,35.765976
269.258875,92.308830,27.566135,35.602547
266.639463,92.737730,27.346653,34.941639
263.813304,93.166109,27.240519,35.236095
260.876249,92.878960,27.127689,35.205925
257.949353,94.111364,26.863058,36.041805
253.652905,93.318354,27.333122,35.452015
249.598209,94.075829,27.130386,35.906914
245.251185,94.497971,26.982271,35.598976
241.376735,95.569723,26.830423,35.571110
237.479487,96.352448,27.062326,35.336731
234.332146,96.459103,27.154671,35.099411
232.179864,97.050449,27.186239,35.492516
230.739630,97.125229,27.476757,35.445129
228.843059,97.524864,27.506960,35.926529
227.406541,97.757010,27.614218,35.763401
227.147715,96.752596,27.642223,35.879047
225.016053,97.345205,27.461401,35.259281
223.246323,98.137136,27.430916,36.020733
220.824758,98.256226,27.447943,34.994102
218.058923,97.884914,27.846205,35.249313
217.056159,98.140821,27.460512,35.561993
215.299194,99.219824,27.160744,35.269276
212.311110,98.751362,27.887379,36.010582
209.509291,99.321217,27.284573,35.865028
206.638734,100.035751,27.633833,35.002731
204.131419,100.075975,26.917284,35.277546
200.858357,99.735441,27.736738,35.875736
199.152276,100.978937,27.407393,35.754436
196.598828,100.676868,27.778639,35.391876
195.963412,101.274302,27.666506,36.260700
194.137849,100.857294,27.711859,35.674557
192.643095,101.100332,27.881054,36.445919
191.109426,101.674870,27.786350,36.338196
191.439497,101.535156,27.428440,36.364494
190.826754,101.748690,27.379551,36.893597
189.611586,101.585526,27.598110,36.204956
189.501293,102.098248,27.196754,36.015945
188.749892,101.823025,27.695009,37.001717
188.716923,101.618910,27.520683,35.883236
188.367942,101.113480,27.559130,35.598587
187.057028,101.798679,27.762844,36.596291
186.060994,102.031139,27.613157,36.623009
185.062990,102.128906,27.580746,36.152359
184.944468,101.730762,27.642183,36.120850
183.256074,102.277311,27.659193,36.085201
181.667407,102.208052,27.684328,36.865833
179.860708,101.429171,27.931919,36.398121
179.367277,102.302824,27.536846,37.106472
179.305789,102.271286,27.338915,35.748779
178.949532,102.945438,27.478600,36.426659
178.926547,102.130363,27.511774,36.016251
177.465953,103.015488,27.954378,35.878105
176.422523,103.233229,27.776163,36.107899
173.939175,102.899469,27.896545,35.911907
172.600284,103.380301,27.709574,36.344288
170.572217,103.917847,27.803106,35.884544
169.068239,103.829988,27.858524,36.810612
168.381147,103.645863,27.836536,36.203629
166.468034,104.196293,27.810347,36.217300
166.573151,103.570280,27.517517,36.187428
165.659598,103.974693,27.719950,36.955032
165.845220,103.960445,27.691130,36.300270
166.159281,103.448429,27.530605,36.594017
166.575560,104.335089,27.563595,36.067570
166.116274,103.868998,27.601131,36.617092
166.024233,104.147408,27.453701,36.610596
166.735290,104.113686,27.385271,35.689720
167.353570,103.986292,27.465506,36.411045
166.681957,103.923817,27.634911,35.966591
167.371234,104.729097,27.330561,36.365948
167.342871,104.651497,27.668972,36.682465
168.371073,104.643032,27.354862,36.159370
168.342976,104.032757,27.494560,35.466164
168.475270,104.915192,27.455641,36.003784
169.707616,104.361361,27.226591,35.569447
170.456640,104.496761,27.127384,35.933220
170.929561,104.761454,27.061625,36.310535
171.940630,104.682499,27.411037,36.170189
171.346179,104.805632,27.698687,36.194866
173.198805,105.368826,27.104015,35.813801
175.454462,105.064388,27.536961,36.014656
175.867067,105.215031,27.526134,36.771187
175.102675,105.337536,27.642344,36.479683
176.347383,105.161306,27.196661,36.366047
178.254377,105.899683,27.056789,36.253643
180.026738,105.210291,27.448103,35.880383
182.092571,105.238733,27.246002,35.019436
184.082980,104.599634,27.252260,36.312031
186.136423,104.621582,27.504856,35.746582
189.235128,105.040960,27.474514,35.583630
192.470218,103.824835,27.716524,35.957676
195.999798,103.966473,27.544907,36.177643
200.523776,102.827570,27.417223,35.990170
205.786702,102.622375,27.653135,35.536446
210.598880,102.433180,28.075060,35.840839
216.604826,101.383518,27.875179,36.450806
220.309062,100.358776,27.849657,36.172028
224.752670,100.766081,27.372932,36.083302
229.278020,99.554977,27.870039,36.386879
233.888420,99.235695,27.832634,35.662621
238.332816,98.576195,27.443796,35.515038
241.435306,98.504389,27.397417,35.133587
244.209119,98.116051,27.023573,34.685875
246.593420,98.025400,27.033916,36.042477
247.249751,97.250002,26.713617,35.942913
248.400571,98.086311,26.753660,36.805061
250.145855,98.314352,26.702682,35.843075
252.411615,98.048655,27.247028,36.147465
253.625653,97.841860,27.231062,35.509426
255.848019,97.619579,26.839386,35.711800
258.860551,97.701504,26.985998,35.650848
260.315705,96.720348,26.681387,35.633560
261.569285,96.125906,27.043535,35.143635
263.233706,96.301317,26.790239,35.774189
264.124579,96.351889,26.764635,36.610928
264.238946,95.980328,27.165472,36.220566
265.216762,96.362465,27.000757,36.194519
265.683353,96.647493,27.030914,35.950665
266.340297,96.402899,26.759386,35.780209
266.992903,96.068821,26.889706,36.480499
268.001998,96.446836,26.889841,36.273548
267.804846,95.873243,26.868855,35.949955
268.440042,96.271091,26.738255,35.993202
269.250792,95.485088,26.871151,35.987076
270.051355,95.868027,26.705143,35.711037
270.910176,95.324747,26.861189,36.497143
271.414163,95.346020,27.212370,35.967850
271.807604,95.905930,27.034779,35.939659
272.361471,95.813858,26.903774,35.833084
273.101012,95.993837,26.679735,35.362728
272.332696,95.698690,27.129225,35.972370
272.438936,96.060705,26.824200,36.422321
271.563619,96.129337,27.305410,35.607468
271.618546,96.297382,26.851278,36.947113
271.824992,96.926588,26.924181,36.155033
271.783352,97.739180,26.842407,36.413929
272.480490,99.899656,26.740986,35.963352
272.221007,103.854614,27.055590,37.067017
272.464031,107.103750,26.772141,36.416553
272.831672,112.212118,26.679003,37.790897
272.635049,118.797682,26.948118,38.018787
272.433504,122.295416,26.656231,36.726536
272.819871,123.454960,26.554632,36.188133
272.980458,124.577660,26.578382,36.685364
272.558018,127.086851,26.498039,36.365101
273.079000,127.808268,26.451221,36.307964
272.597836,130.397924,26.563690,36.051121
272.139107,132.523214,26.369675,36.700809
272.249163,135.188608,26.420696,36.788311
272.259794,137.902231,26.308331,36.755123
272.388521,140.827593,26.092815,36.989086
271.969340,144.167389,26.278376,36.951660
271.532150,147.883339,26.332039,37.118637
271.393620,152.368237,26.595093,37.295601
271.463126,155.957785,26.538233,37.185139
271.461633,160.122499,26.531012,37.317425
271.194020,165.601931,26.722601,37.476849
271.533725,170.070322,26.513582,37.325665
271.151329,174.840773,26.766121,37.545353
271.460122,179.192509,26.586630,37.196892
270.862170,181.744179,26.372683,37.384247
270.877807,185.065340,26.420305,37.686352
270.110062,187.647934,26.373680,37.308487
271.027714,190.096779,26.307320,37.508514
271.229416,192.139423,26.211281,37.744499
271.137903,193.936172,26.286274,37.911667
269.914453,196.805593,26.086470,37.236225
271.079956,197.684259,26.132011,37.810085
270.723724,198.064863,26.532707,37.607868
271.040947,199.023989,26.161446,38.417995
269.808269,198.728977,26.341181,37.714760
270.740100,198.741249,26.398966,37.403488
270.501448,198.866879,26.589024,37.900345
