233.000000,62.000000,22.000000,30.000000
233.643614,60.326237,22.268795,30.304863
232.848104,61.078456,22.174063,30.682184
233.767716,60.280999,22.695654,30.454847
234.159228,59.643652,21.216799,30.815357
233.934219,59.790447,21.980125,30.046669
233.818297,60.291016,22.142923,30.984550
234.266255,60.423178,21.549986,30.386471
232.939319,60.249170,21.769861,30.415485
233.457473,60.281206,22.632219,30.267757
233.940580,60.058374,21.606472,30.531132
234.122405,60.164846,21.503878,30.684704
233.725780,60.235600,21.921143,30.630348
233.233775,59.594994,21.722834,30.714844
233.488668,59.919092,21.942265,30.412289
233.624694,60.071430,22.406717,30.430901
233.826210,59.313341,21.616707,30.887531
232.739358,59.399560,21.890081,30.664717
232.694239,59.290842,22.241558,30.019672
232.447021,59.667953,22.431549,30.448387
232.802254,59.350863,23.007484,30.476986
233.454354,58.369436,21.855246,30.653751
233.547233,58.246773,21.804186,30.735535
233.101991,58.346533,21.936003,30.050549
232.453008,58.591367,21.632498,30.533247
232.361212,59.069744,21.754246,30.416359
232.012301,58.382357,21.950724,30.288990
232.365766,58.232706,21.915472,30.079960
231.857539,58.578533,21.762880,30.489044
231.670507,58.624501,21.700634,30.903166
231.539546,58.806479,21.648745,30.850956
231.993024,59.094137,22.279814,30.243793
231.407971,59.004188,22.167028,30.220873
232.261785,58.911264,22.174833,30.205257
232.387590,58.624398,21.783176,29.986303
231.798346,58.705369,21.876308,30.867865
231.774321,58.865273,21.661900,30.238096
232.405525,59.013994,22.211021,30.290150
231.321857,58.459042,22.218369,30.440292
232.032234,58.583014,22.397278,30.347698
232.230230,58.704033,21.706089,30.632401
232.481530,58.479887,22.029768,30.442982
233.162670,58.347122,22.213951,30.454208
232.372756,58.725521,21.711405,30.548706
232.927103,58.810978,22.023998,30.248039
232.250823,58.523265,22.482836,30.535418
232.766654,58.899817,21.942606,30.221735
232.689713,58.627201,22.010246,30.306412
232.562357,58.436502,22.044231,30.545559
232.620996,58.532060,22.078907,30.308638
232.778677,58.738206,21.772030,30.608809
232.776059,59.452007,22.020636,30.483086
233.022898,59.181452,21.953480,30.275082
233.330300,59.871943,21.654577,30.474833
232.470666,59.252632,22.180838,30.331894
232.709710,59.962015,21.990408,30.686100
233.092841,60.207046,21.441568,30.213732
232.711796,60.451777,22.093292,30.022684
233.059903,60.638017,21.830656,30.579977
233.780640,59.998630,21.318161,30.742373
233.002200,60.668192,21.999918,30.441280
233.069170,61.026998,21.905392,30.381117
233.205350,61.486076,21.649885,30.449959
232.267284,61.558191,21.915016,30.589710
233.366653,61.123439,22.228714,30.504534
233.285706,60.906048,21.478760,30.548744
232.556905,60.392108,21.805616,30.474764
233.452192,60.592603,22.844128,30.079832
233.614244,60.624557,21.898632,30.247841
233.534888,61.067041,21.577150,30.594845
232.782644,60.668629,22.147869,30.524574
233.837230,61.177754,22.089884,30.509687
233.170803,61.378648,21.777977,30.391714
232.767476,60.756020,22.007895,30.694504
233.303043,61.068521,21.738525,30.588774
233.106870,61.067039,21.765112,30.972649
232.871600,60.291138,22.195253,30.778999
233.573847,60.915203,21.995358,30.433212
232.687673,60.738390,21.831831,30.430706
232.300975,60.898374,22.102297,30.580893
232.947680,61.301969,22.220499,30.399054
232.480341,60.715905,21.959179,30.361204
233.307583,61.114051,21.986168,30.372370
232.362811,61.341595,22.135241,30.583740
232.592145,61.138952,21.606863,30.644413
233.043560,60.808573,21.491310,30.341419
232.838440,61.441773,21.869064,30.518744
232.538266,59.944940,21.555929,31.032866
233.162678,60.739519,22.050781,30.253880
233.165630,60.034439,21.893280,30.413292
233.297009,60.365677,21.735266,30.837494
233.444594,59.932679,22.062243,30.742949
232.708943,60.256151,22.631987,30.616016
232.873343,60.012120,22.343454,30.466986
232.174089,60.236239,22.647640,30.694071
233.612908,60.151963,22.647818,30.376722
233.211959,60.369433,22.473177,30.531923
232.879827,60.601536,22.000591,30.610512
232.754779,60.614870,21.700151,30.064205
233.177198,60.861444,21.735416,30.335224
232.175105,59.853189,21.711000,30.870413
232.319775,60.918335,21.938889,30.352615
232.639005,60.847066,22.232115,30.310530
232.171943,60.756792,21.732088,30.641727
232.363919,60.831211,21.953733,30.359535
233.045499,60.663191,22.157484,30.443211
232.869333,60.398234,21.976810,30.722338
232.565604,60.207526,21.625650,30.702814
233.071271,60.283940,22.068953,30.393980
232.453132,61.079379,21.890009,30.810244
233.011621,61.327168,21.983091,30.375572
232.191966,60.413182,22.220560,30.380972
232.701619,60.595072,21.959837,30.205372
232.048962,60.717265,22.052841,30.610704
232.948885,61.050391,21.940197,30.544458
232.587107,61.648699,21.838581,30.297153
232.803063,61.433614,22.014593,30.870260
233.447163,61.401311,21.887100,30.715895
233.067996,60.808611,22.478670,30.512325
232.738362,60.627582,22.120184,30.475374
233.123968,61.147094,21.835575,30.511324
233.346693,61.571710,22.081318,30.499540
234.165495,61.201876,22.085812,30.520145
233.693670,61.690776,22.061634,30.761065
233.863050,60.951185,22.288885,30.344074
233.020857,60.726595,22.271778,30.837132
233.585831,60.867855,21.810890,30.552139
234.159558,61.186428,22.088873,30.707054
232.754263,61.091082,22.474911,30.561069
233.946252,60.967336,22.511396,30.536100
232.567945,60.931154,22.711271,30.561398
233.358297,60.890244,22.354115,30.683060
233.395042,60.198094,22.760033,30.587797
233.891174,60.601080,22.025093,31.102131
234.734012,59.721443,22.668360,30.810150
234.194717,60.122487,22.465919,30.570906
234.795713,59.698870,22.037121,30.701359
235.262481,59.420921,22.160929,30.760979
233.984408,60.255141,22.744005,31.038630
234.164674,60.272882,22.443068,30.895605
234.636775,60.209934,22.389063,30.743332
234.456453,60.833271,22.121220,30.742867
233.506271,60.619526,22.706764,30.197289
233.851979,61.115742,22.363173,30.702759
232.694082,61.107717,22.662495,30.503439
233.349840,61.383869,22.305904,30.793526
233.180243,61.257779,22.735455,30.624838
232.912608,60.551951,22.527895,30.584208
233.301783,61.409087,22.397968,30.840967
233.011467,60.804132,22.505722,30.567625
233.637543,60.362722,22.705406,31.071880
234.167830,61.017607,22.188068,31.088917
234.032055,60.581948,22.030716,30.621222
233.531565,61.260832,22.607075,30.710773
233.492216,60.616584,21.990200,30.726839
234.228194,60.970244,22.333704,30.870432
234.483529,61.355765,21.643919,31.118273
234.067812,60.734324,22.310101,30.942820
233.668529,61.179805,22.529085,30.471468
233.902356,60.707330,22.722380,30.562246
234.018859,60.736376,22.149385,30.885502
232.646989,60.293113,22.910040,30.627695
233.564359,60.168036,22.475805,30.651394
233.486764,60.311090,22.435637,30.867870
232.787562,60.296138,22.445826,30.685884
232.393265,60.379877,22.562691,31.001652
232.879132,60.338429,22.461477,30.990240
233.293436,60.399714,22.252712,30.584009
232.844874,60.595301,22.696016,31.017445
232.976440,60.331671,22.221260,30.840206
232.001180,60.761127,23.231398,30.756525
233.879556,60.099231,22.184965,30.703218
233.510164,60.149452,22.859798,30.875961
234.320442,60.431925,21.993317,30.862377
233.201765,60.897061,22.342892,30.959967
233.808636,61.146860,22.378845,30.496548
234.014366,60.461638,22.098557,31.148241
233.027637,60.287578,22.115639,30.849169
233.142371,60.836234,22.252520,30.745173
233.382819,60.624147,22.221148,30.670628
232.905761,61.332061,22.861429,30.978220
233.762013,61.308822,21.973677,30.448969
233.464231,60.441638,22.357639,30.567217
234.070604,61.063741,22.420475,30.375296
233.647134,60.639510,22.329199,30.584917
234.413405,61.175827,22.453020,30.684074
234.203236,60.825109,22.558434,30.808661
234.079894,61.065587,22.897753,30.803495
234.548502,60.805548,21.960133,30.730152
232.932611,61.316194,22.860035,30.365477
234.463733,61.506758,22.706209,30.680805
233.394959,60.973284,22.780409,30.421314
233.822141,61.062230,22.386404,30.775267
233.425839,60.934481,22.535536,30.892681
233.797663,61.290187,22.241039,30.695444
234.135013,60.858997,23.146311,30.652084
234.819568,60.410896,22.025393,30.922241
234.510540,61.198897,22.081924,31.036051
233.696554,61.042912,22.703022,30.673895
233.620700,61.265281,22.662127,30.774370
233.691672,60.094516,22.199442,30.805574
233.971616,60.572301,22.445539,30.742002
233.628830,60.676146,22.022621,30.711552
233.978361,60.322101,22.018772,30.599443
233.524769,60.521194,21.937874,30.611284
233.395101,60.940195,22.889196,30.587719
233.253440,61.014371,21.853739,30.757803
233.581270,61.118214,21.875568,30.459419
232.423412,61.031142,22.329330,30.567072
233.036521,60.072227,22.655710,30.643272
233.796243,60.903819,21.790022,30.797548
232.518546,61.086196,21.972063,30.951883
233.260141,60.639895,21.827282,31.027605
232.473983,60.420675,21.842775,30.566921
233.006565,60.710279,22.275627,30.599346
232.246080,60.435560,22.220646,30.653477
231.860179,61.135106,22.408556,31.128172
232.261154,60.782513,22.750992,30.441071
231.877626,61.418900,21.999889,30.816305
232.945659,61.655923,22.349787,30.078299
232.628253,60.821223,22.070612,30.736567
232.168465,60.921028,22.729507,30.971176
232.784799,60.906927,21.915907,30.993771
232.155371,61.343563,22.808537,30.355171
231.935750,60.628717,21.849928,30.550419
232.140491,61.063383,21.983973,30.740131
232.699166,61.301572,22.459257,30.144621
233.187689,60.243992,22.308323,30.320328
232.109978,59.448685,23.108292,30.532425
233.685176,58.673619,23.140429,30.599699
233.711212,58.382313,22.060860,30.207031
233.817577,56.931381,22.655182,30.483368
234.446831,55.348017,22.974785,29.417789
235.232905,53.239392,21.909273,28.790747
235.047889,48.935695,21.908518,30.535357
234.484783,47.676661,22.786430,29.490009
234.219992,45.211896,23.507862,29.592352
233.123805,42.428701,23.731081,29.813984
233.003365,39.290999,23.319992,30.807924
231.104650,37.672028,23.412533,31.273361
230.876456,36.180663,23.263918,30.797342
229.968743,34.098434,22.736723,30.968590
229.788008,33.835975,22.697193,30.472643
229.716946,33.335491,23.372414,30.520729
229.142085,31.974020,22.671808,30.868961
228.087788,31.087239,23.751450,30.876379
228.783171,29.423985,23.177914,30.808958
227.724147,27.992859,23.323008,30.918167
227.641571,26.557411,23.363159,30.877289
225.778936,24.732388,23.628498,30.620934
224.468794,23.647457,23.384556,30.139427
224.498741,23.472852,23.904556,30.716475
223.028504,24.240699,24.163519,30.410753
222.277243,24.871375,25.155163,30.829882
222.479945,28.025029,25.271860,29.961531
222.395084,29.883006,24.255150,29.699511
222.074615,32.357387,24.318132,30.397631
222.164890,36.256260,24.085503,30.641319
222.538688,39.715927,23.834406,30.319176
224.214229,42.830383,23.748194,29.270500
223.850644,46.134902,22.551054,28.826975
225.601730,47.833373,22.235703,29.133089
225.915299,50.476119,21.614538,29.836954
227.040992,52.550174,21.375170,30.373133
227.348022,54.613595,21.737648,29.908804
228.671100,56.159581,21.646006,30.403120
228.776314,58.865023,21.218758,30.031467
229.464259,60.587996,20.905420,31.129190
230.188319,62.284474,21.153543,30.401434
229.355742,64.806435,20.883038,30.197052
229.312855,66.380466,21.478180,30.284586
227.627490,67.937564,22.128794,29.848536
227.923557,69.928695,22.168526,30.509089
226.618341,71.350341,21.986683,30.269373
225.196478,74.871604,22.721394,30.314272
224.473014,76.089868,23.670351,31.225599
224.436138,78.885869,22.755829,31.016005
223.938109,79.918889,23.721468,31.332586
223.648796,80.712404,22.671677,30.902599
223.245505,82.414455,23.483614,31.259697
223.202991,82.821146,23.846832,31.309505
222.467598,84.439915,23.848770,30.839447
222.439352,85.182240,24.083843,31.150991
222.507843,85.079218,23.884171,31.702549
222.332227,85.937525,23.380331,30.915699
222.322678,85.796791,24.009842,30.921722
222.716758,84.592429,23.705660,31.175585
223.464793,84.390634,23.578485,30.890280
222.956529,84.295219,23.973845,30.933548
223.920262,85.126748,23.447050,30.856627
223.179194,84.741893,23.191347,31.030375
223.816575,85.841617,23.377638,31.857653
222.066887,86.570107,24.625763,31.333532
225.466401,88.724724,23.503134,31.697029
225.147877,89.141206,23.770546,30.409079
226.197836,90.020515,23.908070,32.141495
226.526479,89.604073,23.809935,30.587990
228.825140,89.527686,24.256626,31.052523
230.816180,88.768635,23.501909,31.302032
231.228794,88.271200,24.767380,30.590069
234.009756,88.004103,23.917187,30.483349
236.758703,87.521989,24.182735,30.893042
236.909119,87.528406,25.645935,30.113834
237.682714,86.174299,26.847797,30.154446
241.191995,86.334012,25.660521,30.948614
242.461629,85.864044,27.915014,32.645531
245.788028,85.500059,26.846773,34.144428
247.907191,84.796419,26.359812,32.261517
249.924956,85.214254,26.084627,34.286259
252.692290,84.700306,24.641100,33.895821
254.224042,83.536341,25.520094,33.990620
256.663606,84.104906,24.839117,32.432995
257.491310,82.919157,25.344170,32.789478
259.320517,83.486973,26.548702,32.599228
259.988717,83.036308,25.690077,33.349068
261.963736,82.361151,24.546093,32.569180
262.793303,81.938055,23.573017,32.509724
262.587922,81.238213,23.884596,33.372429
263.096576,82.422167,23.299265,32.853283
263.288003,81.703106,23.533400,33.215416
263.614959,81.029104,23.000071,33.287441
263.136309,79.691488,22.737141,32.093273
263.464399,77.250008,23.442822,32.407173
263.362817,74.125818,23.810080,30.620594
263.179187,71.103148,24.590265,30.605320
263.128273,66.121778,24.684250,32.036755
262.443236,62.245591,25.204180,31.652006
261.327007,57.621544,25.224564,32.965828
262.834468,56.760815,24.953890,32.105797
263.033977,53.027996,24.880701,32.432625
263.154118,50.605862,25.353020,32.285339
263.450970,48.081893,25.150360,31.339792
262.636312,45.240852,25.619434,31.885826
263.118496,42.059368,25.181519,32.413033
263.892416,38.927811,25.190037,32.817955
264.064203,36.361885,25.008556,32.951469
263.532107,32.427795,25.044100,35.957825
262.801649,30.352543,25.801167,36.521843
263.742614,30.696629,26.155031,35.151497
262.886244,31.122303,25.327679,33.788780
262.428970,28.664204,25.466766,34.785248
262.111114,27.970175,25.275080,34.283649
261.060451,28.114096,25.820444,33.408054
260.626648,29.072170,26.056015,32.196579
259.667609,29.659611,26.317568,32.442123
260.137346,31.265711,27.199726,32.169743
259.713707,32.662888,28.306061,32.883041
260.892124,32.046589,27.608467,35.107964
260.708390,37.486893,27.076452,32.179398
260.141791,40.442225,28.312601,32.028629
260.399650,42.434599,28.919352,32.044689
261.510864,44.118280,28.298119,32.390354
261.300835,45.072220,27.980003,33.148834
262.135242,47.204452,28.006563,31.414354
261.316784,47.461750,24.558945,32.822395
260.414121,49.416460,25.439787,32.662663
259.350727,52.727568,25.868034,31.381886
258.291240,55.322418,24.856760,31.199432
256.020046,57.833859,24.905365,30.646414
254.829590,59.687536,25.821465,32.332043
251.607771,62.277714,25.432369,32.263092
248.306809,65.651440,26.665869,31.847046
248.627570,69.037740,22.578875,29.630827
245.980797,71.625249,23.718277,29.649275
244.753124,74.523233,23.037735,29.843151
242.353198,77.922628,23.725733,29.837444
240.256702,81.277516,24.640083,30.614202
238.208439,82.942872,23.314400,30.772367
236.151754,86.339055,23.832928,30.665602
234.502631,87.844063,23.823534,31.565079
230.696273,88.599723,27.864893,31.402826
229.507007,90.540705,27.030565,31.170933
229.739312,92.189570,24.737112,30.697138
228.720339,93.927052,24.368900,30.534180
228.563938,94.919004,24.203362,30.588406
228.486758,94.933661,24.547358,30.912806
228.750284,95.566212,23.828594,30.576859
227.953548,96.048255,22.727852,29.938875
227.768333,96.157044,23.604874,30.319639
227.020598,96.239640,23.538401,31.151976
228.042870,96.617376,23.282234,31.633251
227.802721,95.877390,22.839069,31.270695
227.437980,96.014051,22.889139,30.380733
227.427000,94.644633,23.142529,30.610910
228.504771,92.660590,24.089464,30.176950
227.879918,87.687878,24.468779,31.075340
228.238060,82.516873,25.153114,31.863424
231.007244,78.974824,23.666321,30.431265
231.791996,74.755067,22.824966,30.475782
232.637414,70.428373,22.228094,30.275394
232.226899,66.197106,21.318838,30.191313
231.199853,63.181060,22.004782,30.032358
230.665382,58.764565,21.359474,30.528158
228.714420,54.966418,22.202126,29.757509
228.929726,52.356036,21.382500,30.235468
226.082418,49.586774,22.634945,29.501997
226.096081,47.303437,22.064201,29.000418
223.553199,44.032831,23.313402,29.668766
223.551172,42.588168,22.349255,29.752733
221.887003,40.731036,22.601337,30.285509
220.377037,39.645768,24.159264,29.975889
220.712551,37.536608,24.104004,30.233974
219.798236,36.106160,23.359430,30.538221
219.335273,35.282998,24.517939,31.467886
218.724656,33.805498,23.888418,32.767765
218.566594,33.961182,25.007650,32.293053
218.853331,33.314652,24.405598,31.849058
219.045355,33.480822,25.486958,31.937725
219.533975,33.752277,25.827719,31.734932
220.783647,36.080576,25.234312,30.165462
223.191669,37.391921,24.577883,29.516771
225.093851,39.603701,25.021053,29.252071
227.150714,41.076225,24.069033,30.473068
229.002106,42.880115,24.374680,30.819727
231.662135,47.311805,25.638430,28.870501
234.337029,49.942346,24.656027,29.094297
236.235050,51.906088,24.505058,30.449070
238.525320,54.614765,24.300533,29.938789
240.991822,57.057981,26.334013,29.949299
244.208291,59.661808,25.304464,29.769753
246.462060,62.689675,24.814741,31.393354
248.779413,66.165071,24.356998,31.039396
251.376242,68.740716,23.733280,31.833158
253.390422,71.097309,25.037066,33.129593
254.326473,74.619978,25.535339,32.644749
255.825323,77.418154,25.306461,32.334698
256.915440,79.205147,25.319115,33.439980
256.965029,81.746542,26.610912,33.764706
256.539501,82.561272,27.540611,33.322906
257.998818,86.340611,26.609388,32.898918
257.816477,87.689390,28.835354,34.749241
257.414013,88.452579,27.291077,32.975494
257.642166,90.083595,27.766212,34.092667
257.368965,90.632072,27.004494,33.973167
258.098535,90.398647,27.840422,33.629028
257.491769,89.935923,28.274076,33.403576
258.340911,90.213058,26.971605,33.523186
258.381409,90.449604,27.573448,32.982697
258.366213,91.258978,26.510387,31.499546
257.695509,90.866100,27.406567,32.384354
258.714342,91.031998,27.574856,34.186920
258.599997,89.334888,26.638233,32.998482
258.994548,89.620529,27.786928,33.491203
259.763402,86.264719,27.043653,32.724186
259.625797,83.414361,26.160088,31.616827
259.064431,79.881578,27.545988,32.468410
259.515708,75.173143,27.346453,32.022610
259.305572,70.312992,26.497004,31.638908
260.787809,65.810329,26.909092,32.145744
260.810040,60.671967,27.825666,32.693764
261.055774,56.847039,25.522356,30.914953
261.878174,51.279789,27.009644,32.106812
260.974827,47.338152,27.427368,31.583706
261.327341,42.988225,26.708668,31.942732
262.541818,34.253748,26.377073,37.911510
262.327055,33.174812,23.865620,33.961517
262.315080,31.866503,25.052984,33.831623
261.982364,29.539433,24.256411,34.091248
261.617332,27.610336,24.494858,33.307030
261.550182,26.741829,25.062424,33.737343
260.024903,28.182213,25.636976,32.766769
261.391107,26.564903,25.366697,33.712425
259.638877,26.948441,26.386423,33.622566
261.395524,27.516197,24.374014,32.539772
262.445919,27.966911,24.553574,32.824554
263.274790,28.470568,24.137592,32.977337
264.878065,28.840324,24.309612,32.890709
267.358867,29.699987,24.282312,32.396275
269.625612,30.860364,24.965115,31.893950
272.178416,32.241342,25.698687,31.991423
277.094142,32.298647,23.619982,32.760601
281.491426,32.629305,24.549366,33.051327
285.499978,35.194363,23.928068,32.307625
290.118343,35.756685,23.211967,32.459064
292.947138,35.661478,23.439945,32.949528
296.225226,36.260311,23.210550,32.871986
299.490091,36.280619,24.127575,33.472446
301.665519,37.076937,23.079760,32.329754
303.844345,36.672216,23.285751,33.020184
304.753793,36.567369,23.423201,32.407642
304.466367,36.990961,24.334547,32.314526
304.817762,36.184917,24.161137,32.787994
304.516108,36.955687,24.381458,32.783375
302.522346,38.139515,24.312273,32.638489
302.615222,37.659220,23.927660,32.745953
300.592885,37.977297,23.550734,32.463032
298.323929,37.582481,24.184204,32.735001
295.423986,38.297611,23.428844,32.691437
292.059469,37.605152,23.391010,32.537949
288.908245,38.600216,23.147469,32.158119
285.603298,37.490074,23.352959,32.825706
281.166795,39.643424,24.074331,31.847452
276.997953,39.061707,25.483425,32.377556
274.876663,38.418999,24.971519,31.634705
269.753563,38.170885,25.219948,31.328465
266.504501,37.144440,24.047020,32.407547
261.412719,35.069216,26.009645,35.234715
258.671538,35.433626,27.055025,34.668613
255.125708,35.564589,25.210835,33.862720
252.945378,35.618282,24.493795,33.386543
249.161772,33.482498,25.414433,35.677902
247.511551,34.444719,26.632622,35.040493
245.469018,38.642726,24.479361,30.304178
242.387101,37.250027,24.974508,32.085777
240.078158,38.259906,24.315775,30.824183
237.252181,36.511057,26.068865,30.906681
234.552259,36.442036,26.004925,31.199646
232.428539,35.416231,26.038338,32.442677
231.584498,36.031972,26.226313,31.541159
228.754087,35.736993,25.532291,31.861479
227.510267,37.118234,24.018421,30.491835
226.446759,36.437923,23.064741,31.070091
223.090184,38.385123,25.951796,29.436586
223.319960,36.822487,22.927326,30.631668
222.400066,37.197644,23.457977,30.194189
220.300231,37.534836,23.118021,30.222069
219.310806,36.573242,22.441216,30.494392
218.169351,37.457594,22.561346,29.815136
217.341041,37.242118,22.232409,30.394159
216.354984,36.947428,21.868134,30.814800
214.775053,37.206577,22.181210,30.169426
213.499887,36.838515,22.379650,30.890039
212.565407,37.305485,22.101891,30.886551
213.085600,37.630196,22.739033,30.605583
213.331306,37.971230,22.218027,30.567657
213.107953,38.045578,22.125509,31.012634
212.713800,40.018063,22.298130,30.742119
214.614332,41.556471,22.420620,31.481693
214.104438,44.307010,21.995188,30.711718
214.224135,47.403121,21.690310,31.294207
213.908769,51.831984,21.726469,29.863148
214.421149,56.751241,22.171724,30.602926
215.564336,60.947610,21.821470,30.035543
216.194813,66.808623,21.689766,30.511934
216.010917,70.952749,22.013063,31.191387
216.586690,76.724179,21.709776,30.998884
218.404758,81.415349,22.022545,29.873671
217.612466,85.488055,21.999052,29.689035
218.142360,90.633371,22.892023,30.680027
217.474591,95.296981,22.573408,30.815462
216.756283,97.391014,23.054375,31.637772
216.476748,98.821884,23.407816,32.467995
215.680314,101.154029,22.900854,31.234926
215.061046,103.040742,24.396044,31.416182
215.622049,103.496505,22.904644,31.285189
215.640997,104.202818,23.216679,31.127949
215.369815,103.179743,23.902063,32.565434
215.608088,103.780518,23.147791,31.555710
215.310843,101.771933,23.678936,32.178585
216.352462,101.598612,22.997400,31.981373
218.020645,99.981040,23.146400,31.966311
219.311486,99.474164,23.623960,30.963247
219.474034,97.936836,23.981009,30.953545
221.637691,95.628338,25.162340,30.039482
224.830956,93.889003,25.053627,30.325449
228.223800,91.580910,24.434328,30.549026
232.164038,90.151123,24.767826,31.560585
234.137034,88.559001,25.654795,31.201784
239.211065,87.302616,24.890369,31.548813
243.867649,85.475824,26.074043,32.650440
247.188459,84.707445,25.606159,31.831692
251.299881,83.201773,28.477783,32.144070
254.352357,82.376869,25.050650,31.618942
257.196207,81.592583,26.218403,32.396240
258.947091,81.320986,25.953016,33.374783
261.548417,80.202973,25.770643,31.966032
263.311468,79.560383,24.694386,33.729012
265.706658,79.957188,23.772383,33.124199
268.039624,79.209085,23.273100,30.784328
269.110682,78.975803,23.032658,31.030365
269.657081,78.945715,24.442354,30.431622
270.189743,78.549964,24.370972,31.237520
271.490641,77.989236,23.609463,30.847540
271.976580,78.836093,24.053852,31.117334
271.196980,78.991449,24.383535,30.822918
271.544331,77.967622,24.762329,31.991842
272.010412,78.712489,23.480404,31.428133
271.461060,78.596835,23.710381,30.721201
270.882510,78.862865,23.832827,30.958191
270.496661,79.244965,23.521982,30.774834
269.724818,77.158689,23.081179,31.752499
267.750367,75.160465,23.671835,32.197739
264.685389,74.300982,25.060986,31.382694
263.215066,74.071348,25.354002,31.950047
260.931842,72.511978,26.499437,32.365875
258.310444,70.789539,25.520164,34.063736
255.250593,70.513481,25.007442,33.270012
252.204076,70.351618,24.342527,33.268658
248.449962,69.922882,25.096056,32.703773
245.952029,69.779375,24.335642,31.639172
240.856109,70.664918,25.732637,30.900846
239.550686,69.863867,23.523674,32.015308
238.001405,70.306947,23.340322,31.259687
236.217572,70.943035,22.793501,31.096527
234.925793,70.075108,22.960129,31.173050
234.065556,69.940660,22.912140,31.465427
232.590549,69.446503,22.899734,30.900658
231.719622,70.370448,22.305164,30.507456
231.573967,69.241022,22.820023,30.738384
230.422228,68.037869,22.521877,30.575567
230.303677,67.421082,22.632973,30.908638
228.641055,66.757816,22.798677,31.061302
227.932168,65.648243,22.510405,30.909370
228.394897,64.638949,22.365183,31.149462
226.985940,63.285763,22.181158,30.997360
225.771854,61.290816,22.320335,31.420923
226.010734,59.345844,21.484995,30.909782
225.237088,57.009442,20.955275,31.439146
223.950982,55.751315,22.087812,30.794222
223.554289,53.296947,21.398373,31.173426
222.496902,51.543913,22.091639,31.008572
221.211684,49.518824,22.176767,31.491650
220.954436,48.381355,22.102404,31.316238
219.723756,47.114758,22.510603,30.441320
220.104970,45.327932,22.393156,30.475109
219.097930,44.076110,22.071177,30.158602
219.748085,42.560312,21.856865,30.081036
218.666282,41.556738,22.760279,29.047207
217.069903,39.643578,23.562777,28.518547
217.689094,38.595569,23.552462,28.659464
217.989985,35.926130,24.614727,30.162121
217.307776,34.068468,23.049410,29.822430
217.502699,32.836143,24.712826,30.242409
217.243670,29.408197,23.773205,31.391811
215.924770,27.902420,25.458168,32.344261
215.186021,26.613611,25.434851,31.795040
215.301962,26.318635,25.427837,30.681479
215.107635,26.620378,25.344780,30.392622
214.722165,26.232600,24.508451,30.735941
213.362335,26.429929,27.200813,31.029402
214.350412,27.404508,25.900143,30.749472
213.926103,27.300439,24.245375,31.094984
213.130354,26.942205,28.194439,31.854740
214.182745,27.125452,24.939808,31.015965
212.914593,26.846522,26.439995,31.764673
213.747608,26.971163,27.489021,32.104931
214.713009,27.797632,24.811951,30.730152
214.354362,27.157840,25.009951,31.143320
214.372176,28.100669,25.922495,30.941271
214.684363,28.636283,25.726976,31.130396
214.998520,29.237847,24.836990,31.104666
215.559532,28.778086,25.820946,31.668079
215.726201,29.690960,24.884008,31.405281
215.863205,30.972062,25.062363,30.543310
216.458097,31.000028,24.975973,30.698286
217.770664,31.610418,24.400322,30.528461
218.853802,31.708363,23.683968,31.307365
220.063672,32.667966,23.419287,30.962744
220.653312,33.807808,23.061136,30.169998
222.522632,33.385679,22.304293,30.552784
222.404170,32.849936,22.269800,31.535107
222.184388,33.936745,22.495131,31.413017
222.473136,33.482283,21.996874,32.125370
222.484939,35.725429,22.002504,30.987597
223.095918,37.860670,21.318594,30.484913
223.542859,42.827328,21.370039,29.029594
224.949673,42.837337,22.310310,31.295305
226.426637,44.883328,21.043211,30.228186
228.340000,44.626422,21.812263,30.050989
229.108139,43.277228,23.038208,28.273882
231.073725,38.586307,24.884823,30.794489
232.677543,37.543826,24.389223,30.820986
234.690145,36.011059,24.163136,29.641800
237.286998,33.866999,23.908617,29.491108
239.525294,31.274082,25.373590,31.783249
242.491029,28.856504,24.883001,33.302509
244.307745,27.931816,25.905010,33.208145
247.426909,26.518440,26.456522,32.554382
248.106718,25.866531,28.391003,33.662743
250.775742,25.491648,28.392693,33.727131
252.901166,25.041498,27.760557,34.104748
254.218516,24.510384,28.442232,34.052597
255.509331,23.422401,27.847664,34.757568
256.190738,23.455137,27.013086,34.551426
256.398636,22.873732,26.075661,34.055080
257.100150,22.693962,26.590723,33.094315
256.039024,22.161783,26.085274,33.746464
255.646785,22.122019,26.941240,34.332859
256.084176,23.543915,27.221571,34.662529
255.881872,23.356539,28.116039,36.965267
255.213245,23.888905,28.547836,37.694893
253.924896,27.113453,27.549843,35.489876
250.698253,31.874331,25.542681,32.074505
248.122770,33.255774,24.549328,32.442753
242.591853,31.704367,27.468699,34.238583
239.830658,35.359007,26.311829,32.699078
233.301254,33.913836,26.257675,30.093172
229.866331,34.740738,26.742802,30.540222
225.819647,33.918104,25.762463,30.341480
223.015945,34.360445,23.919746,30.220730
222.474436,34.292296,22.150524,30.310038
220.356930,32.497458,23.450294,31.614893
218.408490,30.762389,24.470030,31.959597
218.043655,30.295212,24.975533,31.412689
218.563491,29.493892,24.630419,30.616861
218.350945,29.598277,24.616278,30.818201
218.379005,29.327545,24.691040,30.483131
218.144135,29.323359,23.659040,30.552530
218.492714,28.899299,24.851463,31.269663
218.822354,29.121237,24.629103,31.319370
219.318369,29.215765,24.425800,30.850964
219.217198,29.086164,24.487211,31.002491
219.787690,29.163141,25.627981,30.812634
220.293692,29.236600,25.104504,30.484091
221.151839,29.055003,25.186960,30.460794
221.584401,28.897442,25.129507,31.175362
221.580958,30.154549,24.408998,30.971992
221.817575,31.697104,23.577414,30.408937
221.949983,36.364714,22.795713,28.058605
223.035873,39.211819,23.260544,28.900093
222.807380,41.213487,21.330248,28.662199
222.602736,44.638284,22.572336,28.918837
222.961329,47.046794,21.174440,28.954042
222.056908,50.471858,20.946541,29.805407
221.279490,55.014663,21.500340,30.240282
221.327132,59.068413,21.416521,28.735062
222.456585,61.884597,21.589653,28.255098
222.878483,62.804090,20.832069,29.521252
224.390519,63.668158,21.274366,29.518482
224.633087,64.421970,20.457672,29.583527
225.718690,64.114568,21.824858,29.672728
225.768717,64.979528,21.003429,29.468754
226.347418,65.241028,21.669033,30.003777
225.778134,66.319804,22.547842,29.844774
225.629553,64.654442,23.540997,30.924973
225.885018,62.623456,24.049543,29.937002
226.757845,59.485687,23.493504,30.396072
227.591341,55.909666,23.752308,29.787174
228.826347,51.749817,23.445663,29.580170
228.877706,47.133495,22.993689,29.093330
230.934920,43.196566,24.118868,29.814983
230.911758,39.788486,22.828201,29.344307
231.990062,39.350088,23.150209,29.888935
231.231017,39.834590,24.072962,29.507425
232.216561,41.669102,23.753836,28.517235
231.831636,40.291694,24.564610,30.352991
233.096199,40.527386,23.854080,30.632698
232.441642,37.639606,23.182474,32.333504
234.033513,36.948313,25.351454,32.125179
234.096742,36.730600,23.425894,29.297207
233.705663,35.615695,25.633978,31.106249
233.765577,35.521341,22.958309,29.132496
234.043742,36.286933,24.371408,29.594492
234.272071,35.123637,23.464258,30.747072
234.138530,35.277279,23.872126,30.414215
234.508137,35.525974,23.709206,30.601280
234.570665,34.618743,22.564198,29.155985
234.505906,33.618191,24.846380,30.548248
235.056489,35.591770,22.240461,28.275299
234.620024,33.839174,22.902973,29.034733
235.077744,33.851015,24.914177,29.693729
235.403745,33.657940,24.167402,29.648102
235.981740,34.997204,23.101507,27.737274
232.780621,31.755870,25.337746,29.789019
234.477183,31.761076,23.948381,30.523846
232.846745,30.633605,23.964926,31.862917
231.986547,30.346684,24.577778,32.821022
232.403644,30.933701,23.039293,28.925903
230.943315,29.913364,22.474531,27.063141
231.112430,30.916388,22.617319,25.690945
230.361954,28.653405,27.191055,30.809179
231.494030,31.999562,21.851089,25.486876
231.124651,31.024670,21.662060,25.003052
231.127167,30.784524,21.649300,26.064962
231.090063,30.836700,23.396282,27.805244
229.782498,31.010928,22.261755,27.774973
229.284139,30.859977,22.270262,27.405268
229.175783,30.728628,22.226948,28.541660
229.172442,32.545029,21.324282,26.738800
228.932601,30.898050,22.555811,27.772312
228.671345,30.551303,22.853905,28.532534
228.985288,30.502449,25.095541,28.514572
228.345916,28.578575,22.782000,29.196655
228.247038,28.786674,23.433666,30.374352
229.934950,29.435192,23.749722,29.860626
229.431989,29.924247,22.150076,27.631121
229.058827,29.217493,21.817602,28.410374
229.080795,28.332014,22.929665,28.778416
228.903845,26.099092,22.937305,31.502872
229.249706,23.504150,24.706924,33.915817
228.396267,25.092728,25.235634,33.684822
229.849497,27.031820,24.925198,34.002048
228.822293,27.859819,27.250303,33.683720
228.487386,31.087921,29.955084,32.048355
227.872778,30.610239,31.371693,31.460842
224.863169,31.383150,33.575672,32.546078
225.841675,31.385196,33.721596,31.489939
225.618809,31.722957,32.072983,29.072870
224.836201,31.359815,32.128052,28.309340
225.434054,32.012014,31.727045,27.234104
225.316908,31.822586,32.131840,25.893730
225.427700,31.179741,31.386070,26.272926
224.543160,29.836533,31.468809,26.460258
226.111418,31.105567,31.596462,24.713968
225.309667,30.471283,31.531370,26.034492
224.389832,28.452770,32.167702,26.276253
225.366323,29.032792,32.812656,25.737516
225.861666,29.741822,32.240597,25.278463
225.968306,28.796865,32.722843,25.763660
225.847980,30.450442,32.388329,24.802721
226.058531,28.635652,32.047352,26.940306
227.229942,31.317532,33.526749,25.536560
227.646444,31.008021,34.313282,27.980494
229.982688,30.926212,31.548998,27.966812
232.164391,30.934693,33.217789,28.299597
233.593080,30.380945,29.045866,29.454533
233.657943,28.862079,30.962885,30.047846
235.153090,31.853600,27.044804,27.853859
234.909329,28.980928,29.312223,29.700825
235.590702,29.052116,29.404404,31.222191
236.060601,29.922100,25.879728,29.474907
235.398190,29.061259,29.102247,30.886171
236.678618,29.546642,25.858690,30.425415
237.188919,29.379809,29.467400,31.212557
237.646269,29.283036,27.669392,31.691336
237.410643,29.830318,28.911243,32.258972
237.082361,31.183846,25.873180,31.919851
236.430137,29.921496,25.659372,31.427423
236.578191,30.897151,26.719114,29.757669
236.387125,31.718549,23.320042,30.180655
235.226805,31.766909,25.528851,30.515820
235.319215,33.470276,26.103476,29.058136
235.374710,33.468164,25.199692,29.168690
235.583821,31.862810,26.393148,29.825954
236.515091,33.043182,25.511635,28.279968
236.851707,33.813396,24.890909,27.012705
236.909745,33.311291,25.302893,27.509247
237.280676,32.794556,24.288525,26.878326
239.777260,32.396055,23.608864,28.040592
242.145957,32.293520,23.002748,28.947048
242.671492,32.145247,21.987095,28.009350
243.664240,32.276577,21.653255,26.999649
245.434646,32.252638,21.075266,28.138729
244.294976,32.397920,21.564299,27.783941
245.069646,32.564026,21.188513,27.667633
243.999558,31.652859,21.902548,27.480957
245.705214,31.217653,21.340702,28.278591
244.320078,29.998849,21.884151,28.878752
245.181621,30.164904,23.226450,29.464825
246.105434,29.636844,22.172852,30.080202
245.677576,28.892529,21.931675,29.516630
242.790144,27.916345,25.119846,30.956106
243.133991,30.213592,25.334297,29.948427
242.685033,29.732651,24.373419,29.200996
242.502299,29.996872,24.230715,28.731331
242.367932,30.395604,22.871313,28.480688
242.593920,29.582039,24.607365,28.877983
242.505925,28.694347,22.545218,26.943108
241.968460,28.128128,24.132553,28.096306
242.522470,28.517329,22.396992,27.621645
242.927344,28.136689,24.573130,28.708258
243.014485,27.549045,24.121031,27.244303
242.453516,25.982575,24.504147,28.191999
243.488721,26.716775,23.399168,27.871778
242.545771,26.419502,24.039272,27.986893
241.865238,27.496431,24.904900,27.380093
239.828279,25.339701,26.496044,29.086727
242.546416,25.977876,25.135607,28.143126
238.767932,25.127865,27.358599,29.225105
241.942932,26.058791,25.427956,28.965387
239.510136,27.251197,27.099968,28.180979
239.656222,25.704521,24.919916,29.468361
239.888731,26.472864,25.670177,28.665913
241.758336,26.940917,24.047033,28.640223
240.879058,26.224182,24.071680,28.696121
242.459726,24.435942,23.533871,28.875645
242.364715,26.123679,22.499308,27.764673
241.983439,26.479776,19.333170,22.864071
241.742414,26.841435,22.786612,24.983892
242.280406,27.386326,24.652765,25.559105
242.829741,25.790019,22.234415,25.717630
242.812510,25.036098,28.290407,28.891153
243.794802,24.159926,29.581600,29.801477
243.476509,23.864541,25.735611,30.403334
243.908676,23.892710,25.384819,31.664745
241.488938,23.508654,24.688047,30.372021
241.350614,24.590866,22.934942,28.132507
239.466062,23.684583,23.070799,27.995214
238.059998,22.689375,25.137215,28.959568
237.631881,23.097089,23.539927,28.132460
238.945797,19.029900,26.528885,31.585762
240.480105,16.875661,25.193377,31.320585
240.344130,14.918464,24.101994,30.740602
242.427444,12.433060,24.320938,31.456306
242.941895,8.950022,25.982588,32.275646
244.735341,7.353069,25.069502,32.168869
246.244287,5.075684,26.514196,32.501549
243.126974,2.205929,29.732494,34.722511
246.646621,3.066124,25.536997,32.173615
244.621488,0.387589,30.346304,36.264336
245.488235,3.897181,27.076675,32.972294
219.874903,5.521454,30.375271,34.082207
243.846863,2.146235,29.039444,36.774723
241.691480,3.827356,26.726576,35.399662
242.221663,5.928593,29.023327,32.487251
241.994369,5.965439,25.434458,32.077690
235.605545,6.042154,30.760399,32.149601
230.392993,4.794804,29.242022,33.140823
225.812393,4.861101,32.171814,32.817837
227.347676,5.544085,30.946722,34.270061
225.922497,5.378626,32.209709,34.068935
226.772459,5.047586,30.182209,34.050915
225.773955,5.531876,31.022860,34.014496
224.303552,5.298626,31.948019,35.343056
224.084818,6.921785,33.077656,33.848690
224.700620,6.718019,30.515776,35.375240
227.556166,8.107109,31.050213,33.972229
232.173853,13.201955,29.073505,31.218847
234.410653,14.951395,27.695921,30.666363
236.021986,18.044704,25.937061,30.372925
238.784876,21.051158,24.127392,30.626657
240.217029,25.132347,21.588015,30.273987
239.965675,28.109208,21.306259,30.561209
240.256850,29.570866,21.866648,30.478706
239.126954,31.097363,22.591642,30.884644
238.503015,32.291363,24.169691,30.926758
237.802477,33.364700,24.365650,31.636208
238.758476,34.140253,24.142372,30.732357
238.984848,34.640951,25.048660,31.114460
239.213780,34.399504,25.179785,32.240849
240.308718,32.880665,25.420376,32.580421
240.514944,34.717449,26.851177,33.089218
242.667355,37.396034,24.858109,32.513351
242.350461,40.252987,25.614569,31.703331
243.501750,43.350029,26.986620,32.489899
242.845443,47.535254,26.374704,31.410738
242.662888,50.424719,25.658714,31.312870
241.265682,51.805074,28.111320,31.800871
241.162080,50.658835,25.110273,28.856035
239.291846,49.867767,25.192675,31.335915
