201.000000,61.000000,32.000000,54.000000
201.055423,59.252096,31.278025,52.860737
201.627171,58.984467,31.208611,53.632294
201.924068,57.339634,30.690651,54.178093
201.829302,57.428331,30.808285,54.581188
201.348935,56.721888,30.435492,54.685909
200.968524,56.909466,30.640085,54.552025
201.637913,58.020590,30.823402,53.751362
200.906474,59.081429,30.873636,53.074387
201.939878,58.013767,30.605352,52.987541
201.761007,57.472626,30.688816,53.457611
201.094758,56.675356,30.593718,54.619717
201.824841,57.750443,30.901617,53.762970
201.807854,56.783840,30.502365,54.527306
201.381337,58.035042,30.575994,53.539734
201.096402,57.136133,30.115118,54.050686
201.406569,58.061148,30.874392,53.563358
201.787416,57.651468,30.543407,54.182781
200.854557,57.401621,30.684822,54.279034
201.526640,56.836138,30.648548,54.014462
201.450069,58.056755,30.749413,53.890350
201.602045,56.824482,30.246471,53.961205
200.787427,57.564316,30.333761,53.576172
201.297241,58.530203,30.843185,52.977650
202.584728,57.482071,30.366600,53.700562
204.053296,59.310802,31.299612,53.262291
204.595791,58.481627,32.024666,53.537357
205.118641,59.491428,32.640862,52.544121
206.718155,58.231766,32.868515,52.887665
205.405624,58.771046,33.854431,52.981880
206.428783,58.285532,33.722313,53.187969
205.741405,56.855299,33.256538,54.351368
204.919476,56.152454,32.140587,54.812172
204.431607,56.923393,31.033941,54.410843
204.436377,58.185858,30.148884,53.144215
204.114159,58.473080,29.786728,53.335793
204.207654,58.320004,30.407827,53.910896
205.146380,58.852781,29.669077,53.431034
205.060740,57.455959,30.191891,53.796379
205.478838,57.672701,30.452114,54.450405
206.990365,57.326708,29.474730,54.989559
206.525385,56.541492,29.781994,54.859322
206.917017,56.972504,29.558971,55.071976
206.209412,56.420755,29.834961,54.500134
207.014660,56.867624,29.745079,54.411709
207.698855,56.404415,29.375147,54.526909
207.259691,56.661640,29.358639,54.795174
208.265916,56.691095,29.724958,54.443340
207.903342,56.783194,29.890856,54.814335
208.536165,56.369074,29.843426,55.191357
209.564313,56.164923,29.292608,55.915104
209.179708,56.012018,29.915228,55.109905
207.919295,55.773676,30.598482,54.802303
209.286158,56.311396,29.333508,54.808727
209.419016,56.139219,29.225826,54.984745
208.087780,55.821827,30.023933,54.844353
208.522817,55.663160,29.306082,55.049946
208.720048,55.671009,29.134947,54.919807
208.680437,55.621082,29.346310,54.870934
208.906885,55.598650,29.080471,54.810955
208.778616,55.829037,29.960117,55.268623
208.024013,55.617336,29.873682,55.086540
207.921489,55.420006,29.647440,55.125595
206.488926,55.628647,29.811775,55.017914
206.635033,56.053087,29.769470,55.181866
205.448555,56.064606,29.572052,54.738495
204.166451,56.129169,29.470306,54.417854
204.306448,56.347797,29.032246,54.382500
202.697348,56.473755,29.753071,54.504379
199.573360,56.163336,30.440727,54.490238
199.184585,56.307314,30.244066,54.497097
196.549973,56.645899,30.121016,54.468441
195.723640,56.953196,30.279083,54.173199
194.215428,55.617172,29.924643,54.547058
192.660451,55.941437,29.460699,54.883286
191.252378,55.574217,29.824650,54.664310
190.578176,55.804008,29.816427,54.768127
189.563887,55.651939,29.317356,55.166626
186.701635,55.250996,29.811314,55.056847
185.394816,55.899952,30.171610,54.754219
183.677977,54.966091,29.834278,55.017921
183.215386,55.438663,29.417830,54.571541
182.324956,55.395102,29.325338,54.468800
180.553858,53.962856,29.252438,55.109886
179.369469,54.749935,29.050491,54.882118
179.308342,54.962751,29.523483,55.086597
179.651193,54.720821,29.303358,54.771675
179.616398,54.891296,28.660866,54.307129
179.737384,55.690470,29.164087,54.331707
179.916840,55.343748,29.512238,54.586048
180.390001,55.696003,28.545315,54.192665
180.160523,55.400688,29.104872,54.535873
180.626284,55.384207,29.213406,54.718586
181.203567,55.635990,29.138842,54.611992
181.143386,55.853436,28.839510,54.640327
181.498690,55.643459,28.755413,54.960320
181.731945,55.965626,29.091148,54.912941
183.103743,56.404623,28.375904,55.012974
182.963034,56.599257,29.071888,54.665012
183.909351,56.194679,30.262260,54.763550
184.691948,57.030727,29.552612,54.290855
186.983334,56.127586,29.608192,54.858093
188.265345,56.064732,29.485149,55.122887
190.309696,56.141724,29.464622,55.278122
191.504811,56.481268,29.794607,54.841938
193.626685,56.654003,29.603334,54.916908
194.778213,56.738844,29.736559,55.064564
195.142074,56.968861,30.139116,55.172356
196.731682,56.047510,29.931259,55.231319
198.470509,57.138683,29.853310,55.203590
200.178421,56.998838,29.950104,55.641117
202.294136,56.744061,29.369034,55.147026
204.404118,56.915735,29.823524,55.170834
205.637758,56.606544,29.938625,55.598404
207.094364,57.383373,29.785271,55.121483
209.257052,57.350887,30.040781,55.188576
208.864981,56.705873,31.169666,55.312511
210.354444,56.275713,30.553701,55.041378
211.742027,56.591055,30.869812,55.136600
213.242802,56.236679,30.190132,54.763275
214.155393,56.019911,30.291327,55.251041
216.019748,55.441031,30.196787,55.119648
216.822416,55.906965,30.161091,55.092136
217.628248,56.403111,30.319096,55.128136
218.400804,55.707598,30.740705,54.994534
220.187719,55.522121,30.933567,55.035103
220.930221,56.158293,30.803438,54.627445
222.755619,55.447636,30.623756,54.791252
224.157323,55.377907,30.984320,54.430817
225.295091,55.633202,31.260145,54.276718
227.171062,55.324642,31.051628,54.667946
228.577207,54.690981,31.633474,54.698483
229.522965,54.238218,31.971861,54.067890
230.162132,54.549246,32.097733,54.300083
230.246881,54.996843,33.148174,54.156338
231.439676,54.681257,31.482967,54.276173
231.735655,54.456614,31.563953,54.220318
230.523808,53.684879,31.092308,54.811546
230.705126,54.854666,32.592251,54.162815
229.327702,54.644409,32.720451,54.612061
229.754417,54.215958,32.174149,54.554245
229.160144,54.794519,31.716455,54.581768
228.385670,53.482086,33.159126,54.991959
228.360661,54.739883,33.409630,54.075104
226.767143,53.961370,32.601181,53.934971
228.036573,53.665800,31.410252,53.981129
227.568983,53.998940,32.118229,53.769608
227.444763,54.008778,32.056396,53.969551
226.426449,54.265965,31.656273,54.005241
226.778304,54.402822,31.113054,53.729374
226.434593,54.305967,31.113251,53.861835
225.793377,54.477026,31.549461,53.614628
225.801970,54.120180,31.257570,53.433804
226.631570,54.450483,30.208830,53.097050
225.876882,55.202654,29.744406,53.292339
225.163399,54.350357,29.853790,53.116135
225.816849,54.348213,29.417236,53.227905
225.313642,55.922274,29.137808,52.141079
224.861179,55.106665,29.359627,52.408497
225.167411,54.931330,28.658754,52.446514
224.503521,55.146576,29.087929,52.825409
222.957926,55.096132,29.482357,52.587399
222.661453,55.868408,29.030640,52.426727
222.531791,54.809278,29.095583,52.042606
222.732659,56.117817,28.696394,51.522499
223.235711,56.486820,28.314375,50.887306
223.598358,57.148376,28.987259,50.334091
222.485126,56.970739,29.406395,50.113102
223.533766,58.702534,29.375782,48.706078
223.310111,58.460482,29.432589,48.887814
223.374819,59.207428,28.967953,47.991745
222.833689,59.238039,29.168545,48.856564
223.604842,58.139612,29.020510,48.856808
223.111502,60.307682,28.856724,47.733574
223.473539,58.234121,29.427723,48.981388
223.811468,59.279135,29.469288,47.948185
223.925547,60.522757,28.699657,46.184315
224.221001,59.331896,29.288818,47.722439
224.222262,60.973024,28.177790,46.666119
224.197135,60.563906,29.125475,47.158825
224.187999,60.681419,27.837168,46.128464
224.069094,59.588554,28.747601,47.350510
224.318033,60.430609,28.682613,47.306156
223.643820,61.408501,27.923695,45.714859
223.875119,59.900753,29.342443,46.885033
224.062167,60.201389,28.341425,47.291359
223.722572,60.880302,28.265564,47.262344
224.053784,59.789413,28.266333,47.244247
223.172109,61.724985,28.109076,46.173382
222.386171,60.602304,28.776440,47.001858
222.339040,60.778833,28.736319,46.321468
221.911514,58.380550,29.104935,48.924263
221.866813,59.989304,29.092333,48.460907
221.475364,59.006292,29.190615,47.848499
221.162005,59.565363,28.836130,48.430614
220.704104,59.701094,27.562922,47.835529
220.796263,60.804342,28.595463,46.484760
219.779996,59.880041,27.934271,48.621067
218.517986,60.007025,27.860634,48.398716
218.050634,60.353565,29.234409,46.747337
217.695830,60.666636,28.249361,47.288815
217.527878,61.851688,28.146469,46.243828
216.130303,62.039684,27.367643,48.071022
214.749628,61.498386,27.331158,46.407448
213.561581,61.973640,27.978783,47.055328
212.523761,61.588367,26.760553,46.709953
211.705475,62.259853,27.591049,47.121696
210.113894,63.088619,27.072519,47.167274
209.215362,63.405710,27.151094,46.258190
207.618364,62.631662,26.594891,46.424007
206.103323,63.449699,28.893024,44.777466
203.876464,63.095703,27.800127,44.760132
202.629664,63.474581,28.689768,44.968060
201.470971,63.104523,28.568556,45.471497
199.922455,64.010252,28.002213,46.314716
197.522068,63.782196,28.567085,45.019470
193.097395,64.152779,29.555561,45.753494
191.053429,63.106655,29.473587,45.872719
189.350252,63.524656,29.401196,45.427967
189.249133,63.057621,28.289484,45.474312
188.358754,63.279047,29.572531,44.836330
186.965182,63.470434,29.010035,44.398029
185.695540,62.588572,30.050829,45.771526
184.748890,62.518560,30.733559,46.629749
185.071425,62.450184,29.141680,44.954643
184.213232,62.383709,31.454777,46.422356
186.365046,62.841812,29.211941,45.768356
186.474360,62.326736,30.485714,47.298431
187.229298,62.351746,28.872124,46.366898
188.698244,62.569572,30.360561,46.489975
190.687411,62.203205,29.084482,47.340340
191.490072,62.109934,29.289417,46.752041
193.522865,61.617109,28.814606,47.298466
195.373199,61.574886,28.376238,48.286446
197.092112,61.265558,29.154751,47.332806
198.856612,61.065092,29.470079,48.467655
200.213101,60.777323,27.980841,48.014950
201.203419,59.131271,28.651863,50.436050
201.799302,57.784716,29.511961,50.799145
202.729709,57.011171,31.089792,52.098476
203.453093,56.443647,29.518131,51.242222
205.731039,58.181126,30.894520,51.068138
206.786134,56.442194,30.110991,52.103085
208.945688,57.251551,29.317593,51.170483
209.286116,56.289927,29.697086,52.620525
209.452279,55.993265,29.805906,52.401302
210.476897,55.390772,29.930742,52.650875
211.302352,56.239817,29.299440,52.357677
212.270944,55.738779,29.364332,52.657940
211.601773,55.849821,29.215643,52.674763
210.970816,55.587757,29.882603,52.273430
211.478140,56.225098,29.198399,52.447052
209.872785,55.432589,29.464483,52.628979
209.317023,55.269667,30.590380,52.712803
209.334169,55.273659,29.835461,52.936615
208.529521,54.859905,29.615610,53.373177
208.156483,53.903749,30.739494,53.793911
206.941772,54.205753,30.886477,54.106255
207.360745,54.044157,30.092031,53.849979
206.347181,52.947769,31.079807,54.594833
205.966594,52.519743,31.423975,54.439030
204.908273,51.995749,30.988630,54.598942
205.249710,51.933123,31.304810,55.122738
205.807831,51.840017,31.483841,55.132786
204.680296,51.782431,32.073505,54.692051
203.896315,51.787615,32.436283,55.130779
204.275547,51.579853,32.836403,55.443047
204.013504,51.366098,32.604462,54.985882
204.131763,51.122601,32.612602,55.357964
204.471577,50.981030,32.482430,55.348930
203.150255,50.291168,33.083233,55.255905
203.367535,50.884405,32.652870,55.139698
203.122297,51.250835,32.907001,54.854546
202.508162,50.028818,33.445683,55.529110
202.712252,50.591700,33.480343,55.387707
202.557453,50.221201,33.485573,54.890636
202.711027,49.826078,33.909611,54.932911
202.552456,49.709053,33.201027,54.867950
202.561487,49.434158,32.763393,54.452484
203.989620,49.303169,32.521523,55.196457
203.830258,48.867369,31.737783,54.537464
203.312355,48.545521,33.243561,54.414772
203.936611,49.058712,33.139824,54.844429
203.884754,49.147203,32.529915,54.579021
203.585505,49.202862,33.680141,54.646812
205.399576,48.865282,31.610973,53.866161
205.376352,49.101620,32.294704,54.839684
205.476227,48.969511,33.063156,54.991123
205.579000,49.158733,33.613789,54.458931
207.360767,49.644909,32.443031,54.213387
208.307381,48.729696,32.729065,54.415318
211.730280,49.216360,32.174419,54.592991
214.048500,48.269213,32.004440,54.119350
216.468734,48.253172,31.966112,54.066044
219.409586,47.800369,31.957928,54.315887
222.556865,48.156992,31.785349,53.769894
225.498237,47.910534,31.395571,53.406853
226.591393,47.751986,31.078140,52.077068
226.927318,47.769001,31.639307,52.282677
229.091900,47.410448,32.400291,53.336056
230.915799,46.504528,31.564199,52.910316
231.386625,46.416023,32.552128,53.686157
231.932537,46.722054,32.579201,53.575821
233.717992,46.078913,31.587103,53.923367
232.913260,46.072361,32.097507,53.587883
233.162342,46.363789,32.277382,53.323769
232.854684,46.252760,31.587889,53.431889
231.444174,46.930124,32.120365,53.392223
230.734953,46.400059,30.275150,52.718315
230.360817,46.545839,30.731842,53.133358
228.723595,47.208075,30.752045,53.124317
227.770617,47.205221,30.488138,53.030216
225.670815,47.673931,30.394714,53.334068
225.061788,48.088295,30.436880,53.232101
224.223557,47.928711,29.683470,53.239471
221.286519,47.694105,30.027273,53.166767
218.856391,48.790493,31.198427,52.828239
217.299084,47.936619,29.576530,53.830391
216.523567,48.148170,30.946594,53.665085
215.566294,48.073376,29.820797,54.327812
214.808003,48.331224,31.246099,54.234142
213.377356,48.366533,29.849796,54.334469
213.413831,49.290516,30.630545,54.536659
211.709406,49.434528,30.621593,54.450523
210.947312,50.412184,31.661055,54.538746
210.884005,52.511007,31.856930,53.557880
210.369427,53.515385,30.973991,53.029182
211.263968,54.073668,30.381733,52.321766
210.364696,54.834719,31.116877,52.014278
210.774630,55.248730,30.089367,52.005867
209.598374,54.458017,30.270292,51.461391
207.785564,55.444687,32.048347,51.112610
206.094528,54.982489,34.338455,50.936268
204.549728,55.078094,36.655228,50.896240
203.292009,55.122828,37.275555,49.742916
202.796537,55.774700,39.424000,49.638786
200.852205,56.370771,40.170620,47.654499
199.634718,57.942352,42.537296,46.772339
197.052380,59.216251,44.908165,44.942879
197.345407,60.415285,44.385876,44.144924
196.857307,62.422075,45.255417,42.487514
195.475460,61.102797,48.283470,41.259113
194.696987,64.208466,48.727547,37.738327
192.798289,59.397669,31.261698,32.449490
196.718609,63.459211,42.908897,35.475376
192.425066,63.706896,43.405636,34.747402
193.901968,64.565687,49.208225,36.059849
193.315672,64.133522,48.303516,34.625885
194.258059,65.354439,48.851376,36.328934
193.230927,63.692911,49.454147,36.937435
194.194941,64.460835,32.426235,29.196632
193.471733,64.026194,49.319656,36.579784
193.198429,64.295006,49.753227,34.826065
191.021860,63.437368,47.100277,35.404789
190.674311,64.279507,46.880718,36.360512
190.705332,64.545006,48.793591,34.950348
188.984024,64.272705,44.996811,33.723770
188.785389,64.655653,38.700813,32.216633
180.399508,65.705194,33.179783,31.262310
187.517923,67.313006,37.368305,28.309885
184.999273,67.145851,34.901264,28.206558
185.506844,68.075679,54.207596,30.488245
186.730387,67.757655,49.614925,30.038263
186.578474,70.018849,35.125965,27.338797
188.310238,70.294055,45.284523,27.988131
189.110331,70.205900,51.031017,29.339428
189.765633,70.982160,34.057861,27.823103
190.630026,69.652289,33.656025,27.877626
191.768524,68.310786,41.729935,29.904993
192.404430,68.466240,41.440849,30.757996
193.338665,67.544254,43.025124,31.287621
194.846405,66.123295,46.636795,35.835381
195.755493,65.740870,41.227982,37.424007
197.814392,65.838142,45.440414,40.321747
199.674908,63.783941,43.823235,43.722279
202.030296,63.559294,43.244049,43.542912
202.379196,65.776726,42.906128,47.001633
204.744535,65.464661,36.537312,44.392792
206.304686,64.334915,38.151020,45.513428
206.661205,63.169756,37.804741,46.815136
209.232763,62.565296,36.454762,46.466988
214.277073,61.727411,32.879066,44.813702
217.233797,61.777355,33.965740,41.990303
221.337323,63.154339,25.645330,42.200752
222.184347,64.536922,25.538380,37.475960
222.256912,64.835730,29.146523,35.938053
221.524139,63.785023,26.366600,37.438530
221.146955,64.379532,27.361784,36.815384
221.042974,64.063663,29.373165,37.918312
219.515032,62.799002,28.386433,40.035114
218.198915,62.951624,30.306217,41.284100
216.612026,61.630535,30.435852,41.943336
215.845999,62.291603,30.817745,41.424210
213.423223,61.797579,32.450146,41.344479
211.650827,62.519398,34.587864,42.091652
209.109486,62.530849,33.560516,44.219719
206.409838,61.855101,38.794453,42.696964
204.255198,60.896721,40.015949,46.928268
203.297102,61.153181,40.143673,46.723896
203.524883,59.793858,40.712021,46.346779
203.163141,59.768917,40.911610,44.693123
202.465868,58.956934,39.476353,45.355541
203.873222,57.379604,37.794350,45.220726
202.418194,56.575974,38.553802,46.736053
202.129232,54.971598,38.876659,47.884518
202.676931,54.409534,38.202724,49.375511
202.329361,52.259365,38.221458,51.628044
201.799749,50.579561,38.824688,53.084881
201.710545,49.718403,37.550247,54.285667
201.653952,49.306288,37.414623,55.253513
202.083689,48.484186,37.347187,55.286678
199.609192,48.697252,39.668633,55.772671
198.559471,48.212671,40.295967,54.285229
198.331383,48.156197,41.074501,56.822327
197.352438,48.592110,42.661953,53.094406
197.461515,48.186626,41.699123,54.271217
196.731581,48.078901,42.240627,54.767918
196.802380,48.405218,42.551910,53.370243
194.749634,48.203602,43.860588,53.319405
190.524086,48.405537,48.004662,53.120430
188.892660,49.873480,49.514446,52.078281
189.732281,50.542925,49.819077,51.931133
190.029816,50.833719,49.895760,50.815868
190.494778,52.188751,49.884140,49.870544
190.707218,52.521189,50.729965,49.826122
190.518473,53.047159,50.505543,48.672558
190.736019,52.402620,51.129639,48.411938
194.415558,52.893299,48.387367,48.492943
197.094997,52.945286,44.292816,49.388832
197.238338,52.665730,44.933151,49.678780
193.902788,53.056681,46.838062,49.179653
190.977848,52.750675,52.217316,50.046822
191.804420,54.029245,51.244011,48.791836
191.436342,53.805815,52.196003,48.343388
192.026028,54.211634,51.399048,48.530666
191.382658,54.553406,50.904720,48.512711
192.151714,52.774151,50.635056,49.852043
191.628952,51.179180,50.145256,51.287300
191.592794,50.472692,49.731838,52.422077
192.007593,49.351334,48.847340,53.703812
194.695688,49.175610,45.853352,53.371956
196.154652,48.488108,44.083527,53.894115
199.045675,48.641943,41.528164,53.950947
200.458998,48.524679,40.385418,55.199833
203.178236,48.898220,37.273251,54.583382
205.370600,50.127480,35.201115,53.973923
206.806261,51.324671,33.733967,52.468075
206.228626,52.271059,34.743988,52.205303
206.044161,52.957434,35.551991,50.776234
206.524483,54.229132,33.875755,50.563740
209.758631,54.699558,31.592625,48.987907
210.185549,56.636955,29.734150,47.897141
211.902917,58.969078,27.859137,44.783035
213.486621,61.875399,27.493288,43.226223
214.215214,64.998055,25.341812,39.459808
214.134402,66.660147,29.629503,33.823956
216.502753,69.240351,25.242662,30.303501
214.867725,69.118070,27.040901,28.784658
216.783344,71.116229,25.804039,27.799952
216.174726,71.472797,27.286655,30.585449
216.022924,72.005150,29.151012,33.205635
216.915397,72.695562,28.634089,34.655231
217.059363,71.123901,29.184374,36.435631
216.868124,72.279459,30.041859,36.927769
217.478351,72.577934,29.859613,38.206535
218.504621,72.684898,30.769506,39.689796
217.993522,72.679787,31.909395,41.291557
218.143490,73.301348,32.197670,42.132267
218.069153,73.581470,32.141037,41.882568
217.648572,73.024044,31.400595,42.315338
217.779636,73.430746,31.028465,42.639172
219.236609,73.434633,27.797428,41.861835
216.032344,72.524483,28.843515,43.782112
214.077489,72.993999,30.287420,43.761078
211.634117,71.211576,33.726593,44.653225
210.535040,69.264706,34.682178,45.804245
206.620724,75.109325,35.484642,40.630325
203.145491,74.648401,38.364948,40.829441
199.655592,71.267046,41.224842,43.321232
197.641699,71.720499,43.583500,42.601948
197.051434,72.182751,42.826805,41.626450
196.441975,71.785019,44.072823,42.972374
196.159079,71.898533,44.786564,41.591278
195.996914,72.510311,44.764183,41.359985
194.197832,73.164497,45.551586,39.223106
193.176006,73.496880,43.878029,38.479759
193.280344,74.141624,46.622463,37.972588
192.449890,73.511976,44.178391,37.657925
191.193193,74.224268,49.876766,36.684391
189.226568,74.749247,41.155674,34.762119
191.259977,77.769430,37.272633,32.030270
190.481834,79.334898,31.042511,30.572094
191.162045,75.939629,54.094734,32.661789
188.354111,76.995464,39.740326,31.874763
189.409306,77.720624,53.022682,30.275366
190.587057,77.186497,35.630238,31.149757
193.227842,76.744544,51.702991,29.909807
190.822172,75.868002,45.038532,31.637486
191.791876,75.063890,54.482334,32.804394
193.798639,77.281965,37.180874,32.268177
195.083185,76.813013,36.436031,31.876003
199.183331,77.543067,50.852226,31.457003
201.547514,78.905269,35.926014,31.219919
205.991470,79.915777,37.100159,28.838688
209.376972,79.792534,52.203865,28.982544
211.094370,80.583745,50.757092,28.107504
210.926102,78.901472,47.698563,28.380375
207.817554,76.675780,48.674202,29.607317
205.527058,74.626831,51.115486,29.584808
203.672052,74.142635,50.720028,28.069084
200.787369,72.645250,50.857635,28.312176
201.429489,71.373143,49.621887,28.668600
199.528486,70.174526,50.666187,28.267372
199.630243,67.925976,50.601452,28.546074
199.763912,64.333812,50.931038,28.655771
197.991442,62.198295,51.072689,29.601351
197.324516,61.991686,51.948303,28.876980
198.494135,62.503266,50.812572,28.486387
197.980906,61.075352,51.937634,31.937828
197.371542,60.505451,55.714741,35.228767
199.837126,68.709350,53.460300,29.889055
201.908146,71.386721,53.215584,30.296612
204.038982,76.700491,53.964775,30.238255
204.859810,79.931214,53.335495,30.092955
205.623833,83.078968,54.467133,30.482613
206.899435,82.489731,54.586308,32.401855
206.595720,83.985603,55.142986,33.326752
207.601557,85.036821,55.696835,33.900768
208.635075,86.951412,55.582634,33.739616
209.020369,89.931501,55.497257,31.429005
208.965479,89.746700,55.600185,31.257957
209.391233,90.522808,55.232365,31.100456
209.145559,90.510699,55.584202,31.470209
209.194513,89.982223,55.381878,31.383547
209.151976,89.433379,55.795612,31.958513
207.808851,89.436733,55.778507,31.140892
208.456921,85.469929,55.767082,33.940300
207.646561,85.009954,55.232391,33.610523
207.341200,84.294788,54.300755,33.182152
206.916525,82.132372,54.950657,33.736645
206.289780,82.007135,54.642456,31.522961
205.761681,82.372923,53.457413,30.739811
205.040108,81.384493,53.435593,29.994854
204.800625,79.590489,54.256615,29.941854
204.135220,77.909729,53.210609,30.103119
203.759125,77.750097,34.294037,29.831882
203.994841,77.062572,43.020252,28.968079
202.755999,74.714960,53.523632,31.131565
202.678516,76.827907,35.325325,29.195498
203.530169,76.286698,52.501171,29.541906
203.413813,76.723541,33.580639,29.853966
203.480896,78.595393,53.166992,28.872576
203.236246,79.612177,35.188656,28.524311
204.794790,80.164703,53.674656,29.784767
204.323595,81.401356,53.906765,30.082733
205.653053,81.778549,53.626648,30.848808
205.809727,82.825261,54.213463,30.190489
205.925827,83.643349,53.756851,30.986626
206.376627,83.207504,54.936596,32.455238
207.394878,83.552626,54.049324,32.764492
207.092804,83.951637,54.496933,33.583229
207.860935,84.554852,54.719643,32.577225
207.205063,85.853750,53.905777,32.195065
206.968164,85.954721,54.496593,32.582691
207.143398,83.334166,54.824638,34.435879
206.985123,84.403681,54.783829,32.866184
207.942600,82.795307,57.679482,34.178085
207.226011,83.726885,55.635136,33.510807
206.818613,83.871513,54.668484,32.683449
207.055099,83.730726,54.330719,32.620632
206.690657,86.452261,54.044910,29.428967
206.115208,83.683304,54.354530,31.519447
205.600292,81.758677,54.731529,31.977785
203.755901,77.831917,55.200722,32.760445
202.760963,71.336472,53.646820,33.771996
200.540356,68.785352,53.494423,31.601896
199.209496,64.859850,52.780228,32.108448
199.830088,62.246880,57.832561,31.648323
197.618832,57.433157,53.303398,32.335323
195.254656,54.777792,49.773632,32.825893
195.343248,53.869513,51.854763,32.388760
194.885603,51.723131,51.941074,33.243610
194.522314,50.989283,51.377995,32.654346
194.625734,50.984028,51.858791,32.917892
194.222895,51.091768,51.341213,33.229939
194.762182,50.564064,51.904743,33.217888
194.743238,53.565255,49.759159,31.666082
196.113281,55.269183,52.132431,31.425341
197.404938,56.734962,51.593613,32.085274
197.651062,60.691659,51.915787,30.574804
198.647610,64.040233,52.902855,29.931887
200.449665,67.506411,53.090111,29.890553
201.088032,70.508158,53.796181,30.747242
202.273331,74.762301,53.927094,31.392382
202.357697,78.116448,53.685059,31.532461
203.773418,82.695480,54.929924,30.437492
205.838978,81.760130,55.788033,33.668407
206.927408,83.416567,55.138699,34.608601
208.042948,85.522661,56.629833,36.374851
209.661568,89.943562,56.046783,32.573944
210.309727,91.939336,56.228325,31.252195
212.039650,92.478093,56.038879,30.975447
211.858219,94.155421,56.281975,30.701403
213.352829,94.570435,56.219498,29.848000
213.235376,95.271418,56.570019,29.756138
213.212997,94.274107,56.080475,29.564404
212.900099,93.386632,56.058750,30.681837
212.122091,93.456594,55.477650,30.309736
211.713438,92.457786,55.388721,30.619181
210.654913,92.220770,55.647556,30.738888
210.088739,90.809020,55.817532,30.962183
209.213970,87.159271,55.724373,33.294243
207.739798,85.052591,55.142155,33.706257
206.977743,83.742985,54.996571,33.059860
206.304939,82.774438,54.457687,31.216040
205.496351,81.427267,54.128574,30.410091
205.016863,78.975576,53.708187,30.468502
204.252481,76.718307,53.012478,29.948692
203.637039,73.745445,52.450943,29.968758
202.410545,74.139959,37.345245,28.230145
202.755655,72.398073,51.945843,28.098148
202.866081,69.896996,53.066879,29.837227
201.589130,68.524911,51.401604,29.193136
201.043903,67.406814,53.158379,29.912821
201.016209,68.237712,52.526237,29.630098
202.050404,68.057390,52.433189,29.666355
202.259516,68.503390,52.577892,29.644014
200.941927,70.558663,38.988445,28.856070
202.191509,71.635352,35.814125,29.071665
203.012125,73.121924,34.166531,28.839548
203.684521,73.818005,39.279747,28.985619
203.354868,74.346923,52.792736,30.871401
203.144531,77.705363,34.333389,29.525476
205.141161,79.683007,47.887081,30.910032
205.538721,81.658988,52.000866,30.555758
205.542427,82.277800,54.284409,31.280094
206.863377,83.919828,54.353523,32.097279
207.682661,83.502016,54.902668,33.483974
207.877266,84.344864,54.789810,34.485229
208.784735,85.788372,55.444065,34.098808
208.151096,89.263014,54.231468,31.594273
209.022108,89.886979,54.068470,31.840651
209.123070,89.013618,56.051849,32.055756
209.258387,89.573535,55.180080,31.800028
209.087019,89.603531,55.267399,32.330963
208.484148,87.781336,54.202496,33.304607
208.458832,88.381615,55.113739,33.097076
208.133167,86.616465,54.929008,34.323452
207.775307,84.420195,55.036057,34.556873
207.454922,83.177858,54.934959,35.207973
207.053095,82.092243,54.950512,34.712578
206.421141,81.782372,54.554111,33.955002
206.207376,81.464760,54.870983,32.840530
205.424196,81.037358,54.559093,31.864309
205.117928,80.772579,53.928680,31.027412
204.771740,80.129272,53.660835,30.282349
203.962646,79.093999,52.570206,29.675589
204.138741,77.700941,47.685410,29.106007
203.165712,75.783972,53.328594,31.367725
203.274862,77.945707,33.791355,29.125309
203.661985,75.915476,54.165623,29.745708
204.099010,77.976075,33.675865,28.833265
204.732924,77.536112,52.395115,29.382732
203.572905,78.232454,46.629124,29.945934
203.026768,80.036104,34.802467,29.215145
203.252201,76.718863,54.730171,31.703854
202.128480,80.905991,31.768507,27.807732
201.129665,77.998281,54.885277,30.482054
200.154068,80.452481,33.166428,28.479948
199.823994,77.299675,55.112007,30.409317
198.767979,75.278193,52.311424,30.189081
197.759987,66.722988,54.925110,38.994194
196.495548,72.032776,55.994026,33.341202
195.982111,72.967641,55.075985,30.213568
194.875208,72.027056,56.094692,30.898617
195.613651,70.896129,55.558968,31.082041
194.734623,70.173575,55.299477,31.395693
194.552895,69.289118,54.986847,32.856457
194.211649,68.670582,54.898708,32.779381
194.639494,67.076702,55.307178,34.825340
195.496334,66.810736,55.025581,35.191746
194.521355,65.745461,55.292923,35.607819
196.295324,64.818235,54.726475,37.725742
195.858774,63.990110,55.202389,38.790150
196.926014,66.679255,54.948662,35.924358
195.832918,64.345098,55.146725,37.018543
195.060905,66.603725,55.378113,35.455421
193.825951,67.062447,54.988586,33.148438
192.967690,66.802782,55.207001,32.009502
193.036825,67.266792,54.626011,33.029297
193.489334,65.439178,55.062851,33.846405
193.755436,65.954275,54.748329,33.405125
193.560144,64.193041,55.297146,34.554394
193.381445,59.077656,54.946415,39.168739
192.422873,49.586103,55.331409,44.801624
193.579126,54.635786,55.870647,35.735630
193.661346,51.994490,54.577972,35.303394
195.475948,50.879946,53.122322,32.228344
194.466482,52.035771,52.393421,29.570364
194.061069,51.799427,51.508736,28.700340
194.633928,52.555731,50.592098,29.316227
194.940670,51.358785,51.105034,30.364035
190.941540,50.273285,53.559151,34.350174
183.623173,48.608801,56.962929,42.131809
179.048782,54.423018,56.793732,44.650730
173.308409,63.165010,59.215122,46.061474
178.537666,72.692492,55.762421,41.273052
178.958300,74.384817,57.541454,44.386478
180.948301,90.503080,56.197117,32.888477
179.097960,92.894157,57.031040,34.404419
179.011082,98.051048,56.930748,31.407806
180.793705,98.893324,57.604637,32.579807
180.748846,101.985732,58.136646,31.409349
182.953691,103.599030,57.814602,31.831528
183.539539,105.047903,57.769051,31.290455
183.547682,106.721138,59.229588,32.933121
180.585623,105.773075,63.390430,36.662712
184.604319,108.993555,60.184872,35.170925
184.964771,109.560896,61.054573,36.337925
184.748020,110.612114,59.306496,33.613724
186.704222,112.576166,59.360020,33.567852
188.058798,113.079002,60.853565,33.427643
187.617458,114.139128,57.735634,33.619801
186.792398,114.770250,61.553127,33.512600
171.443321,112.987988,71.993683,35.329704
172.693478,113.398006,71.515083,37.241096
167.950443,112.202528,74.044441,37.991154
185.582619,118.491232,60.679977,32.929905
186.743074,120.015581,58.891689,33.445156
186.475880,119.856455,60.846977,49.845898
166.583649,69.491680,90.006516,85.957619
