84.000000,151.000000,92.000000,104.000000
93.216782,152.820004,91.305023,99.751839
100.053410,155.060291,91.175285,96.827599
112.922970,155.745262,86.435432,95.882523
120.177689,156.663841,84.838165,93.370041
127.413971,156.482761,83.884613,92.913292
140.077003,156.968243,78.370773,89.934822
144.785938,157.883495,79.489983,89.399544
151.120193,157.952271,77.463928,88.517517
158.810692,159.337547,74.946732,85.902817
164.542595,161.161507,73.943436,79.225204
170.285885,161.334137,73.549080,83.332367
178.295746,162.351421,70.059601,76.991737
183.419582,162.922119,69.766273,84.166321
186.966930,161.466190,69.530373,87.223747
191.517197,159.949902,68.816345,90.144661
196.630444,159.424805,68.062904,90.359619
201.275173,159.546062,67.153664,89.234749
208.214462,160.749454,64.768433,86.749199
212.194431,161.416351,63.162956,86.888580
217.566488,163.028141,61.511890,80.465019
221.697941,165.375206,60.515190,80.361588
225.836607,164.470188,59.299992,79.647270
229.759727,163.395355,57.374069,84.712097
235.249067,163.303051,56.469456,80.970253
237.041447,164.754391,56.365013,80.043098
240.939426,164.989586,54.967827,75.079025
244.728069,166.279346,53.141548,73.376427
248.747679,164.412289,51.978672,79.999229
252.569498,166.116695,51.046795,72.364967
255.103874,167.423367,50.625305,70.132652
258.076527,166.671913,49.578682,71.340424
260.895874,166.129086,48.850189,72.620583
264.142300,166.944683,47.734764,63.488319
266.224108,168.959015,46.134762,66.577972
269.406019,168.058189,45.651478,65.678314
271.460045,167.378851,45.109741,62.889561
273.463726,167.640816,43.605186,64.314636
275.879423,167.471647,43.509480,62.052753
278.044647,168.955666,42.546219,60.328339
279.732210,168.832399,42.733624,60.267620
281.514948,171.184069,42.602230,56.700756
284.337955,169.002741,41.500130,59.246578
285.605471,169.189220,40.145260,59.041603
287.739656,169.842175,40.334759,58.243660
289.664118,170.306280,39.984585,55.537830
290.916611,170.749067,39.619003,53.002460
292.215107,170.759295,38.613670,55.728756
293.269661,170.463011,38.286606,54.615208
295.416355,171.639465,37.534828,51.781815
296.074224,171.570904,37.331944,52.955452
297.322094,172.684423,37.407982,49.183445
299.442457,171.974518,36.638523,50.748627
300.007942,173.446516,36.642776,47.835468
303.882174,172.572926,34.059414,46.168251
303.531143,173.492233,33.958878,48.805847
305.419378,173.179401,33.949558,44.655678
306.941679,173.065022,33.405857,43.381325
307.447744,174.591383,32.899860,46.102268
308.571301,174.456751,32.759682,43.558376
310.425472,174.317068,31.931755,40.976307
310.867265,174.127800,31.074903,46.025833
312.035065,173.468285,31.597672,41.395828
312.769559,173.022219,31.750128,45.739574
313.243602,173.141483,31.929148,43.658714
314.739363,173.165920,30.293827,43.925972
315.668016,173.533613,29.510479,40.926762
317.652022,173.521183,28.542528,41.903084
318.694175,174.491093,28.871202,37.527489
319.691548,175.711794,27.807226,38.464504
319.938078,174.835604,25.330433,37.282406
321.849648,173.980839,25.645964,39.137115
322.212287,174.359535,25.835588,40.331169
322.275358,173.999807,26.253300,38.099972
323.575649,173.933031,24.930183,38.614529
324.670093,173.630808,23.983393,35.847492
325.906351,174.107981,22.758595,37.441174
326.012221,174.500879,22.913179,37.593327
327.334332,174.953711,23.152466,34.337887
327.839202,174.574085,22.747156,34.960541
327.664713,174.509491,23.117107,36.085426
329.797379,175.123714,21.060814,32.613533
329.014170,174.463259,23.116512,35.018009
329.773906,175.695937,22.464357,30.935572
330.726396,175.217424,23.508474,33.565662
331.397878,175.891779,21.916014,32.450413
332.467502,175.095865,22.521189,31.309910
333.073940,176.383607,23.412903,30.832495
334.212669,175.636293,22.573547,32.185253
335.042845,175.053679,22.660305,34.751705
334.965945,176.004019,22.490732,31.316143
335.643198,177.377907,21.801151,29.270836
336.019597,175.505585,21.070814,32.259567
337.149996,176.282180,21.183743,30.566286
337.161532,175.366659,20.948694,32.930233
337.337859,176.210391,21.248537,27.879770
338.593304,176.814936,20.142876,28.885311
339.509632,175.969896,20.101593,30.441654
340.131398,176.187064,19.968428,29.081034
340.336808,177.470274,19.033041,26.892986
341.838426,177.393859,19.605879,27.933130
341.768767,177.517565,19.969530,26.700153
343.233945,177.975894,19.519918,25.835566
343.152260,177.197004,19.429512,26.919727
343.218074,176.690323,19.620241,28.699463
344.013691,176.485895,19.097672,26.177212
344.239051,177.497211,19.036974,25.365578
345.222122,177.646529,18.138161,25.076281
346.084153,178.047087,18.064917,25.940266
345.623221,176.385665,18.719019,26.503115
346.240687,177.377184,18.985880,26.234821
346.794053,177.904408,18.569731,25.829260
347.330680,177.918008,18.531816,24.754202
347.604689,178.184190,17.589741,24.877256
348.264395,178.109506,18.263760,23.852522
348.825914,178.369148,17.857174,24.985138
349.704884,178.913064,17.176025,22.800604
350.580950,179.131189,16.177563,21.457439
350.531491,179.394089,16.707518,21.923302
351.361690,178.340971,16.396914,22.997173
350.891498,177.833028,16.770426,22.367414
351.737475,178.379759,15.968508,22.714344
352.186967,178.674203,16.146925,23.195372
351.874741,179.072136,16.320946,22.025528
352.315928,178.467370,16.634928,22.265059
352.620465,178.446130,16.537367,23.391020
353.107933,178.793530,16.079353,20.987387
353.441800,179.232526,15.863540,22.183981
354.376699,178.949526,14.988744,21.789516
354.752361,179.564639,15.699784,21.562677
354.876172,178.963092,15.506002,21.678591
355.086208,179.090663,14.978471,20.714731
355.708354,179.539501,15.207560,21.194160
356.504758,179.164554,14.663977,21.149080
356.826364,179.946549,13.708570,19.575293
355.995801,178.914204,14.232321,19.184063
356.753783,179.241215,15.510196,20.474361
356.754653,180.191854,14.749904,19.491648
357.593559,179.552116,13.941987,20.804996
357.212883,180.570151,15.356667,19.786215
357.403720,179.819205,14.655030,19.451559
358.792767,179.671995,13.438529,17.840027
359.476517,179.013349,12.369198,19.706072
359.211076,180.105520,14.678843,20.106735
359.373156,178.860381,14.545181,18.892836
360.125897,179.517431,13.989176,19.520737
359.776814,179.463113,13.834072,17.850428
361.033495,178.992513,14.302344,19.671209
361.091163,179.507303,13.399191,18.670475
361.166519,179.614306,13.513768,18.099192
361.623834,179.771925,14.260896,18.965275
361.312411,180.246933,13.832335,17.136246
361.883929,179.209033,13.710784,20.109880
362.780374,179.710425,12.264444,16.302416
362.882534,179.752841,12.162529,17.563204
363.304039,180.389856,15.654965,18.031933
363.106713,181.038614,14.672083,16.007145
363.831158,179.426691,12.989882,17.639885
363.930844,179.462273,14.043624,16.154179
364.714766,179.721443,12.662598,17.347260
364.868393,180.897295,15.771709,15.158265
363.659809,181.242960,17.855625,15.194743
363.733217,180.877710,15.377491,13.967167
365.922585,180.515631,14.179831,15.137717
364.650141,180.307129,14.326405,15.378292
364.900589,180.927120,16.279331,14.845173
365.417760,180.429377,13.820779,15.193915
366.044181,180.829610,17.769121,14.734690
365.821277,180.050374,15.279206,15.381351
366.251034,180.581206,17.501801,14.233011
366.162242,180.742723,19.096666,12.990967
365.647876,180.481339,15.142507,16.043444
366.242661,180.974246,14.137729,13.365809
366.444894,180.922868,15.578473,13.417745
367.375318,180.446658,17.107264,14.266261
367.099387,180.616204,15.916156,14.490985
366.924325,181.233632,17.626883,13.566412
367.656562,181.853697,17.866419,11.888325
368.567580,181.497335,16.548391,12.486207
368.866981,181.841716,16.483721,11.627740
368.557235,181.313565,17.462534,12.499011
368.484084,181.244815,16.730555,12.411839
368.043015,182.083732,16.705536,11.976561
368.688770,181.720125,16.199886,11.629121
369.768465,182.249199,15.734844,11.296013
369.680880,181.877945,15.536724,11.796180
369.551313,180.979061,14.899830,13.425835
368.660781,181.462488,15.121634,13.100587
369.267656,181.321869,14.517464,12.481590
369.731226,181.057431,13.566398,12.922472
370.649069,181.561074,13.471550,12.190246
371.158280,181.612522,13.683238,11.790924
371.249630,181.051721,13.681511,13.437604
370.767952,181.849278,15.587967,11.850616
370.715394,181.767946,13.585685,12.140953
370.508864,181.649046,16.285891,11.752121
369.799408,180.995247,17.108479,12.450985
369.862195,180.890025,14.020898,13.148981
370.516801,180.168120,13.301793,14.000990
368.366098,181.410779,15.850658,12.596597
368.804586,181.814447,18.849266,12.014874
368.876105,181.132473,15.392344,13.428783
367.416845,181.584065,15.429696,12.166029
367.373274,181.967010,16.628574,12.085310
367.070007,181.445619,18.214996,11.958459
366.942188,182.121323,18.190868,12.048489
367.370355,181.943344,17.087324,11.871338
366.972874,182.533512,19.729534,11.611824
371.117716,181.630115,13.046367,11.838380
372.036031,181.449479,12.862222,11.358294
369.704805,181.776767,14.236107,11.855936
372.728809,181.436485,12.449735,11.399766
372.852695,182.326600,11.589437,11.125067
372.512660,181.892431,10.604995,11.621583
372.848964,182.000237,11.217375,12.876563
372.676749,181.614463,12.826220,12.160749
373.284500,180.975924,10.656082,12.269133
372.338264,182.223872,11.681295,11.609381
372.719311,181.559578,12.112048,11.740234
374.378468,182.868012,10.803486,11.459036
375.014745,182.136177,10.000000,11.958862
373.825610,182.139076,13.889356,11.680420
374.529206,182.420512,12.071256,11.838622
374.236917,182.251135,13.137614,11.114250
375.261185,182.514835,13.085219,10.593534
375.230912,181.515215,10.682279,11.567367
374.845989,181.925487,12.775452,11.247694
375.732036,181.773448,12.627113,10.985074
374.997676,182.394925,12.463268,11.205488
375.357655,181.920027,12.220737,11.114048
375.073502,182.189291,11.598556,10.735469
375.932095,182.312435,11.660148,11.664635
375.264022,181.887002,12.141556,10.772740
375.216565,182.683845,11.430116,11.328600
374.460474,182.170141,12.801246,11.522026
375.002789,182.063513,12.620387,12.535587
374.054131,181.529678,12.614180,12.112144
374.966137,181.325001,11.476516,11.650176
375.029866,181.411159,11.406358,11.626646
373.521217,182.077968,13.357219,11.329966
373.277718,181.610960,13.394892,11.522752
372.985399,182.569913,14.347163,11.271605
372.013374,181.426054,15.520160,11.632979
373.240932,182.519316,14.649819,11.384613
371.254978,181.954210,14.999057,11.438855
371.207531,182.231424,14.612041,11.045372
370.564784,182.148842,14.013914,11.296577
370.981763,182.279214,13.716686,11.360693
370.724295,181.933917,16.256876,11.149885
370.304184,181.208290,18.089342,11.747929
375.554728,181.046062,13.105002,12.592790
369.176055,182.301421,12.186711,11.636599
369.953661,182.310882,15.604849,11.545855
377.274605,181.720573,12.305072,12.005146
368.874557,182.234990,16.286575,11.704707
369.011149,181.837344,17.004606,11.822985
368.098228,181.999773,15.893414,12.041581
367.469307,181.873523,16.872503,11.694150
367.884635,182.248836,15.918213,11.558465
368.877408,181.328781,18.724306,12.150365
365.841993,182.180594,14.716904,11.565505
365.508541,182.976041,14.416045,11.203302
365.850013,182.334226,15.098488,11.804247
365.413439,182.168508,15.065379,12.029123
364.843088,182.323403,14.576607,11.819296
363.969047,181.807316,16.430676,11.846313
364.193377,181.291849,15.897882,12.716557
363.188148,181.812360,15.011815,12.883759
363.015912,182.313466,15.945287,12.182178
362.769915,182.192860,16.017199,12.528728
362.824269,181.928782,15.015753,12.368021
361.818984,181.513997,15.695318,12.316878
361.090551,181.641230,16.034027,12.519012
360.731935,182.381314,15.257889,12.556228
361.393646,181.469318,15.677494,12.730302
359.910471,182.242486,16.071661,12.927320
359.734734,181.437126,16.144262,12.882749
359.315851,181.813556,15.919806,12.964079
359.321523,182.079914,16.338978,13.189504
358.705400,181.994340,15.792119,12.975789
357.621800,182.034355,16.408407,13.285213
357.527585,181.053471,16.751814,13.548373
358.034852,182.028671,16.350874,13.355961
356.728262,181.039761,17.238729,13.640224
356.787630,181.497758,17.077099,13.295595
355.556454,181.302520,16.825014,13.364358
355.445178,181.491503,16.916624,13.789920
354.472142,181.906168,17.562750,13.586110
354.514854,181.045001,17.317772,14.054435
353.580183,180.545823,17.407593,14.383223
353.849299,181.043997,16.937101,14.207180
352.591465,180.660750,17.471594,14.398204
353.258137,181.174579,17.468504,14.147631
352.427880,180.894440,17.320917,14.307404
351.272097,180.672452,17.493128,14.542447
351.000324,181.581337,17.433315,14.123496
350.886014,181.919534,17.793226,14.032526
349.712935,181.521784,17.862036,14.279396
348.986599,181.387903,18.206816,14.258309
348.439544,181.729064,17.809338,14.172294
348.586033,181.244537,18.625170,14.438522
347.536963,182.027211,18.005697,14.512084
347.113389,180.885375,18.730225,14.972409
346.277621,181.282856,18.813025,14.774090
346.075903,181.677354,18.859259,14.823244
344.988294,181.172997,19.168915,14.737720
344.021252,180.987973,19.418154,14.626001
343.490983,181.335392,19.656794,15.433720
343.236738,181.537858,19.598373,14.795968
342.312162,182.237678,19.411118,14.669157
341.565206,180.933770,20.040123,15.237589
340.386751,180.876647,20.594856,15.347509
340.219730,180.790494,20.080624,15.369623
339.163937,181.516773,20.353556,15.352979
338.612399,180.936026,20.369925,15.584525
338.327528,181.267273,20.482712,15.376285
336.570806,181.818116,21.743843,15.966082
336.959122,181.720813,20.811144,15.865895
333.814338,181.884812,22.753414,15.615427
336.364727,180.674969,19.672274,16.419239
335.874091,180.923331,20.069685,16.260672
334.043692,180.585437,21.472486,16.599707
328.436400,179.624207,24.705809,18.055140
323.515000,178.971133,29.307810,19.854696
317.873039,176.678458,31.386814,25.135038
320.244092,176.257828,32.290306,26.094883
330.085537,179.197970,20.926958,21.787825
323.264205,179.450616,26.918936,22.764658
308.416273,180.721252,34.230309,18.098499
321.484072,177.316006,26.638014,22.245922
323.845473,176.851550,25.991171,23.575918
319.070875,176.409668,32.318733,25.837124
310.721038,175.713152,41.703732,29.954338
311.932407,174.627161,42.022373,32.623741
312.880420,175.788033,42.548344,30.487850
312.501281,175.400233,42.915112,27.788992
