154.000000,46.000000,9.000000,19.000000
152.988692,46.164882,10.697635,18.033220
152.931603,45.860887,10.975801,18.547945
152.935708,45.477040,10.606376,18.350294
152.664599,44.885513,10.724520,18.187618
152.306232,44.992269,10.981938,18.443480
152.438848,44.522191,10.991018,18.490446
151.767479,44.358055,11.323291,18.197315
151.989566,44.967832,11.702024,18.228384
151.887533,43.870922,11.845356,18.607201
151.241507,44.461755,11.920902,17.523565
151.494755,43.980326,11.912632,18.180920
151.267589,43.114609,11.411463,17.717972
151.764396,44.015546,10.952451,18.016676
151.047922,42.843196,11.128266,17.846266
151.290493,43.614283,11.346038,18.847740
151.399297,42.182763,11.089903,20.405504
151.205989,42.343323,11.238690,20.457676
150.830025,42.419650,11.329918,20.584654
150.677742,41.958077,11.151067,21.011316
150.327223,42.608524,10.045147,20.817997
150.241600,42.206399,11.456540,20.661577
149.684395,41.559117,10.343269,21.156336
149.473383,41.573984,10.959975,19.366417
149.590134,41.251069,11.310558,21.452585
148.843975,41.974790,11.508144,21.768251
148.451904,41.238823,11.608509,21.501137
148.475581,41.144005,11.917907,21.063644
148.398149,40.610286,10.184418,21.137762
147.510015,40.198557,10.000000,22.178341
146.899139,40.609561,10.549514,21.744299
146.974021,40.219190,11.804736,21.846811
147.910745,39.670134,10.596808,22.138008
147.144366,39.714850,10.000000,21.871298
147.154835,39.147038,10.000000,22.061001
147.222229,39.359639,10.000000,21.855429
147.317704,39.364359,10.000000,21.523064
147.196923,38.781638,10.000000,21.318300
146.676736,39.037226,10.000000,20.938622
146.566206,38.303948,10.000000,21.591047
146.474015,38.449377,10.000000,21.632179
146.353425,38.564552,10.000000,21.513889
146.387667,38.525546,10.000000,21.562170
146.422387,38.463658,10.000000,21.470877
146.391348,38.253630,10.000000,21.510612
146.136043,37.895572,10.000000,21.963873
146.669073,38.329692,10.000000,21.685114
146.782638,37.730448,10.000000,21.730843
147.152660,38.057117,10.702208,21.604202
146.686228,38.159299,10.000000,21.196562
146.638414,38.096295,10.131364,21.058592
146.428998,37.874350,10.000000,21.230713
146.027811,37.570509,10.000000,21.165794
145.412832,37.317718,10.000000,20.943491
146.141649,37.463057,10.000000,21.483498
145.079644,37.051986,10.000000,21.419233
144.507768,37.788631,10.000000,21.279263
144.423536,37.498807,10.000000,20.554621
144.720891,37.763313,10.000000,20.164036
144.382508,37.999851,10.000000,20.740551
143.965412,37.609830,10.000000,20.338686
143.310547,37.234418,10.000000,19.908056
142.954340,36.833818,10.000000,20.713474
143.399568,36.830033,10.000000,20.869188
143.411511,36.730206,10.000000,19.938004
142.793134,36.421907,10.000000,17.462559
142.514014,36.350446,10.000000,20.210859
142.133474,36.476147,10.000000,20.137329
141.815470,36.342321,10.000000,20.271255
142.838401,35.781477,10.000000,20.162842
142.320188,35.982234,10.000000,20.751245
141.969021,36.089680,10.000000,21.112808
142.035869,35.754553,10.000000,20.784382
141.487441,35.790041,10.000000,20.405182
142.002892,35.573597,10.000000,20.995075
141.461706,35.694863,10.000000,17.197309
141.304048,34.998149,10.000000,19.426683
141.276968,35.094419,10.000000,19.067219
140.990309,34.791801,10.000000,19.314884
140.451306,35.503751,10.000000,19.240599
140.596644,34.771752,10.000000,19.010221
140.058591,34.776601,10.000000,19.731325
139.502845,34.695441,10.000000,19.632750
139.927195,35.015752,10.000000,15.661534
139.885774,34.934855,10.000000,19.903040
139.576325,34.771030,10.000000,20.219776
138.978078,34.686838,10.000000,19.339706
138.311492,34.473534,10.000000,20.693203
138.356438,33.813834,10.000000,20.397085
138.038949,33.799769,10.000000,20.202055
137.091469,34.192587,10.000000,20.265034
136.819438,33.540461,10.000000,20.677685
137.194219,33.421389,10.000000,20.206829
136.359932,33.536695,10.000000,18.675003
136.525590,33.997201,10.000000,19.584726
136.188483,33.364511,10.000000,19.318047
135.885186,33.380096,10.000000,19.536785
135.575939,33.260802,10.000000,19.892550
135.497724,32.576488,10.000000,20.221392
135.342554,33.013064,10.000000,20.622580
135.582223,33.097235,10.000000,20.419510
134.619816,33.347842,10.000000,20.125559
135.060833,33.292929,10.000000,19.391369
134.672442,33.131281,10.000000,19.147312
133.999526,32.489926,10.000000,19.584837
134.340610,33.039573,10.000000,20.166185
133.883772,32.225971,10.000000,20.034489
134.248707,32.277979,10.000000,19.683022
133.672124,32.109098,10.000000,19.447010
133.247293,31.401937,10.000000,19.978617
132.818165,31.826280,10.000000,19.756048
134.162744,32.464052,10.000000,19.737904
133.186976,30.995018,10.000000,19.951855
132.568954,32.005300,10.000000,19.708078
133.206914,31.556673,10.000000,19.990341
132.233466,29.550570,10.000000,18.693426
132.731062,31.697948,10.000000,19.853014
133.039276,30.479193,10.000000,20.322575
132.776011,30.466246,10.000000,19.863144
132.499326,30.236850,10.000000,20.285112
132.326819,30.221424,10.000000,20.246223
131.708683,30.029006,10.000000,20.446459
131.650056,30.708879,10.000000,20.544212
131.479427,30.576246,10.000000,19.845257
131.597178,30.156383,10.000000,20.047525
131.686318,29.891149,10.000000,20.200815
131.848143,30.448446,10.000000,20.508766
131.507558,30.368480,10.000000,19.439447
130.711455,30.106022,10.000000,20.563625
130.764101,30.162116,10.000000,20.710428
130.814079,29.428845,10.000000,19.943701
130.397552,29.357100,10.000000,20.700563
130.690129,28.830147,10.000000,20.990467
129.923753,28.972742,10.000000,21.123631
130.660222,28.834410,10.000000,20.482281
129.878538,28.478774,10.000000,20.830820
130.100460,28.490003,10.000000,20.429785
129.945837,28.337559,10.000000,20.312035
129.283450,29.034275,10.000000,20.340515
129.851604,28.664610,10.000000,20.387913
129.326581,28.302282,10.000000,20.295990
129.169436,28.111166,10.000000,20.635487
129.536284,28.403584,10.000000,20.896294
128.738450,28.228412,10.000000,20.293425
129.604098,27.934882,10.000000,20.021296
129.093976,28.251018,10.000000,19.667963
128.769327,27.243705,10.000000,20.469389
128.877082,28.369860,10.000000,18.926201
129.222380,27.366185,10.000000,19.740953
128.990233,26.921281,10.000000,17.835524
129.256650,26.650482,10.000000,19.646465
129.043150,26.384123,10.000000,18.922722
129.014911,26.451614,10.000000,17.841034
129.461601,27.008303,10.000000,12.758494
129.572758,27.182209,10.000000,12.805341
128.207671,26.011086,10.000000,17.620760
128.976931,26.084699,10.000000,19.621122
129.027734,26.541821,10.000000,20.183453
128.281380,26.143056,10.000000,19.934767
128.197859,25.665655,10.000000,19.805775
127.961896,25.965816,10.000000,19.948116
128.219741,26.265995,10.000000,19.910038
127.444584,25.555035,10.000000,19.640091
127.204571,25.323828,10.000000,20.191517
126.868445,25.502260,10.000000,20.173405
127.171467,25.581049,10.000000,20.101219
126.428984,25.545635,10.000000,20.076485
126.370492,25.145873,10.000000,20.221113
126.013449,24.637330,10.000000,20.557348
126.388310,24.645670,10.015071,20.930447
126.356612,24.904804,10.448291,20.793312
125.870533,24.616745,10.000000,20.368725
125.656216,24.541712,10.000000,20.109451
125.751758,24.596240,10.157529,20.430601
125.451024,24.195668,10.000000,20.768064
125.816306,23.731598,10.148744,20.788277
125.786290,23.763911,10.396431,21.009760
125.293783,24.161822,10.406324,21.152765
125.652026,23.704976,10.000000,20.691160
124.977079,23.765306,10.821933,21.369001
124.971815,23.554668,10.000000,20.832958
124.983019,23.694683,10.000000,20.244633
125.324590,24.058681,10.000000,20.636406
125.202440,23.932890,10.000000,20.480923
125.202799,23.631309,10.000000,20.627771
125.311142,23.436916,10.000000,20.507771
125.396566,23.101486,10.000000,20.514267
125.246850,24.012499,10.000000,20.238037
124.783563,23.143115,10.000000,20.311918
124.739778,23.649092,10.000000,20.445518
124.631584,22.843612,10.000000,20.785612
124.520871,22.962629,10.000000,20.771832
124.276448,23.059380,10.000000,20.631668
125.238592,23.204719,10.000000,20.557699
125.107747,23.132768,10.000000,20.348398
124.966773,22.837669,10.000000,20.347878
124.594153,22.272019,10.000000,20.668119
124.238764,21.734921,10.000000,20.339415
124.974391,21.655418,10.000000,20.621677
124.577172,21.809151,10.000000,20.675510
124.317425,22.035378,10.000000,20.672621
125.295429,22.105157,10.000000,20.192015
124.534613,21.584373,10.000000,20.187332
124.823554,21.905437,10.000000,20.046501
125.051472,22.180911,10.000000,19.795019
124.348920,21.269757,10.000000,20.338736
124.442050,22.069881,10.000000,19.978352
124.486565,21.564986,10.000000,19.949209
123.860312,21.546064,10.000000,19.781784
124.548611,21.194580,10.000000,20.932476
123.795825,20.852047,10.000000,20.775223
123.731762,21.125452,10.000000,20.772049
123.762132,20.332979,10.000000,20.552906
123.816487,20.076126,10.000000,20.711044
123.878026,20.903636,10.000000,20.972307
124.216047,20.937577,10.000000,20.998873
124.551864,21.058173,10.000000,20.514959
124.183883,21.031309,10.000000,20.741444
124.505161,21.387907,10.000000,19.729038
124.491321,20.416922,10.000000,20.961842
125.069034,20.556874,10.000000,19.944662
124.192144,20.648382,10.000000,19.654335
124.258302,20.371798,10.000000,20.091534
124.749557,20.369020,10.123866,20.670620
124.778119,20.474898,10.000000,19.725679
125.308908,20.321312,10.023722,19.970306
124.565947,20.465014,10.405900,19.343685
125.053158,20.292135,10.508439,19.812077
124.763536,21.035460,10.000000,19.187038
124.317079,20.421973,10.000000,19.121157
124.862994,20.561246,10.000000,19.504911
124.172879,20.851727,10.000000,19.390347
124.533038,20.330579,10.000000,19.564604
123.540109,20.901298,10.000000,19.649992
124.225043,20.652346,10.000000,19.958836
124.002151,20.636936,10.000000,19.719669
123.745045,20.535023,10.000000,19.538689
124.045973,20.809283,10.000000,19.738539
123.391745,20.685695,10.000000,19.767904
123.520439,20.422147,10.000000,19.846544
123.092046,20.182514,10.130811,20.221966
124.063983,20.519964,10.000000,20.028782
122.627140,20.274819,10.732479,20.572515
123.590511,20.017531,10.000000,19.802065
123.635450,20.831470,10.000000,19.809875
122.946679,20.525353,10.658010,20.107954
122.402096,20.464541,10.860117,20.520891
123.330714,20.153344,10.000000,20.047598
123.248680,20.020288,10.217891,20.905079
123.790443,20.456873,10.000000,20.825924
123.241069,20.274430,10.329312,21.057802
123.773174,20.691083,10.005906,21.013426
124.279074,20.100123,10.000000,20.347795
123.678771,20.729239,10.274779,20.732185
124.254063,20.099139,10.000000,20.349699
124.134319,20.770893,10.019628,20.557198
123.238976,20.623773,11.020388,20.866629
124.371794,20.134301,10.000000,20.054541
122.405977,20.136341,11.294477,21.148384
123.471133,19.979487,10.000000,20.882208
123.454087,20.813582,10.409130,21.027964
121.185367,20.696299,11.824065,20.957142
120.832921,20.113777,12.034099,21.226940
121.039821,19.858068,12.394652,21.094820
121.363283,20.034693,12.008043,21.426834
120.849985,20.191270,12.353647,21.725603
121.348027,19.973941,13.253155,22.541113
120.900300,20.344769,13.495388,21.965380
120.869191,19.933262,13.383449,21.399632
120.323189,19.714904,13.324147,21.628256
120.962349,19.506824,13.513966,21.831646
121.373777,19.968106,13.302286,21.833063
120.588226,20.428814,12.583349,21.137592
121.347322,19.884705,13.349115,21.811932
121.044981,20.365806,13.453072,21.304106
121.205431,19.970278,12.748231,21.062256
121.211222,19.432273,12.756454,21.073599
121.228759,19.782984,12.277166,21.091179
121.722349,19.666317,12.670969,21.736141
121.566292,20.156559,12.522038,21.023800
122.392138,20.037548,12.457717,21.690701
121.822963,19.875707,11.615530,21.048372
123.300339,20.026224,12.059628,22.057098
123.169958,20.077590,12.026673,21.926191
122.933091,19.877349,12.800129,23.710546
122.818567,20.152524,13.207536,22.280848
122.796475,20.094028,12.547008,21.881725
122.585471,19.857624,13.049918,23.162243
123.836040,20.503052,12.436477,19.101582
125.058226,20.625089,10.616982,18.711821
124.973377,20.846167,10.950654,22.358868
124.612358,20.314266,11.554978,22.412739
125.957799,21.274611,10.268508,20.293989
125.977203,21.717912,10.101010,18.315889
125.211553,21.315225,10.236106,19.532434
126.008396,20.872171,10.000000,18.645813
124.942016,20.776552,10.629658,20.831928
126.929085,21.391569,10.000000,18.591682
126.131587,20.800168,10.352927,20.419199
126.012542,19.958737,10.285222,18.946547
125.582703,20.653839,11.256977,22.301414
127.234220,19.851515,10.000000,21.747974
124.541572,20.302497,11.013196,22.760324
126.522728,19.873446,10.016191,21.763363
126.513426,19.972416,10.453859,18.934193
126.929795,19.861090,10.371031,21.195187
126.900008,20.134668,10.729161,20.648163
126.769104,19.867475,10.302798,21.277662
126.062141,19.322729,10.000000,19.335411
125.506473,19.423939,10.550030,21.374729
126.247335,19.148157,10.000000,20.221443
125.520702,18.986966,10.653922,21.892790
126.243883,19.094492,10.186561,20.560081
125.673087,19.258565,11.668565,24.699762
125.565503,18.715773,10.000000,20.075115
126.045308,18.941376,10.537251,21.027054
126.196272,19.149568,10.574677,23.233267
124.630351,19.069814,10.837036,21.640909
125.711804,18.593592,10.000000,19.972130
125.764853,18.469701,10.625031,20.831800
124.682931,18.525136,11.550879,23.515974
125.068994,18.659169,10.921949,21.910963
124.631446,18.292527,10.138762,20.726774
125.471365,18.238647,10.000000,17.057743
125.167996,18.489882,10.185160,19.516743
125.245716,17.710198,10.712181,20.162046
124.410272,18.276530,11.328684,20.270021
124.959226,17.940696,11.030027,20.177187
126.147478,17.739230,10.433662,20.941362
125.329988,17.960750,10.820438,21.940691
125.721827,18.045241,10.000000,18.638430
125.199841,17.690007,10.552802,18.662962
124.936499,17.367511,10.575084,20.455572
124.405138,17.943939,10.940765,21.408909
126.304410,17.641703,10.000000,20.009224
126.049354,18.085353,10.135821,20.395647
126.096973,18.002013,10.643912,21.463675
126.249413,18.317691,10.683297,18.903860
126.993883,18.763718,10.650668,17.946644
126.843944,17.856943,10.770638,20.774296
127.197556,18.176960,10.000000,20.607635
127.335839,18.633323,10.000000,20.546827
127.935358,18.310189,10.000000,18.935003
127.274908,18.154397,10.061180,19.028662
128.653019,18.005542,10.000000,19.647604
128.422500,18.703129,10.000000,19.273796
128.788726,18.627402,10.000000,20.587381
128.722957,18.546556,10.000000,19.148001
128.504613,18.479798,10.000000,20.362371
129.001285,18.038088,10.000000,19.868000
129.127133,18.963041,10.000000,19.791122
129.850832,18.639010,10.000000,19.775717
130.802994,18.185154,10.000000,20.022358
130.741476,17.932480,10.000000,19.673374
130.727694,18.665218,10.000000,19.861961
130.818491,18.274967,10.000000,19.293995
130.237008,18.234508,10.000000,19.591696
130.790635,18.127222,10.000000,19.700382
130.057337,19.160565,10.000000,19.441145
130.733760,18.371721,10.000000,19.919590
130.602946,18.392766,10.000000,20.350325
130.634376,18.414268,10.000000,19.069645
130.093039,18.933445,10.000000,20.440956
131.756948,19.088432,10.000000,19.399551
131.312544,18.963237,10.000000,19.865332
131.555713,19.832978,10.000000,20.038168
131.228675,19.732399,10.000000,19.937912
130.947400,19.770969,10.964331,20.342415
132.459324,19.526877,10.647643,19.867346
132.353542,19.822690,11.234542,19.991819
132.275880,19.489589,10.269272,19.720339
132.187436,19.693436,10.000000,19.576954
132.357449,20.470395,10.000000,19.252176
132.509626,20.093923,10.000000,19.646986
132.663686,20.356644,10.000000,19.985100
133.138796,19.822974,10.000000,20.055723
132.884791,20.348630,10.000000,20.041449
133.566670,20.108735,10.000000,19.628595
133.191795,20.729483,10.000000,19.036385
133.064533,20.824029,10.000000,19.082220
133.186025,20.941401,10.000000,19.022608
133.360680,21.038707,10.000000,19.426065
133.437659,20.075278,10.000000,19.404882
133.840560,20.281425,10.551787,19.694401
133.368435,20.741118,10.000000,19.672968
133.606154,20.713305,10.000000,19.349556
133.333590,21.265062,10.000000,19.446236
134.254405,20.391209,10.000000,19.270172
133.960040,20.840474,10.000000,19.392416
133.681724,20.283383,10.000000,19.280394
133.741596,20.752618,10.000000,19.398600
133.781120,21.323087,10.000000,19.440622
133.500866,20.891105,10.000000,19.219263
133.181683,20.345651,10.000000,19.212114
134.404093,20.671722,10.000000,19.732979
133.969872,20.902485,10.000000,19.188168
134.007753,21.380283,10.000000,19.459965
134.221530,20.809545,10.000000,19.278406
134.658877,21.199572,10.000000,19.371525
134.390899,20.769738,10.000000,18.959879
134.910531,20.992397,10.000000,19.307365
134.689342,20.428488,10.000000,18.952141
134.650373,20.616888,10.000000,19.368671
134.564107,21.025640,10.000000,19.363232
134.378457,20.413931,10.000000,19.230068
135.233276,20.720477,10.000000,19.452765
135.068041,21.152064,10.000000,19.465425
134.965055,20.638652,10.000000,19.110174
134.648721,20.939012,10.000000,19.374178
134.435976,20.491891,10.000000,19.134745
134.961482,20.833815,10.000000,19.550076
134.546525,20.505670,10.000000,19.306089
134.004064,21.170581,10.000000,19.384153
134.221184,20.662285,10.000000,19.354752
134.146866,21.312533,10.000000,19.762747
133.632981,20.475869,10.000000,19.380610
133.456563,21.182105,10.000000,19.458788
134.440359,20.609292,10.000000,19.094233
134.002248,21.131523,10.000000,19.402901
133.823857,20.583037,10.000000,19.204546
133.272845,21.085883,10.000000,19.539743
133.805923,20.499319,10.000000,19.368408
133.419625,21.181384,10.000000,19.468298
133.900249,20.682846,10.000000,19.174210
133.484924,21.209997,10.000000,19.560738
134.110310,20.536767,10.000000,19.529444
133.689869,21.137944,10.000000,19.832159
133.601536,20.038643,10.000000,19.304626
133.077757,20.453027,10.000000,19.480028
133.686347,20.848531,10.000000,19.839937
133.331951,20.939261,10.000000,19.564772
133.622577,20.234378,10.000000,19.393259
133.149282,20.832549,10.000000,19.593687
133.424926,20.194724,10.000000,19.493666
133.554285,20.854802,10.000000,19.286634
132.877369,21.450088,10.000000,19.004927
132.808139,20.843756,10.000000,19.152462
132.663489,21.390831,10.000000,19.233494
132.555718,20.871431,10.000000,19.213192
132.659608,21.610309,10.000000,19.076445
132.521134,21.300328,10.000000,18.954744
132.292899,20.944124,10.000000,18.899792
133.349206,20.934865,10.000000,19.263544
133.423266,20.655264,10.000000,19.098270
133.656340,21.412691,10.000000,19.194191
132.439385,21.215351,10.000000,19.236698
134.031617,20.788718,10.000000,19.330404
133.457868,21.632845,10.000000,19.389683
133.590168,21.356380,10.000000,19.080175
132.849251,21.108665,10.000000,18.990591
133.355286,20.601900,10.000000,19.334667
133.997157,21.327912,10.000000,19.610903
134.307058,20.650677,10.000000,19.471466
134.187513,21.516410,10.000000,19.505308
133.948255,21.580457,10.000000,18.906584
133.766612,21.334296,10.000000,18.884150
133.900768,21.365323,10.000000,19.425360
133.505752,21.398615,10.000000,18.964703
132.861103,21.199058,10.000000,18.753763
134.476695,21.008029,10.000000,19.218275
133.545855,20.945666,10.000000,18.975183
132.561974,21.792030,10.000000,19.368759
132.789815,21.878860,10.306353,18.852180
132.941363,21.567112,10.000000,18.843079
133.852093,21.950236,10.000000,19.150610
132.145814,21.004037,10.000000,19.155973
132.703317,21.210873,10.000000,19.035809
132.396937,21.212189,10.000000,18.896214
132.996345,21.747552,10.000000,18.971094
132.872539,21.867868,10.000000,18.685555
134.196836,21.506651,10.000000,18.699551
132.521991,22.267865,10.000000,18.959837
132.513787,21.899199,10.000000,18.293423
133.323743,21.832411,10.000000,18.169094
133.798131,22.287831,10.000000,18.350355
133.453068,22.079271,10.000000,18.678970
133.114385,22.079261,10.076815,18.880114
133.814688,21.531771,10.000000,18.772461
134.598933,22.914361,10.000000,18.670961
133.238258,21.909125,10.000000,18.417219
133.318570,21.461500,10.795092,18.776436
132.106475,22.705627,11.351019,18.508175
133.093683,21.624380,10.000000,19.189655
134.221839,21.834564,10.000000,19.137714
133.641220,22.486743,10.000000,18.741251
131.707191,22.224222,12.021793,18.610287
134.469872,21.142994,11.736231,20.063328
125.332608,24.341004,10.000000,16.928209
133.639930,22.373679,10.283862,18.659597
132.504080,21.522058,10.772813,18.813871
134.912195,21.997159,10.257147,19.135973
133.981490,21.600477,10.000000,19.057541
134.360228,21.689933,10.471575,19.262865
135.112003,21.525855,10.898212,18.969576
134.280700,21.542722,10.000000,18.692583
134.313108,22.002719,10.211154,19.101305
134.471403,21.227612,10.000000,18.616673
134.451953,21.556862,10.211100,18.939911
133.668489,21.686055,10.000000,18.807730
134.446435,20.969221,10.154970,19.012280
133.385997,21.832425,10.000000,19.294424
134.183889,21.949275,10.000000,19.282347
134.066059,21.096923,10.291704,18.766832
133.673717,21.537650,10.000000,19.311308
133.389200,21.247599,10.000000,19.050682
134.068210,20.499549,11.273745,19.457529
132.746252,20.766420,10.328190,19.655769
134.460750,20.672116,10.843759,19.460367
133.406073,20.322087,10.000000,19.716570
133.254020,20.185853,10.965475,19.699972
133.781837,20.005790,10.824132,19.746199
132.687483,20.751274,10.000000,20.161930
134.665244,20.843727,10.791123,19.703159
133.899610,20.674291,10.632729,19.478083
134.239650,20.956892,10.806938,19.798527
134.073205,20.882208,10.774561,19.729294
133.698665,20.719879,10.490028,19.690876
133.489506,20.260947,10.817823,19.230478
134.116504,20.446468,11.079774,19.841022
133.753150,20.874382,10.458436,19.775005
133.972786,20.614226,10.614707,19.265684
135.169645,21.123897,10.487713,19.637053
135.088842,21.043329,10.000000,18.935726
134.514083,20.707926,10.000000,18.782696
134.921602,20.920151,10.261234,19.033489
134.451127,21.865142,10.187019,18.789656
134.038389,21.808685,10.348472,18.578072
134.747939,21.685627,10.488309,18.476398
134.628674,21.484706,10.267500,18.578283
134.450316,21.295633,10.000000,18.469616
134.842523,21.505805,10.000000,18.485617
135.241392,21.701731,10.137686,18.646610
134.514732,21.017032,10.000000,18.309912
135.290835,21.186245,10.475107,18.932907
134.919546,21.623133,10.160262,18.768700
134.912430,21.569961,10.335670,18.729490
134.949608,21.530081,10.273460,18.780132
134.976713,21.514735,10.379561,18.755487
134.792388,21.356091,10.566252,18.835287
134.221115,21.631354,10.413570,18.858980
134.426936,21.038690,10.807630,18.661390
134.800633,21.315475,10.710634,18.904928
133.862245,21.542819,10.000000,18.684984
134.503211,21.718827,10.008409,18.718248
134.572450,21.256165,10.266968,18.556526
134.389987,21.084779,10.080716,18.446703
134.975874,21.283699,10.463320,18.684036
135.518090,21.275636,10.000000,18.222681
134.800258,21.810700,10.000000,18.518381
135.884040,21.107306,10.000000,18.602173
135.953918,21.261744,10.090968,18.728949
135.952323,21.635579,10.423457,18.574991
136.159178,22.249278,10.000000,17.861319
136.450153,22.827077,10.000000,17.509790
136.057771,22.836459,10.000000,17.201952
135.475976,22.609209,10.000000,17.107510
135.070515,22.142001,10.000000,17.169024
133.382917,22.428705,10.317717,16.954842
133.665912,22.276093,12.011134,18.410089
133.566095,22.535047,12.469702,19.173216
132.134859,21.977940,13.242422,18.947498
133.021325,22.687312,12.236571,18.837431
132.389870,21.389888,13.168499,18.106489
134.351008,22.979753,10.946206,17.578173
133.821178,22.399998,11.156534,16.871258
134.265719,22.060033,10.880302,18.098341
134.547569,22.255181,10.781844,17.257292
134.065040,21.957050,11.601728,18.413368
133.766160,22.228941,12.045783,18.680553
134.087020,22.875256,11.918671,18.405655
134.120746,22.364104,11.320665,17.723261
134.313713,21.775906,10.947145,17.645672
134.287520,20.700055,11.611530,19.668680
134.425547,19.566811,12.414704,22.102989
135.174787,20.871115,12.713664,21.206600
134.428100,22.979687,10.937471,17.658745
135.980041,23.513601,10.000000,16.735588
134.898833,21.387532,10.757186,18.336313
135.542766,23.250941,10.000000,17.082285
136.082278,24.739398,10.045680,16.160810
134.635175,20.267655,11.098774,20.117338
136.128119,22.131653,10.358000,19.118904
135.013614,20.664865,11.091526,19.771151
133.856667,14.275089,10.575579,20.173759
134.951754,16.007712,10.587554,20.859835
136.846388,23.096198,10.000000,18.080431
135.813728,20.951234,10.440824,18.616678
134.971412,14.948111,10.191033,21.542549
137.385392,22.448243,10.000000,18.617044
135.747323,15.102442,10.315212,22.047207
137.334632,22.257746,10.224792,18.781773
136.304372,14.591372,10.203568,21.027372
136.303689,21.094865,10.551169,15.552979
135.958933,19.327847,10.503423,15.731438
136.807170,21.150391,10.852439,15.941131
136.237198,13.889242,10.473535,19.736393
137.119776,18.872251,11.104501,18.997541
137.019247,20.394936,11.501692,16.142479
137.127623,21.477170,11.535370,15.257204
136.918345,18.693504,11.527946,16.098667
137.586133,14.219025,11.633975,19.768017
136.724613,13.357992,12.575388,21.313202
137.657872,13.366890,12.191955,20.569248
138.235677,12.475883,11.634368,20.835777
137.403520,14.030810,12.397688,20.431978
138.428543,14.540571,11.321566,19.175129
138.662061,13.765573,11.482264,17.935549
139.089148,12.702909,11.044225,18.446709
138.143339,13.115814,11.350263,19.071991
138.705481,13.455520,11.372044,21.436121
137.274241,16.793148,12.371133,20.666359
137.452079,22.256760,10.754470,20.512337
136.809303,21.298064,11.218740,18.713140
137.679415,20.776716,10.825460,15.613216
136.625004,21.832220,10.875551,15.426827
142.918792,12.167636,10.000000,18.807467
139.070652,14.129135,13.213634,20.579540
142.559868,13.044963,10.000000,21.410574
139.899240,16.161164,12.310136,17.972754
137.051805,21.811688,10.286008,20.341314
136.897828,21.943735,10.207290,15.602586
136.178254,21.987823,10.000000,15.606275
136.595257,21.465431,11.176692,18.619759
136.817276,21.525042,11.255922,14.812611
136.992552,21.823197,10.176546,14.074027
137.418003,21.887323,10.182302,18.171093
136.852774,22.458216,10.253031,18.428066
137.680354,21.801866,10.677655,15.251019
136.546571,22.316560,10.000000,14.254834
136.478355,22.265968,10.049697,18.385929
136.739967,21.765401,10.000000,16.535368
136.607517,21.750679,10.166708,17.594200
136.757360,21.388991,10.000000,16.170713
137.145802,21.798383,10.673701,17.400843
136.912740,22.027969,10.510335,19.868389
137.066675,21.857655,11.046959,17.730423
136.696497,21.698385,10.253712,16.576893
137.567790,22.340377,10.163987,19.796610
136.825116,21.637516,10.483782,19.414444
137.027551,22.291671,10.402832,16.036146
136.904189,22.267920,10.432497,19.505484
136.990938,21.963770,10.068046,19.406017
137.084516,21.546855,10.189225,19.823618
136.619928,22.029235,10.000000,18.878046
137.176505,21.800460,10.089383,18.055460
137.191618,21.746020,10.000000,16.630468
137.105099,21.783993,10.638519,20.163666
136.703345,22.282481,10.716442,19.999361
136.807952,21.616745,10.532668,19.688904
137.140239,22.375524,10.000000,16.663668
137.223540,21.633060,10.000000,15.168869
137.297139,21.972475,10.090213,17.937088
137.414708,21.748718,10.000000,13.853825
137.339638,21.465871,10.374551,17.132105
136.859197,21.749839,10.730875,19.590536
137.378371,21.492222,10.169860,17.034103
137.368937,21.285647,10.254540,19.212881
137.253269,22.113950,10.331148,19.603132
137.161895,22.234117,10.352215,18.762804
137.641808,21.490903,10.259580,18.842485
137.082399,21.667429,10.073733,18.376423
137.061754,21.996061,10.185736,19.216679
137.545864,21.410084,10.270772,19.447502
137.449504,21.341832,10.302746,18.994169
136.968691,21.593536,10.000000,17.609291
137.600567,21.831573,10.000000,17.627880
137.076782,21.290442,10.189370,17.450840
137.816112,21.591575,10.198549,16.597937
138.067012,21.895054,10.493082,19.567535
138.049275,21.499011,10.000000,19.949400
136.792898,21.603170,10.148950,20.112507
136.831245,21.599735,10.521230,16.242008
136.792230,21.763563,10.630502,19.387306
137.195529,21.893398,10.289309,17.968361
137.481620,21.776141,10.000000,18.712782
137.219387,21.226544,10.242715,16.956842
137.341515,21.608791,10.623127,20.630600
137.257800,21.307571,10.109138,20.474792
137.891341,21.050904,10.017307,20.233198
138.256826,21.033815,10.197531,20.143570
139.070834,21.659025,10.000000,20.140255
138.201630,21.722598,10.000000,19.112883
139.221798,21.619813,10.000000,19.793772
138.098387,21.615394,10.000000,18.851816
138.183973,21.016060,10.000000,18.513672
138.431800,21.231653,10.000000,20.011600
138.718516,21.225336,10.000000,18.900364
138.950832,21.488888,10.000000,20.395557
138.600877,21.164206,10.000000,19.500675
138.577800,21.489514,10.000000,20.414129
138.719155,21.336349,10.000000,19.163864
139.131187,21.517713,10.000000,20.037798
138.521888,21.537228,10.000000,20.090633
139.337965,21.572366,10.000000,19.534140
139.720016,21.857903,10.000000,20.571642
137.890122,21.622358,10.403234,20.862911
138.855138,21.299359,10.000000,20.103884
139.628763,21.430326,10.000000,20.106043
139.077406,21.518009,10.000000,20.489471
139.255718,21.385543,10.000000,20.296488
138.498722,21.551674,10.000000,20.131218
139.120117,21.755514,10.011556,19.921928
138.436161,21.618365,10.000000,19.820333
139.147528,21.553185,10.170343,20.143152
139.679578,20.997461,10.000000,20.268581
139.499424,20.884354,10.119430,19.577820
139.656099,21.649234,10.000000,20.319590
138.417297,21.238057,10.729393,20.071505
139.655182,21.297221,10.354064,19.998350
139.130258,21.844870,10.186563,20.434433
139.967930,21.535478,10.176533,18.906721
139.311891,21.365877,10.322988,20.442139
139.140117,21.335145,10.443966,19.465479
139.714388,21.526095,10.362339,20.078745
139.108927,20.944189,10.156919,19.602283
139.070826,21.527776,10.000000,18.989141
139.499056,21.524994,10.000000,20.195698
138.916255,21.423553,10.313718,19.161804
138.474095,20.919003,10.136840,19.611149
139.306604,21.828091,10.000000,20.092487
138.615580,21.879035,10.191167,19.461550
139.660139,21.735944,10.000000,19.949934
138.921811,21.761376,10.000000,19.722555
139.760777,21.613918,10.000000,20.262913
138.856059,21.751483,10.086413,19.692526
139.677073,21.542120,10.000000,20.118351
138.761537,21.658785,10.112345,19.600346
139.484618,21.385629,10.000000,19.983698
138.719000,21.391120,10.120367,19.769609
139.666209,21.234442,10.000000,19.936035
139.040485,21.221532,10.000000,19.903177
138.385119,21.217031,10.000000,19.752565
139.106009,20.945607,10.000000,20.224905
138.501048,21.185793,10.000000,20.207954
139.325333,21.332390,10.000000,19.868149
138.670930,21.496276,10.000000,20.130548
139.643351,21.662194,10.000000,19.555975
138.863858,22.456756,10.000000,19.824980
140.350308,21.789427,10.000000,19.608692
138.594993,21.875035,10.000000,19.088369
139.047162,22.052261,10.000000,20.060726
138.748495,21.150987,10.000000,19.465181
139.122789,21.526357,10.000000,20.020521
138.247789,21.649692,10.000000,20.128603
139.479189,21.628112,10.000000,19.934614
138.499041,21.846709,10.000000,19.676813
139.574733,21.640141,10.000000,19.370806
138.745781,22.108865,10.000000,19.620459
139.780940,21.834299,10.000000,19.475296
138.351168,21.325336,10.000000,19.346188
139.635111,21.491830,10.000000,19.584444
138.439257,21.901894,10.000000,19.876682
139.156653,22.009560,10.000000,19.525181
139.007829,21.910876,10.000000,19.407862
139.288458,21.760622,10.000000,19.289654
138.985232,22.551597,10.000000,19.656378
140.286059,22.609624,10.000000,19.335970
139.394572,22.940289,10.000000,19.353903
139.508102,22.477402,10.000000,18.489639
138.518912,22.850550,10.302997,19.371048
139.886768,23.675911,10.000000,17.979877
138.484327,23.171836,10.119511,18.351355
140.594775,25.223697,10.000000,16.810686
139.612129,24.680400,10.000000,16.581583
139.426661,25.196671,10.000000,17.123533
139.190459,25.602095,10.032688,16.800064
140.461831,25.913898,10.000000,16.088924
139.531138,26.774246,10.054628,15.440853
138.849286,26.780148,10.387054,15.415687
139.349041,26.778992,10.000000,15.230010
140.232965,27.528917,10.000000,14.916020
139.833308,27.829855,10.000000,14.587024
140.327923,26.625556,10.000000,14.724969
139.318905,27.757399,10.456614,14.850917
140.114087,28.015158,10.000000,13.340354
140.227997,28.211707,10.000000,13.488962
140.597924,29.214987,10.000000,12.626060
140.363085,29.153858,10.000000,12.354176
140.152824,29.004188,10.000000,12.297594
140.275878,28.793925,10.000000,12.202334
140.814945,29.578051,10.000000,12.332516
141.050028,28.642788,10.000000,13.207016
140.804311,28.266970,10.000000,13.581814
140.357857,28.127619,10.000000,12.982226
140.298758,28.657618,10.000000,12.951870
140.313009,28.923516,10.000000,13.821554
140.677115,28.107093,10.000000,14.397271
139.951612,29.182450,10.000000,13.419981
139.656938,30.084227,10.000000,13.170166
138.724212,28.900742,10.331309,13.665343
139.922868,28.956657,10.000000,13.410240
138.770923,29.453959,10.458686,13.533621
140.854700,30.032931,10.000000,12.720351
138.592527,29.060715,10.000000,13.548225
138.039784,29.102070,10.177938,14.156864
136.452605,28.354353,11.190187,14.065006
136.257126,28.547028,10.798224,13.955150
134.174055,28.283172,13.105895,14.069597
134.488332,28.368811,12.904465,14.099514
133.048413,29.220331,12.666516,14.114873
133.348225,29.140671,13.863516,13.858535
133.926126,28.519447,12.780670,14.267197
130.958582,28.925800,13.726417,13.786263
134.263502,29.011845,10.000000,13.620987
134.222211,28.765769,10.000000,13.923270
129.567655,27.334217,10.724190,14.959419
128.446431,28.083686,11.222994,14.249388
128.214557,27.525924,11.196056,14.285154
127.664419,27.585372,10.653065,15.630609
126.408918,27.393738,10.585651,16.341652
126.304395,26.628113,10.988934,17.843990
125.944171,26.876280,10.000000,17.660034
124.927492,26.147195,10.000000,18.105795
124.131403,27.015709,10.083602,17.934776
123.998932,26.294340,10.000000,17.727924
123.419527,25.662373,10.117088,18.523750
122.490907,25.758217,10.875794,19.045418
121.632365,25.543818,11.115271,19.170429
120.956772,24.510736,11.233673,19.951262
120.213480,25.159092,11.676110,20.436939
120.039512,24.849402,10.878176,20.325556
119.560953,24.712298,10.000000,20.002611
118.497290,24.685923,10.000000,20.371532
118.530032,24.659521,10.000000,19.950008
117.876158,24.853086,10.000000,19.682823
117.221189,24.785314,10.000000,19.817347
116.461104,24.837304,10.000000,20.537436
116.778752,24.736320,10.000000,20.280066
114.943540,24.842934,10.000000,20.948215
114.252860,24.935433,10.169510,20.622396
113.652114,24.770162,10.923763,20.483587
112.952969,24.506894,10.906274,20.452303
112.934544,24.128407,10.624487,20.541025
112.281254,25.050586,10.295774,20.058512
111.640735,24.540220,10.419006,20.223774
110.946062,24.550121,10.000000,20.231228
110.333089,24.662785,10.000000,19.858829
109.442508,24.719429,10.000000,19.808067
108.838686,24.429711,10.000000,19.993391
108.599046,24.204734,10.000000,20.161005
107.975273,24.164368,10.000000,20.105949
107.617070,24.101480,10.000000,20.361935
106.881602,24.635639,10.000000,20.253147
106.393858,24.617038,10.000000,19.810225
105.465854,24.291224,10.000000,19.995481
104.689079,24.234297,10.000000,19.630718
104.237851,23.886467,10.698725,20.160488
103.452095,24.877920,10.000000,20.178146
102.427552,24.644980,10.000000,19.823648
101.735208,24.202428,10.000000,19.977556
101.511548,23.658096,10.000000,20.190594
100.410060,23.997774,10.000000,20.291763
100.098710,23.592005,10.000000,19.881813
98.763030,23.864044,10.000000,20.492485
99.140001,23.835985,10.000000,20.271465
98.173063,24.350948,10.000000,20.327206
97.914943,23.269455,10.000000,20.851387
96.817008,23.481238,10.164056,21.434732
97.056597,23.823165,10.082435,21.581560
96.809362,23.774306,10.551655,20.263277
94.545039,23.756192,11.338942,24.231020
94.787020,24.134103,11.230895,22.325891
94.694280,24.114444,10.519410,23.697340
94.240869,23.651668,10.000000,23.298616
94.069925,23.896177,10.000000,23.575333
93.305974,23.233811,10.000000,23.871447
92.930483,23.802740,10.000000,19.988583
89.929289,23.590125,12.638073,26.606874
91.728194,23.036583,10.304194,23.819550
90.479173,23.654580,10.953986,22.227945
90.822059,23.856932,10.519397,22.860535
88.474011,23.641126,11.078723,22.953001
88.922637,23.547670,10.140723,21.270275
88.757778,23.117476,10.565046,20.871489
88.704451,23.040749,10.000000,20.436531
87.371066,23.883588,10.784209,20.471739
87.894874,23.781421,11.044371,21.181124
88.405879,23.335930,10.865334,22.164345
87.704980,22.775223,10.000000,20.956413
86.072014,23.038280,10.000000,19.074963
86.187318,22.541273,10.000000,20.080776
85.466292,22.798870,10.000000,20.148445
85.404186,22.985109,10.000000,20.040874
85.303513,22.522816,10.000000,19.934685
84.432763,22.879972,10.000000,19.797819
84.348741,23.553722,10.000000,19.789162
84.368383,23.397479,10.000000,19.643724
83.771436,22.999022,10.127661,19.991079
83.779325,24.394828,10.000000,19.351416
82.906342,23.576371,10.171443,19.854628
82.775403,23.530848,10.000000,19.565517
81.530923,24.090063,10.000000,19.193279
80.473239,23.366036,10.412885,19.254477
81.952201,24.229364,10.000000,19.264854
80.112031,23.629050,10.000000,17.982397
79.676433,23.183563,10.000000,18.955730
78.047088,23.256718,10.000000,18.805676
77.925306,24.018462,10.000000,18.974607
77.519978,23.557208,10.000000,18.638731
77.036779,24.059808,10.000000,18.687597
75.856513,23.611979,10.102518,18.765718
75.920063,23.650399,10.352645,19.093451
74.760890,23.373550,10.588766,19.293739
75.445517,23.973781,10.000000,18.828764
74.092208,23.529931,10.000000,19.131987
74.247068,23.931037,10.000000,19.167894
74.078247,23.575414,10.000000,17.581396
73.713955,24.389281,10.000000,18.675688
72.760570,23.862718,10.000000,18.366594
71.663173,23.279235,10.000000,18.740206
71.143855,24.001208,10.000000,18.063074
70.120197,23.815439,10.000000,19.159187
69.771820,24.168729,10.056699,19.548597
70.027615,24.298443,10.000000,20.007690
68.672578,23.937456,10.000000,19.769188
68.691433,24.733878,10.042326,19.600134
68.586969,24.725386,10.000000,18.852425
67.572373,24.270030,10.000000,19.368155
66.601481,24.534929,10.000000,19.252934
66.637306,24.912051,10.000000,18.978876
66.356943,25.081305,10.000000,17.209045
66.532969,24.895092,10.000000,18.710205
65.764777,24.536122,10.000000,18.513117
65.726573,24.969196,10.000000,19.011669
64.498951,25.326270,10.000000,18.602678
65.078619,24.919029,10.000000,18.977650
64.272687,25.304472,10.000000,19.453579
64.087965,25.080260,10.000000,19.002024
63.644611,24.616157,10.000000,18.974413
62.324176,25.009567,10.000000,19.327526
62.524652,24.614952,10.000000,18.939041
61.177846,25.080562,10.000000,19.402678
61.957754,24.963283,10.000000,18.850050
61.523757,24.978894,10.000000,18.990660
60.455502,25.977890,10.000000,18.450420
60.708073,25.280222,10.000000,18.403019
60.211809,25.625646,10.000000,18.204252
59.915644,25.219101,10.000000,18.197189
59.341001,25.872385,10.000000,18.242241
59.124056,26.300194,10.000000,17.960312
59.333015,26.525978,10.000000,17.840946
58.990292,27.026542,10.000000,17.777761
58.539416,26.466505,10.000000,17.720207
58.100704,27.067954,10.000000,17.798815
58.159230,26.514256,10.000000,17.625549
58.083249,27.276675,10.000000,17.302034
56.698322,27.960393,10.000000,16.808031
56.847537,28.032378,10.000000,16.944555
57.220878,28.341741,10.000000,16.553484
56.661212,27.881186,10.000000,16.184521
56.316889,28.924208,10.000000,15.911842
56.205393,29.062607,10.000000,15.928673
55.720879,28.216828,10.000000,16.049879
55.722779,28.539932,10.000000,16.014301
55.981551,28.710609,10.000000,16.544285
55.050195,28.594802,10.000000,16.931273
54.381931,28.550926,10.000000,16.380310
55.394403,28.953542,10.000000,16.127680
54.142306,28.571938,10.000000,16.563812
53.772338,29.240002,10.000000,16.158684
54.069394,29.349442,10.000000,16.277164
53.083036,29.903779,10.000000,16.232164
52.531317,29.090264,10.000000,15.912997
52.713536,29.012232,10.000000,16.357689
51.745368,29.491588,10.000000,16.457106
52.193412,29.221297,10.000000,15.779093
51.818906,29.071418,10.000000,15.832101
52.660032,30.044940,10.000000,16.154036
52.063920,29.041884,10.000000,15.437449
52.194913,29.181344,10.000000,15.590323
52.227839,29.375969,10.000000,15.735817
51.867670,29.284103,10.000000,15.367196
51.976111,29.514803,10.000000,15.589626
52.200310,29.792628,10.000000,15.682719
51.912858,29.765846,10.000000,15.759457
52.812344,29.716201,10.000000,16.098391
52.387162,29.843097,10.000000,16.470434
52.891226,29.679291,10.000000,16.422546
52.741129,29.706258,10.000000,16.456804
52.648076,29.821498,10.000000,16.391539
52.603284,29.696522,10.000000,16.633781
52.521732,29.741546,10.000000,16.459124
52.159012,30.042064,10.000000,16.143141
52.808040,29.955359,10.000000,15.833805
52.650433,30.761821,10.000000,16.221979
52.914349,30.910206,10.000000,15.793941
53.370905,30.862103,10.000000,15.847147
52.691561,30.824176,10.000000,15.645703
52.951323,30.702288,10.000000,16.001415
53.104286,30.798855,10.000000,16.133366
52.209309,31.047598,10.000000,15.702704
52.131669,31.038045,10.000000,16.253145
52.391418,30.104015,10.000000,16.252449
52.764925,30.485940,10.000000,16.134485
52.854634,30.877589,10.000000,16.211523
52.790064,31.179605,10.000000,16.374681
52.217722,31.191761,10.000000,15.673736
51.629756,30.278936,10.000000,16.055161
52.022813,30.642982,10.000000,15.450483
51.655638,30.955280,10.000000,15.720005
51.908701,31.122340,10.076346,15.516840
52.083416,31.321301,10.000000,15.367950
51.661325,31.271533,10.000000,15.182771
51.170885,31.764280,10.026818,14.954929
51.323440,32.001256,10.244641,14.043820
51.989830,32.828182,10.252743,14.114739
51.323348,33.677602,10.021079,14.008802
51.891542,33.436274,10.711430,13.688808
51.497297,34.088314,10.855637,14.003465
51.592608,34.787998,10.801954,12.666233
51.689173,34.274290,11.118091,13.012067
51.397197,35.316456,10.621400,13.673125
52.000088,34.608366,11.048233,13.164767
51.762946,35.312170,10.410231,13.231655
53.150589,35.802765,10.278817,12.412314
53.052059,35.340503,10.124245,14.229753
52.869904,35.422672,10.077003,13.150589
54.775547,36.059898,10.000000,11.839887
53.809533,35.661660,10.000000,11.704893
53.855443,34.947867,10.000000,12.189120
54.179896,35.162206,10.000000,12.504751
53.664173,35.227456,10.000000,12.482595
54.247550,35.352795,10.000000,12.503211
53.847469,35.397879,10.000000,12.280448
54.602582,35.299394,10.000000,12.389521
54.291590,35.087370,10.000000,13.748489
53.892968,35.510890,10.000000,15.316081
54.719532,35.063128,10.000000,12.172253
54.318121,34.486458,10.000000,14.879196
53.846107,34.894908,10.000000,16.021002
54.541272,35.301913,10.000000,13.033401
54.754184,35.283320,10.000000,12.996801
54.366920,35.039671,10.000000,13.225429
54.034562,35.231653,10.000000,12.304349
53.647247,34.619959,10.000000,12.841010
53.599327,34.777951,10.000000,12.595466
53.337572,34.289815,10.000000,13.326833
53.626010,35.237853,10.000000,13.015990
53.397555,33.980670,10.000000,13.383089
53.380092,34.617455,10.000000,13.295872
53.208477,33.600523,10.000000,14.357287
54.051223,33.365193,10.000000,13.987886
54.250724,33.745378,10.000000,13.365114
54.179001,32.789974,10.000000,13.749191
53.965505,32.721026,10.000000,14.128379
54.286018,31.930868,10.000000,14.134991
54.413848,32.033333,10.000000,14.319908
54.471102,31.926970,10.000000,14.735823
54.083920,31.282962,10.000000,14.683404
53.806223,31.552576,10.000000,14.685727
54.394333,31.821423,10.000000,14.399487
54.756229,31.380673,10.000000,14.539759
54.626712,31.703537,10.000000,14.228683
54.120193,31.228879,10.000000,14.623667
54.213256,31.495965,10.000000,14.371808
54.564278,31.324978,10.000000,14.409050
54.531069,31.766851,10.000000,15.318661
54.138654,32.544321,10.000000,14.449479
54.095091,32.671325,10.000000,13.916821
54.193353,32.192875,10.000000,13.728084
53.794151,32.237291,10.000000,13.626888
53.958977,32.614425,10.000000,13.564993
54.069225,33.410786,10.000000,14.165657
54.093428,33.949310,10.000000,14.106987
53.510694,33.422496,10.000000,14.964808
53.354880,34.019790,10.000000,13.402055
53.321635,34.395687,10.000000,13.423111
53.131514,33.617172,10.000000,18.316200
52.044732,34.586389,10.000000,13.678099
51.506537,34.246278,10.000000,14.814028
51.846632,34.321177,10.204692,19.541468
52.206239,34.308789,10.256938,17.891832
51.031528,34.547363,10.566284,18.262886
52.321106,34.467845,10.321089,19.508257
50.624200,34.588805,11.132747,18.207247
51.783652,35.031261,10.000000,17.769283
51.338603,34.429824,10.500018,17.918371
52.250399,34.235021,10.000000,19.936800
51.235316,34.196531,10.189414,16.412807
53.007501,34.476987,10.000000,14.896448
52.342536,34.585124,10.000000,15.905130
51.997880,34.201728,10.000000,14.475821
53.235220,34.168997,10.000000,15.878838
52.689254,33.947444,10.000000,13.039480
52.466696,34.738029,10.000000,12.186184
52.396594,34.319251,10.000000,13.179712
53.318172,33.581889,10.000000,13.699595
53.301595,33.144825,10.000000,13.130340
53.263328,33.237249,10.000000,12.762006
53.629728,33.063687,10.000000,12.395621
53.850856,33.107440,10.000000,12.897519
53.926055,32.735816,10.000000,12.917581
54.222442,33.019371,10.000000,12.977402
54.393703,32.093237,10.000000,13.858794
54.741438,32.640659,10.000000,15.394962
54.637586,32.857199,10.000000,13.822636
54.636846,32.206738,10.000000,13.756910
55.609876,32.039183,10.000000,14.011505
55.108227,32.377358,10.000000,13.741480
55.254352,32.061959,10.000000,14.332975
55.901374,32.071047,10.000000,14.676021
56.056913,31.719223,10.000000,14.931504
55.130312,31.813883,10.000000,13.975986
55.598733,31.649195,10.000000,14.595547
56.634235,31.831273,10.000000,15.040389
55.874596,31.733302,10.000000,14.471778
56.932287,31.678216,10.290646,15.340745
56.767587,30.692682,10.000000,14.130993
56.970313,29.780514,10.000000,15.310123
57.507775,30.904948,10.526104,15.333785
57.811662,30.361525,10.176147,15.057224
58.228531,30.194644,10.000000,15.652093
58.014647,29.531107,10.000000,15.788611
58.283017,29.948256,10.000000,15.914394
58.646371,30.365458,10.000000,15.723208
59.209424,29.281256,10.000000,15.916133
59.273358,29.156029,10.202549,16.330635
59.892140,29.348023,11.038049,16.885778
59.875364,29.177979,11.130012,16.790644
60.393189,28.668708,10.900707,16.929586
61.324417,28.108333,10.912855,16.518862
61.832990,28.371985,10.298850,16.869333
62.660615,28.010119,10.568053,17.643785
64.448869,27.833300,10.000000,17.396393
64.246366,27.412162,10.000000,17.658815
65.465798,27.233423,10.000000,17.599804
66.246042,26.565576,10.000000,18.029528
66.266712,25.990775,10.000000,18.143064
66.864216,26.348269,10.000000,18.890478
67.594882,25.937583,10.000000,19.170183
66.899575,25.153122,10.000000,19.437672
67.618230,25.266649,10.000000,19.295567
67.434052,24.995285,10.000000,19.895428
68.359887,25.368060,10.621250,19.686956
68.812323,25.032046,10.000000,19.853651
71.408469,25.356970,10.000000,19.109280
72.394698,24.661901,10.000000,19.483442
72.781120,25.138362,10.000000,19.394480
72.393251,24.322186,10.000000,19.236511
74.115698,23.847270,10.000000,20.777761
74.312331,24.414887,10.000000,20.011362
74.274489,23.649458,10.000000,20.132576
74.516659,24.102147,10.000000,20.295019
75.094039,23.715350,10.000000,19.956953
74.658614,24.232464,10.568864,20.290428
75.964480,24.012927,10.610968,19.769892
76.238842,23.936755,10.671813,19.699411
76.114729,23.701694,10.845896,19.191954
76.946760,24.287229,10.776809,19.012716
79.857660,23.695771,10.000000,19.017775
80.552627,23.725475,10.000000,19.391209
80.654518,23.810800,10.000000,19.409098
81.690086,22.819723,10.000000,19.756813
82.718253,23.185130,10.000000,20.046408
83.407404,22.828995,10.000000,19.971478
83.312970,23.334480,10.000000,20.512726
84.654208,22.877653,10.000000,20.247768
84.593965,22.610648,10.168724,20.463263
84.324799,22.822996,10.839323,20.621414
84.811558,23.064420,11.110223,20.971186
86.074928,22.371346,10.449503,20.453014
85.502202,22.641771,11.316415,20.866554
87.049189,22.431458,10.917150,22.070099
87.558945,22.341871,10.000000,19.697792
89.536694,21.678617,10.834725,23.822550
89.188653,21.791452,10.219700,22.100067
89.729337,21.883066,10.000000,22.141396
89.658169,21.573285,10.000000,21.685476
91.863986,21.752151,10.000000,20.651516
91.647325,21.862009,10.000000,19.888226
92.990033,21.976436,10.000000,20.377554
92.735137,21.801126,10.000000,19.984959
94.149670,21.973799,10.228256,20.140312
94.990588,22.101567,10.000000,18.991179
95.570815,21.570436,10.000000,18.935244
95.508526,21.901237,10.000000,19.438757
96.267159,21.360562,10.000000,18.865900
96.916164,21.769611,10.000000,19.653637
97.944684,21.608555,10.000000,18.800823
99.138904,20.834408,10.000000,18.881706
98.098122,20.865147,10.000000,19.516937
100.041970,20.508012,10.000000,19.985159
99.510426,21.122948,10.000000,19.972496
101.068882,20.393312,10.000000,19.948538
100.536990,20.555384,10.000000,20.408482
101.356944,20.635480,10.000000,19.756742
101.696853,21.042296,10.161057,20.168676
102.129069,21.050400,10.232911,19.981129
103.255220,20.726237,10.000000,19.845282
102.975379,21.159095,10.333694,19.769091
104.598359,20.658764,10.000000,19.795864
105.283384,20.469618,10.000000,20.151054
105.730365,20.485068,10.000000,19.900972
107.263052,20.220363,10.000000,19.870447
106.889693,20.114188,10.000000,19.619181
108.063979,20.854513,10.000000,19.847027
107.508049,20.734890,10.000000,20.521385
108.052670,20.500755,10.000000,20.034595
108.459450,20.332500,10.000000,20.612469
110.062086,20.025590,10.000000,20.306208
108.883105,19.972453,10.096299,20.403292
110.361887,20.379522,10.000000,20.506184
110.991543,19.977428,10.096551,20.326885
110.897314,20.630874,10.262964,20.365805
111.732345,20.192169,10.000000,20.409355
112.017338,20.754259,10.000000,20.561096
113.544216,20.357663,10.000000,20.317068
113.228319,20.038484,10.000000,20.595175
114.684802,20.616397,10.000000,20.753462
