295.000000,125.000000,18.000000,19.000000
296.841583,125.191038,17.446327,18.934322
298.709719,126.892001,18.829823,19.010691
301.692864,126.876836,19.123495,20.268728
304.192702,127.595258,19.816523,19.248091
307.265402,128.317322,19.377178,19.851234
311.318932,129.586690,18.965164,19.371183
314.639615,131.143225,19.028669,18.650890
315.161903,132.181247,19.321274,18.729471
314.524336,131.685762,19.870998,18.920353
314.152002,131.530215,20.263981,19.327379
314.019978,132.012361,20.199463,19.586729
314.101897,131.638337,20.002726,19.342352
313.581306,131.506442,20.076487,19.305368
314.349333,132.076874,20.051449,18.471443
314.542384,131.929529,19.844645,18.758099
315.501561,132.225048,19.681929,19.055313
315.334160,131.881300,19.870880,18.788624
315.542124,131.917926,19.898731,19.416193
315.506021,131.908557,19.715376,19.212015
316.223410,131.925635,19.477123,18.758089
316.274663,131.818415,19.557798,19.045635
315.575971,132.252470,19.882994,19.410931
315.716285,132.703585,19.904657,19.060749
315.159428,132.358990,19.926552,19.139030
315.234509,132.635972,19.686165,19.273428
315.580929,132.506945,19.533722,19.400852
315.181249,132.463982,20.098333,19.522614
315.300306,132.844765,19.553173,19.427979
314.607313,132.041115,20.022663,19.646538
313.618275,133.028337,20.100266,19.434881
313.552241,132.941420,19.875849,19.627483
314.874123,133.371254,19.378471,19.597313
313.737739,134.361984,19.966784,19.656242
313.115591,134.741347,20.114666,19.891184
311.922305,134.669614,19.310068,19.470175
308.125504,135.877565,18.979918,19.067188
305.559185,136.288470,20.080132,19.307222
305.702043,140.324826,16.894979,17.161650
301.070381,138.108961,18.757435,20.105373
298.990945,140.144585,18.761347,17.790291
295.722679,140.665012,16.708271,16.664116
292.314706,140.377587,18.202398,16.846327
291.933328,141.251076,18.358755,16.587448
290.831596,137.249923,20.230179,18.446077
293.278837,137.288420,18.668797,18.265957
295.279038,133.213947,19.390860,18.509544
301.153887,126.329098,19.113468,19.145878
307.199859,114.735276,19.420130,19.196451
308.805727,100.718292,25.061390,22.370190
317.797854,85.842647,21.124384,21.609007
323.858348,65.187477,20.972597,23.585724
326.077026,46.857041,22.146843,23.157946
331.779058,26.829790,20.133833,23.713581
334.292776,8.152895,20.004360,23.826725
332.930448,0.513390,22.166281,19.574501
314.664738,0.000000,50.339745,37.616570
278.877724,6.075722,116.826233,84.814507
228.090279,13.574036,164.103333,107.381081
212.904305,53.489040,251.610840,138.431076
389.169552,181.770321,75.293968,78.009323
401.433739,195.193947,70.842224,67.301567
407.170677,183.390404,54.876709,71.563286
407.674740,156.992367,44.100136,64.061859
461.598684,178.802042,36.381214,39.518925
440.724775,175.371513,53.169285,48.899910
435.583319,176.892740,58.630421,47.267063
438.712301,179.734617,56.113117,46.685177
459.930674,182.055557,34.717159,41.274864
445.710812,180.241066,42.978401,45.202660
453.291204,181.915936,42.591908,40.613342
401.822166,171.146370,86.263535,58.822685
386.026253,206.970789,60.212921,48.777088
385.532480,210.579233,48.625927,46.725788
361.138271,186.130714,98.589241,69.096474
399.254034,151.287731,51.503742,57.458771
397.024099,160.556307,57.703861,61.325199
413.649382,181.292946,57.927113,52.664787
449.269875,171.123665,46.470917,50.860405
413.942104,170.394541,79.778389,53.985218
418.232731,173.693535,81.100700,57.778954
436.216707,180.639988,55.256588,43.214600
402.679619,174.254961,82.918564,59.509480
386.924940,209.298700,58.602299,49.505253
378.754494,181.038181,90.153305,80.774826
403.531471,203.125929,53.959824,57.758389
388.905613,206.144272,62.547295,52.566673
375.156342,186.860916,85.639801,70.573662
399.092716,153.465580,81.293327,71.076630
368.076580,133.353342,58.753624,50.824055
349.576420,138.865673,48.431877,40.657196
347.308638,141.357338,53.105534,39.670280
341.714500,137.392984,90.703308,53.402622
357.634365,144.262848,78.125511,53.130516
354.064819,140.108938,67.688110,42.645107
352.938858,142.821859,48.325714,38.366283
351.015930,143.605986,39.874359,36.879223
354.413338,143.091108,45.687698,35.275448
349.527281,141.824051,47.589863,36.706612
359.057726,142.689928,42.669613,38.225071
349.546936,141.488178,50.622940,36.258240
354.965824,142.965595,56.283821,39.450562
347.245235,128.484722,73.849861,47.730682
342.828156,120.462549,92.175430,53.841190
330.751545,132.484901,121.315285,73.080360
362.778244,139.924278,75.066086,69.944160
355.810776,140.913132,81.534439,55.516411
355.980947,140.845163,44.940891,38.310276
351.120775,141.641428,44.314754,38.144093
356.648344,144.397627,46.961231,35.770870
347.105967,142.236423,56.573544,38.843674
348.826731,140.495037,45.307446,39.058426
358.268057,142.756508,42.208408,32.842430
356.890207,143.450769,44.121960,32.610569
352.261309,143.937098,41.049496,33.288380
332.330517,115.020586,73.732445,49.637600
302.337813,47.225323,27.469210,31.100784
286.759640,37.411869,21.684639,22.222717
272.226608,48.182892,32.154335,38.276207
286.767380,39.329298,36.212395,38.313145
282.384125,44.682189,14.918937,15.083375
279.193644,42.836859,32.266598,20.241802
288.682095,44.264907,19.391731,21.862726
300.584220,41.507640,30.722567,25.008532
276.411428,42.343021,29.786102,28.126526
289.630342,29.371734,33.258476,28.507891
293.666812,33.733871,19.033186,21.480227
283.878002,27.539827,28.968548,29.076771
277.221853,36.196108,40.991898,30.749485
283.980115,34.533728,28.765337,19.241787
291.890996,27.017953,18.745836,21.118704
292.651893,25.528595,20.681059,21.221748
304.966760,39.467495,26.022532,33.246262
312.784926,44.741140,20.446348,26.257748
307.886302,41.080118,23.746367,23.317043
306.612605,40.595285,25.002966,23.481174
307.493989,40.658190,24.804415,22.991230
308.214019,40.818904,23.841467,22.563547
305.662749,40.342227,25.248549,23.376619
306.609076,40.807055,26.541647,25.556309
308.786222,41.400062,24.022301,24.227686
307.121229,40.538996,25.754883,24.340824
308.681001,40.973551,24.591417,22.976978
309.990720,41.501704,22.567209,22.153231
312.607841,40.285762,21.673588,22.614893
315.439329,42.447657,18.228638,19.340351
312.491116,44.943989,22.004421,32.733498
312.361601,57.522641,22.528877,22.643408
314.710459,64.875562,20.445702,16.925726
317.608053,63.763658,17.918526,17.264288
319.677109,64.708839,16.076336,16.020706
322.110401,64.231709,14.757504,17.497200
321.628451,66.770974,14.376529,16.374060
320.618792,65.739717,15.034309,18.539545
319.711936,65.434542,15.353766,15.900909
319.209064,65.215485,16.266880,15.695961
319.037388,62.582944,16.896114,17.764357
316.288124,62.204988,19.662090,17.820271
314.751088,62.772153,19.985689,17.024076
315.645230,63.048063,19.253962,16.598827
317.186913,64.172250,18.307323,16.339796
316.168436,59.511387,19.331848,20.039925
316.775289,63.576197,18.869402,17.378315
316.978246,64.330971,17.923311,16.242249
318.542568,65.118777,16.919750,16.291590
317.115649,65.232591,17.743338,16.489607
318.252145,65.710265,17.381693,16.087511
317.332773,64.210562,18.229767,17.467464
317.706743,64.825931,17.962189,18.532885
317.823484,64.467221,17.643913,17.470358
317.602278,64.346426,18.093620,16.306362
317.538453,65.167822,17.857965,16.169346
317.558918,65.628471,17.942020,15.865372
316.358965,62.979495,18.608543,18.045305
316.911250,64.525598,17.986982,16.610456
316.523681,62.741309,18.588537,18.040270
316.675047,62.834641,18.364288,17.878820
317.027855,61.692189,18.851070,19.530233
316.854818,63.614642,18.641678,17.773371
316.741529,65.447796,18.419222,16.648521
317.830940,66.484980,17.846485,16.227482
317.559044,65.605835,18.299488,16.520180
316.088904,66.048101,18.837683,15.962734
316.071667,63.342591,18.344456,18.940374
317.388042,65.829600,17.493900,16.465418
317.584316,64.733120,17.898952,17.830322
317.056637,64.312296,18.175945,17.326397
319.063141,65.564418,16.336353,17.048349
323.074085,67.667480,13.377827,16.860010
326.132229,69.086094,12.067661,13.464890
325.545992,70.507226,11.636516,15.620623
326.913144,71.162870,11.265998,13.836076
325.656301,70.037091,14.450106,15.626170
320.420918,68.090045,18.406836,25.260916
322.621770,65.511978,16.131109,18.017406
323.638300,65.958316,13.767292,21.867849
323.247125,68.588434,13.964070,17.420609
324.469401,67.383316,14.828768,17.796154
325.426845,68.742816,12.064797,15.136801
326.066911,70.798168,13.592649,13.415788
325.789924,71.419775,13.262415,15.313460
325.679363,70.548561,15.072606,17.395699
323.812655,71.643340,12.600688,14.614199
325.340147,72.751275,14.582644,15.924814
325.942106,72.091708,12.489353,14.334743
326.002626,72.832010,13.100555,13.894199
325.612728,71.572595,12.056909,14.437960
326.205711,72.474962,11.615471,13.860887
324.863362,73.049210,12.174208,17.600910
326.411247,72.307011,11.595207,13.325027
326.875259,72.571007,13.304338,14.048782
326.108639,71.627305,15.137256,14.979842
325.862694,71.454671,13.630073,15.703508
325.975982,71.642841,13.630857,14.066273
325.407067,71.463584,12.272589,13.855200
326.247575,72.419134,11.301175,15.055065
326.414229,72.939234,12.289667,14.238955
325.686991,70.622608,11.848948,13.598691
326.725925,72.092132,11.657052,14.379225
324.633054,73.203502,11.764421,14.857804
325.371697,72.969177,11.566253,13.682649
325.529537,73.040385,12.048516,15.475752
326.453387,72.766153,13.019690,14.462128
325.761230,72.201191,13.312841,15.141910
326.123376,72.581944,14.551584,14.625007
324.882389,71.910547,12.186459,15.270207
326.103201,72.411641,13.073764,15.576429
325.101781,73.185055,13.370698,14.093121
326.718615,73.944586,11.993076,14.260571
325.944205,74.530459,11.377402,13.381060
326.192310,75.352428,11.445882,13.812772
326.495272,75.936787,11.701096,13.549251
325.450300,75.227501,11.886056,14.161705
326.896991,75.207518,11.086573,12.980731
326.223426,72.941543,12.527032,15.340818
326.348430,73.205002,11.385835,13.844523
325.610965,73.791614,11.306852,14.060998
325.327869,74.091655,12.463764,14.595274
325.222636,75.440339,13.198702,14.768165
326.445152,74.400331,12.450527,13.690332
325.451399,74.209253,11.903491,12.852193
306.702439,55.579356,19.551519,18.595287
303.466390,40.275966,17.284369,19.740547
296.797141,41.347381,29.033281,29.061340
301.617422,64.349004,18.453762,19.261723
300.991602,46.060592,19.014400,18.593170
305.127884,70.342773,19.940514,19.904493
304.434700,59.741042,20.312996,19.040257
304.614068,52.587967,19.869009,19.274050
304.652334,50.445838,19.831165,19.461079
304.374447,52.848546,20.252983,19.629059
304.514457,59.562821,19.856211,19.304512
304.856902,70.527902,20.317041,20.203575
304.755572,85.853620,21.074511,20.429482
305.872581,105.414800,19.340784,18.322678
304.400999,113.754680,21.050709,19.609379
304.345328,99.056388,19.863123,19.089165
303.664007,87.722037,20.213146,18.555176
302.464933,81.223833,20.047031,18.764063
302.439182,78.312088,20.086914,19.033758
301.012864,80.581189,20.379721,19.296360
300.522200,86.198655,20.712543,20.201557
299.512283,96.278361,20.679863,19.851425
298.846525,110.527977,20.377827,20.482977
299.132752,105.242055,20.081152,19.480762
299.730983,97.189896,19.425585,18.928808
299.369185,92.917741,20.088640,18.842861
300.193359,92.949224,19.925461,18.889767
299.728244,97.149789,20.200693,18.838390
300.570299,105.006575,19.360508,19.031786
299.367759,108.344093,19.620691,18.692053
299.095144,101.797398,19.296696,18.484793
298.632965,98.994954,19.346214,18.578350
298.305573,100.477245,19.963837,19.018660
298.346013,106.022422,19.334646,18.792061
297.379924,105.897150,19.177187,18.498529
297.309789,102.496342,19.316977,18.940382
297.824553,103.538630,18.880510,19.278107
296.767816,107.741849,19.338278,18.914639
297.155238,104.657706,18.619608,18.264351
297.320865,104.539683,18.846964,18.301941
296.956717,107.675892,19.195177,18.805006
296.174278,105.442838,18.731781,18.491924
296.345596,106.935317,18.891060,19.104454
296.021552,106.052072,19.047991,18.660076
295.879650,106.565270,18.839401,18.941113
296.962485,106.273967,18.933588,18.773964
297.345700,105.620443,18.792402,18.795412
296.757272,106.107626,18.891195,18.638765
297.613694,106.385221,18.603956,19.106777
297.093811,105.776944,18.884155,18.832088
296.679771,106.115332,18.926155,18.763376
297.310529,106.299156,18.582914,18.771650
296.699113,105.940174,19.051245,18.841970
296.497496,106.321568,19.204685,18.908064
295.595058,106.009478,18.922089,18.466440
295.459766,105.627172,19.098579,18.959040
295.689382,105.478312,18.939581,18.717844
296.742894,105.590457,18.610846,18.950233
296.252332,105.786786,19.179594,19.067890
296.631835,105.534584,19.034838,18.925253
296.584897,105.881667,18.919012,18.581490
295.669327,105.387278,19.071793,18.963419
295.951710,106.209141,19.176811,19.024588
296.226898,106.274802,18.898819,18.880669
296.182587,105.650212,18.846802,18.944675
296.106115,106.274841,19.172527,18.874601
296.809785,106.425900,19.244513,18.727591
296.930728,106.017355,19.402719,18.832415
296.414628,106.335817,19.382544,18.963839
296.040301,106.612996,19.196215,18.827831
296.462866,105.942787,19.637272,18.586584
296.058505,106.125120,19.782076,19.072535
296.338263,106.137043,19.423710,18.959196
295.706417,106.638778,19.577049,19.020432
296.726480,107.144234,19.679867,18.770308
296.041668,107.004518,19.890358,18.693455
296.082798,107.522771,19.871063,18.615459
295.459960,107.525483,19.820734,18.835949
296.616302,107.209304,19.583323,18.900116
295.923193,107.510791,19.784946,18.925781
296.017135,107.353995,20.089754,18.818901
298.392906,107.276059,18.085869,18.824772
297.963738,107.477076,18.772337,18.517351
298.224710,110.140356,18.231365,16.898272
299.601328,112.184494,16.908329,14.896644
299.501823,111.582337,17.174881,14.927514
301.284431,113.123940,14.846826,13.426821
299.888755,110.837894,16.396765,17.087145
299.419538,111.069726,16.773409,16.447708
301.696701,112.015260,15.022617,16.519554
299.359737,114.599005,18.300674,18.630384
297.824408,116.727652,19.341747,18.380056
298.808592,119.070487,19.784389,19.271557
298.536151,122.156141,20.194880,19.388464
298.384988,124.256784,20.006742,19.495298
298.913022,126.481727,20.108854,19.480404
300.032598,129.508756,19.861820,19.473557
301.201849,131.962289,19.054119,19.216370
302.082614,134.424551,18.932711,19.894033
300.344893,138.501673,20.014332,19.185606
300.313434,140.679094,20.443811,18.690435
300.921595,140.752693,20.380062,20.008135
300.660143,141.402406,20.445560,19.644417
301.730060,140.977960,20.319719,19.342178
301.438047,140.905340,20.155842,19.213415
301.616441,141.078481,20.186811,19.365250
301.111306,140.542670,20.364820,19.533566
302.071680,141.102840,20.020184,18.998934
301.228131,140.895880,20.266333,18.515127
302.298953,139.879179,20.216822,18.707983
302.010568,138.984320,20.513968,18.839018
301.595108,137.896596,20.134117,18.602478
301.346679,136.645072,20.361856,19.027142
301.515322,134.224483,20.525425,19.685717
301.471932,132.964737,20.670843,19.661516
301.120515,132.617464,20.778189,19.948515
300.144667,131.473163,20.397755,19.601391
300.939947,131.448292,20.365391,19.890024
299.643545,130.928389,20.621685,19.635412
300.271197,131.154029,20.815477,19.812473
299.220915,131.046268,20.895611,19.570795
299.457894,131.200780,20.871290,19.824905
299.198096,131.268975,20.856485,19.682175
299.320944,131.256954,20.663296,19.520891
300.395891,130.643143,20.438221,19.590998
300.724708,130.974169,20.764452,19.858694
301.563843,131.466393,20.385666,19.461182
301.917070,132.440209,19.944675,19.026451
302.841192,132.455613,19.601261,18.834869
302.824447,133.003284,20.144129,18.923525
302.883125,132.553416,20.193474,18.901173
302.364927,132.080953,19.769123,18.886292
297.342755,130.847998,20.473204,19.772009
291.453547,131.745947,20.582035,19.391111
286.138245,132.375299,20.361748,18.858513
280.242689,132.874322,20.599865,18.079643
274.523870,131.338490,20.411747,19.105568
269.977523,131.665133,20.456545,19.346525
264.379354,131.797240,18.969130,19.129925
259.113151,131.611234,18.345209,18.543686
253.881804,131.551912,19.454044,18.790060
248.542368,131.928407,20.063183,18.936127
243.022083,131.723727,20.143379,19.196484
237.884583,131.083361,20.259834,19.283590
233.059242,131.116033,20.347527,19.329742
228.047590,131.261236,20.365536,19.447798
222.705032,131.601740,20.377411,19.522619
217.185101,132.134635,20.198151,19.530376
212.303432,132.096238,20.397806,19.394997
206.505779,132.204751,20.540375,19.343231
201.683928,132.286105,20.361292,19.421909
196.845936,132.702431,20.481400,19.385447
192.137703,133.593776,20.350700,19.255024
187.213350,133.671229,20.516132,19.287678
182.317763,133.819068,20.424356,19.501484
176.151336,133.632514,20.571222,19.370235
172.144749,134.712704,20.427986,19.498713
166.817766,135.081388,20.748554,19.569334
161.113235,135.548768,20.613106,19.392662
157.144702,135.721661,20.399630,19.787371
151.567919,136.122563,20.927944,19.440987
146.645927,136.747415,21.052605,19.655563
142.718966,136.811600,20.733232,19.285540
138.263241,137.773516,20.724945,20.153944
133.033146,137.957139,21.079315,19.479111
128.751791,138.082421,20.876705,20.111183
124.863740,139.364228,20.839323,19.625946
119.865010,139.360749,21.079519,19.878838
116.115469,140.749082,20.909512,19.940567
110.697868,141.094735,21.249832,19.574989
107.205501,141.580931,20.930140,19.961599
102.103253,141.925222,21.243040,19.956472
98.496284,143.362659,20.981010,20.344196
94.727409,143.656507,20.842705,20.292120
89.856352,144.715559,21.105175,20.304663
86.035645,145.535426,21.118086,20.273945
82.205860,145.920713,21.297768,20.313772
78.028671,146.421831,21.549446,20.635969
74.739334,147.664592,20.993309,20.097767
70.734203,149.005072,20.838684,19.991705
67.194514,149.186392,20.726564,20.023924
62.523211,150.254878,21.251476,20.425526
59.067735,151.480655,21.566343,20.534435
55.533908,152.468243,21.143244,20.250383
51.031078,153.423600,21.437592,20.011383
55.242710,152.382577,21.181053,19.798576
64.481389,151.730623,18.840376,18.903784
74.248036,151.245891,19.909903,18.743092
88.455989,148.471972,20.319345,20.388678
106.723121,149.302454,19.036142,17.679617
123.549397,146.988620,22.320877,18.837704
144.523941,142.129175,21.301170,19.723837
164.991982,135.986322,20.643209,19.608236
182.194489,130.606424,20.495422,20.565268
199.314559,126.023906,20.223330,20.606808
214.806996,121.100546,19.777754,18.679403
228.076453,116.821941,19.240679,16.845736
240.792343,112.885748,17.391220,15.159749
252.804432,104.007056,17.296860,18.590260
264.283293,98.116339,17.397511,18.526937
274.082252,90.827128,16.737986,19.119995
281.845963,83.915719,18.712996,19.517250
288.586724,77.277072,18.340666,19.423855
298.437629,72.702982,14.758569,17.435606
302.384587,69.791303,16.607283,18.588211
305.581966,73.287403,17.625145,14.830058
307.117075,73.020795,19.188229,13.048695
307.346305,74.180374,20.307100,13.763380
309.096072,74.968513,19.663500,14.754332
312.364787,72.002284,17.133951,17.983246
311.091599,74.091545,18.173216,17.325926
308.735689,75.666349,17.919025,18.380472
306.917221,78.545167,17.614281,18.842266
302.989532,81.043893,17.735634,18.215267
299.063290,83.354474,18.098114,18.468517
295.871474,85.480392,18.192392,19.233213
293.210175,88.294473,18.506683,18.761044
290.148811,91.698159,18.260765,18.467342
287.233160,94.799340,19.000385,18.686535
283.949960,98.562267,19.516706,19.173079
281.859095,101.718191,19.376545,19.026209
280.000978,104.505024,19.580992,19.104162
278.334992,107.483648,19.829298,18.994349
277.555169,109.214733,19.806150,19.346899
276.421758,110.887475,19.621923,19.172672
276.156289,111.758083,19.753187,19.333525
275.311963,111.731209,19.744246,18.980299
277.128473,112.195522,18.695751,18.777174
277.282314,112.208224,18.785576,18.883934
277.665943,111.570747,18.839912,18.902685
279.546333,111.281232,18.461349,18.762691
280.988756,110.452295,18.362339,18.503328
282.026917,109.047955,18.785278,18.417562
283.338816,108.163637,18.521809,18.653879
284.869161,107.449728,18.503645,18.641497
285.381063,106.883215,19.053211,18.643007
286.765668,105.554263,18.845022,18.718872
287.891257,104.806543,18.646837,18.765436
287.663973,104.020540,19.272305,18.922594
287.779497,104.196683,19.748440,18.799824
288.313214,103.623149,19.549063,18.615211
288.254589,104.217697,19.305923,19.072699
289.456601,104.102651,19.063398,18.342655
289.103087,103.929060,19.446009,18.759768
288.877872,104.113697,19.445429,18.916899
288.727000,104.421208,19.316034,18.936062
288.744952,104.871493,18.957087,18.861382
289.342635,105.036849,19.127153,18.636375
288.791797,105.229993,19.198862,18.716183
289.213547,104.790213,19.330719,18.736506
289.128752,104.314488,19.218365,18.854885
289.008845,104.675056,19.511950,18.802336
289.481543,103.326497,19.168079,18.823483
289.707815,103.084033,19.114712,18.815369
290.595783,103.324255,18.765739,18.697527
291.330194,102.787470,18.711866,18.467447
291.011165,101.950055,18.983072,18.879772
290.432673,102.660597,18.945194,18.543528
291.841719,102.466033,18.692043,18.602554
290.851236,102.177753,18.864727,18.913321
291.731083,100.911051,18.513451,18.686869
292.021059,101.092046,18.841526,18.528263
291.607445,100.458738,18.762314,18.680162
292.435531,100.674969,18.833345,18.530622
292.531653,100.009180,18.864420,18.930246
292.355715,99.333988,19.337147,18.911917
293.091425,98.576818,18.727230,18.666475
294.544493,98.047863,18.614223,18.480253
296.526432,96.323752,18.580292,18.597206
298.211243,95.504430,18.561501,18.263485
300.873822,93.883022,18.222174,18.386480
302.548696,93.198505,18.364958,17.707144
305.070951,91.418529,18.558378,17.647491
307.101422,91.124152,18.100691,17.537010
309.125446,91.143341,18.003571,18.006590
309.729738,91.757123,18.151279,17.959972
311.128413,93.490046,18.015314,17.997988
310.874175,94.247988,18.031374,18.198259
312.000414,95.104402,17.628002,18.429279
311.383269,96.201214,17.396395,18.030668
310.583914,97.038206,16.840176,17.585573
309.780872,97.685697,17.032753,18.057911
309.885498,97.344123,16.858971,18.086937
310.365553,95.894859,16.856525,18.310751
311.086694,92.857639,16.999327,18.034620
311.340683,90.674335,18.114441,18.610748
312.585625,86.524337,18.295090,19.248795
313.233443,81.627778,19.115419,18.544102
314.574898,76.442772,19.224556,18.637365
316.083895,71.696051,19.068279,18.318445
317.353119,68.651747,18.542282,18.873354
317.553364,65.807579,18.811424,19.000715
317.469084,66.435227,18.875156,18.815701
316.178638,68.887074,19.391626,19.364050
314.230503,73.993896,19.736526,20.512764
311.982333,84.448339,19.458368,20.614252
309.379939,99.894622,19.069658,19.811371
304.812102,117.746254,20.405504,19.670027
302.595737,111.118997,19.731033,19.853085
301.656948,101.018088,19.882751,19.248302
299.634359,94.705207,19.704388,19.362263
297.530609,92.530656,19.964630,19.447029
295.983201,94.961866,19.846083,19.606932
294.578283,101.817973,19.876659,19.791851
292.231803,112.349103,19.738001,20.007248
291.207534,123.273046,19.979959,20.727407
289.481055,113.619071,19.636179,19.305340
287.585272,109.597994,20.004871,19.127516
285.608111,107.736258,19.809954,19.410841
