121.000000,38.000000,97.000000,134.000000
120.265709,37.278397,99.677902,133.187805
120.440361,35.434143,99.989395,133.921173
117.301098,30.396172,101.436775,134.909988
113.477875,29.402367,103.912170,132.013992
111.856937,27.071815,104.749657,132.347824
110.025635,25.244011,104.394073,134.407791
111.966599,19.373367,99.963470,138.167694
115.312653,9.803368,90.927124,146.061844
105.528408,14.614784,104.659157,136.024063
100.166733,12.802727,106.386627,139.093124
103.083553,20.688408,92.360909,142.273117
104.411621,16.999321,94.840515,152.702652
109.037369,15.761169,100.159058,154.914734
100.727531,13.949127,117.164078,158.240845
101.418022,14.061089,119.821426,162.450027
102.179531,26.638062,124.742439,155.399414
102.916885,12.868629,144.363617,175.469650
94.521400,38.910034,145.096603,154.896912
87.352829,52.272285,158.940826,149.464157
91.947960,84.813351,155.554703,118.364937
90.312614,92.624481,161.130203,110.710754
89.540833,100.072876,171.394592,122.759583
82.568459,102.247925,178.031418,134.521667
79.808327,104.951813,181.320175,137.145386
78.123596,109.460022,178.274109,141.691101
76.218834,116.379303,184.163345,138.893433
79.579437,113.537689,173.143982,145.695068
80.046341,112.390549,178.182526,150.272064
83.952782,117.853287,176.407181,147.513824
86.092888,119.897537,170.931412,146.056183
100.031677,122.087700,168.610657,147.547073
96.026878,121.005119,173.995682,146.464798
97.468636,125.777283,161.785202,141.518127
98.455635,129.527977,170.507736,135.275528
95.361420,132.644279,165.510010,133.982742
92.576332,132.275055,172.666550,134.860718
94.900299,132.061241,169.635681,134.595230
95.621529,133.322495,171.009933,132.846161
98.154327,129.398247,179.833618,137.568130
106.876060,128.111794,173.738358,140.730087
102.304672,119.520393,179.971466,149.136826
111.822769,133.495544,171.888092,135.602051
106.442177,138.978561,179.407028,129.633698
100.396271,123.333977,181.979492,146.139481
97.259018,136.982819,176.517731,131.608704
92.413956,109.361946,170.638763,158.386154
95.618881,131.871399,162.639801,138.173889
91.076607,126.005623,173.228378,141.993515
94.587219,121.663673,159.369995,144.333908
85.202911,128.046196,165.183105,141.490250
83.665657,111.790443,174.733566,154.125839
117.046280,45.267998,134.184235,202.019058
75.941620,139.808815,161.648499,129.352341
79.789848,124.331070,162.307938,143.905304
82.746002,137.339363,157.370178,132.316086
88.306580,133.132416,159.032410,132.901367
88.359413,130.498566,159.954758,134.276062
92.607239,123.208153,165.990479,144.232620
101.746109,27.858688,166.453827,233.056976
100.257225,124.523727,156.474380,142.802826
102.715462,127.031448,145.104599,139.852203
101.792152,113.297043,145.501083,153.955536
101.811165,111.442818,147.564926,155.067001
103.402351,102.967583,149.112839,164.232071
105.707123,116.531525,143.654602,150.562500
107.775902,115.591698,157.059280,152.365494
111.363297,118.266068,145.415802,150.362274
115.723831,117.345238,145.895111,151.221024
123.326347,115.765335,140.055496,148.838531
118.934708,110.029144,144.174408,152.885132
119.348244,116.481430,139.157211,147.460480
121.687202,107.254768,149.057785,155.180954
122.451424,112.411049,138.980026,149.904770
125.076736,109.269844,142.367645,153.202621
129.355309,107.372772,132.248734,153.561340
124.776047,105.282585,144.009796,156.218521
128.422890,109.192917,135.853683,151.012482
132.433800,105.019478,138.536087,154.346115
131.505814,107.192520,136.641693,152.816376
135.552345,105.548882,132.420639,151.999588
141.210114,107.854866,126.138123,146.618637
143.521751,108.039925,122.322037,139.135666
142.957615,106.789162,120.371086,138.944504
138.325714,106.426552,127.083679,140.533920
139.954769,106.131966,123.391243,139.797348
137.068878,106.824364,126.013062,141.979996
138.018963,107.175545,123.815102,137.109665
137.891331,109.152321,127.984062,137.967453
139.280121,108.061089,125.639648,138.267471
142.358376,109.687347,122.154465,135.466553
141.391747,106.087395,124.415298,140.439224
141.955040,109.385788,123.843399,137.115570
141.596241,105.800323,124.965050,141.398315
142.766392,108.708839,126.040337,139.175095
139.464336,109.884422,122.616982,141.558670
136.117500,105.797241,130.989487,141.170837
139.731121,107.930893,121.739418,142.962189
138.605278,107.431847,123.315567,140.394241
137.573395,111.116631,119.205078,135.104630
136.314304,108.123085,122.606560,143.369614
134.956772,107.242432,123.786957,145.251892
134.589279,105.684341,124.004303,145.612640
134.015438,105.885574,125.515266,147.146820
134.418797,105.622147,119.851311,146.989227
133.649574,108.163452,118.063705,143.859619
132.068008,110.064438,116.953644,140.381561
131.414192,111.946854,115.043137,138.057037
130.554535,112.127548,116.946503,137.747040
131.240486,111.682312,113.448441,138.752747
130.021118,111.704185,116.469208,139.881729
130.468548,111.038185,114.126625,138.291611
130.554024,111.425392,115.000839,140.315842
129.288357,111.931778,115.823799,138.860840
131.499004,113.814201,114.670235,135.353775
131.258327,114.447701,114.482735,137.027664
129.410446,117.515472,115.473663,135.180878
129.118580,118.286583,113.285332,137.415237
125.192528,119.644501,115.732590,144.425781
127.215652,121.308289,112.281372,145.463806
125.319977,121.543144,114.984375,142.448532
124.764889,122.221268,112.956184,143.435059
124.495556,123.510651,112.649239,144.024017
122.301804,123.677139,113.451813,142.768402
123.790997,125.548157,111.634438,140.612640
123.202297,125.396111,112.322639,137.751297
122.084938,127.068817,112.848648,140.485779
120.605164,126.286720,114.901978,141.784897
121.825607,125.421181,113.573090,140.381363
122.852566,125.476204,111.771217,140.115799
124.334995,125.517632,110.533165,141.985489
122.340961,125.003044,112.416588,139.760422
121.398766,125.007423,112.182419,137.908340
122.149101,126.692871,110.825516,137.636169
114.498775,127.030792,117.878822,141.611755
116.460838,129.233749,113.786972,138.891266
117.861301,127.486778,114.947258,137.060104
120.231850,125.115639,117.316818,129.315414
118.856205,121.363449,127.485893,118.133636
129.505466,126.029942,111.704826,127.030388
49.737396,62.325081,90.519226,144.770920
53.463184,61.587387,107.332024,132.865784
58.252384,58.060028,106.543175,122.064789
49.243744,53.185516,119.298798,136.247681
50.875618,31.324539,155.040848,149.717102
55.911552,66.841022,116.039291,104.201225
48.456936,53.532322,121.142097,110.872215
51.324558,40.391373,116.204369,128.760742
43.224648,53.599186,195.184830,122.277367
0.000000,33.414307,323.000122,165.938141
271.526596,70.398811,141.829620,133.012711
254.957542,76.255543,156.482315,121.441826
257.221603,70.992809,133.180267,115.030891
278.069099,69.161026,132.649643,124.077576
254.541412,71.366734,149.403076,117.077782
265.309784,70.766792,149.974365,117.901505
256.007416,76.130741,164.339966,113.974815
209.074158,67.489792,204.259430,132.629578
270.327370,76.650318,128.763077,110.609184
267.029182,73.745476,141.925766,117.528366
253.948097,75.432987,158.776505,113.629051
231.403435,74.353745,158.642990,112.260498
195.210663,66.091518,181.954346,126.153847
51.358109,56.907391,113.952881,127.446907
53.506386,63.710571,115.513626,118.399689
52.384708,58.836952,105.570671,129.727921
52.974346,65.392914,110.469337,128.274719
53.641834,57.891750,103.788841,122.094063
46.694675,123.306244,102.117943,109.297729
53.698345,112.386715,101.899879,101.783455
66.570351,86.472637,103.939255,107.911812
52.553085,81.556141,109.586639,123.428307
52.689243,58.666706,103.421288,115.575981
57.514038,59.402103,86.188171,112.689659
56.835064,57.049889,92.347878,134.464890
54.304771,58.507294,84.572067,145.067749
51.522243,58.843391,91.039680,142.218246
52.710258,60.446449,92.605789,140.052200
52.211182,61.743820,100.200073,136.035919
53.610279,65.382523,92.779961,133.357239
47.484291,63.116554,123.819778,132.085464
62.031929,42.894676,209.910233,149.844009
62.505577,62.085022,135.436752,105.443115
154.496262,0.000000,99.319824,70.119022
153.182331,0.000000,102.433647,79.552183
155.416061,0.351745,120.878815,101.473297
155.178116,0.000000,99.085785,72.801570
150.466766,0.000000,106.777466,88.826963
151.244118,0.000000,98.537399,93.664408
156.591476,0.000000,101.175110,88.202104
153.507084,0.000000,99.212425,89.786694
154.490063,0.000000,103.996620,93.004435
155.015652,0.000000,115.742531,97.250772
149.762222,3.067414,129.131042,117.974709
153.442062,6.973534,164.229736,112.784355
279.131649,31.117520,113.913246,83.421127
277.816040,1.842225,125.615021,111.866158
251.891647,18.347066,143.874756,142.858063
287.589699,52.977013,131.156509,121.763878
285.902176,31.806862,122.719330,119.983940
283.358402,21.413937,117.754692,116.297836
276.985878,39.159718,119.919785,106.269653
266.216682,28.707532,130.365433,125.225143
245.386292,25.450303,148.544891,119.809120
270.855858,32.486394,130.591049,122.756165
241.345810,37.030205,143.055511,113.075340
155.092880,0.000000,105.977753,101.604039
152.024193,0.000000,107.598160,95.488795
152.830063,0.000000,99.583038,90.405625
153.476727,0.000000,114.782661,99.510575
151.541534,0.000000,116.006531,104.135800
153.338066,0.015650,137.756851,109.230263
154.771790,0.000000,108.729401,80.634642
148.603157,0.000000,118.510117,91.907733
152.828808,1.005769,124.731789,109.601639
150.500465,0.000000,122.946213,84.952646
152.406715,0.000000,109.092422,104.792508
151.260292,0.000000,134.770950,91.061552
150.915710,0.000000,132.513580,108.695571
150.666767,0.000000,92.571404,84.029918
152.957451,0.541124,115.079727,90.429115
152.747459,2.393282,131.095535,125.950966
151.558960,0.000000,138.832581,113.144659
154.372318,0.000000,108.392448,95.072440
150.055767,0.000000,113.182014,110.698432
171.829681,39.510708,146.261322,112.648697
155.226234,2.420116,143.764236,118.894638
158.490051,1.394455,147.784943,114.138954
153.121597,0.000000,185.751770,155.106098
153.083126,0.925150,115.731422,137.706360
155.367172,4.534677,153.256836,115.631897
161.019897,2.000719,169.349457,130.057602
165.487633,0.000000,182.219406,161.108797
150.672394,44.768960,161.176361,131.993240
147.704674,0.000000,126.719406,106.721291
152.005585,0.000000,144.633728,103.441685
150.907948,0.000000,109.355583,72.427771
149.284813,0.000000,127.152969,106.050620
151.004700,0.000000,138.485748,82.164798
153.297287,2.052229,133.029633,116.314766
148.963856,2.479128,126.981102,103.013641
147.954903,0.000000,142.850601,89.790949
152.558285,0.000000,126.977821,115.024869
148.705353,0.000000,117.413147,84.169115
152.848591,0.000000,114.407433,104.117334
150.206657,0.000000,137.642563,89.830376
151.876358,2.861664,136.482788,121.102867
150.668976,0.977349,156.857025,113.406624
154.886993,1.473271,120.566071,100.047897
140.811516,0.000000,160.800156,115.336476
148.908554,0.000000,103.173431,82.934691
149.546913,0.000000,131.493088,94.776488
148.119469,0.000000,112.287277,103.619880
155.448700,10.921905,149.161469,120.342293
150.314278,0.000000,101.169144,88.842060
150.372505,0.000000,99.775467,84.139986
152.166477,0.000000,110.232292,86.899552
153.509083,0.000000,95.960991,90.171059
152.898319,0.000000,104.340691,85.116738
150.480667,0.000000,96.350403,82.851551
148.633339,5.204760,140.545883,108.314133
151.607460,1.283495,126.823349,109.409134
151.329845,0.000000,121.210426,120.668043
149.171875,0.610862,141.886597,118.287628
148.837769,0.909106,118.312317,102.111488
210.125450,34.724906,141.390518,123.504547
250.706329,54.440417,143.441895,116.668190
152.465019,0.000000,119.478653,84.732394
149.762093,0.905492,132.767990,110.282494
151.572624,18.766908,153.131088,130.493500
153.420418,0.000000,96.006790,84.264970
153.033112,0.472722,121.771088,96.151863
146.206215,6.387543,148.036728,131.335709
136.346172,0.000000,115.672249,113.457982
226.573624,29.808131,110.692993,151.025986
152.205441,15.345888,119.504280,119.887756
155.981140,3.183424,115.579041,107.568977
153.873138,38.786684,168.952484,152.644379
149.511726,1.882105,118.870132,128.897995
122.600586,1.129961,153.393280,133.903961
111.408875,0.000000,161.994354,164.782946
55.795513,56.817125,115.181526,124.079483
57.112888,59.494821,100.433678,136.466431
57.925728,59.979226,91.236160,127.142120
57.612450,58.306138,97.687943,134.760941
56.549160,60.307855,98.316139,134.766449
57.871075,61.833551,99.043709,138.607025
57.193325,59.972238,95.559944,131.654419
58.065407,62.267312,95.671494,135.479736
56.670418,60.235109,85.455887,143.919815
55.045959,68.906877,82.480896,132.250412
54.795746,60.147058,86.138336,141.478699
52.338028,73.902642,86.858124,127.231689
54.663799,72.119065,84.036324,132.524582
58.446671,64.089479,82.908203,139.415146
57.668205,61.254834,88.131546,115.732811
59.089626,56.355890,94.915169,117.685059
49.762302,158.806012,75.334312,85.151634
54.568695,151.723287,72.109924,86.622627
54.211647,119.920388,77.883408,89.019775
59.442249,132.379152,70.605034,72.326889
52.834339,120.934446,86.458824,78.753777
51.782116,112.400033,98.903755,95.409149
75.092178,74.539384,89.054596,125.735275
53.568928,93.527822,93.734520,108.182381
49.323803,103.965360,76.115944,115.967278
51.625542,119.230241,74.292160,84.406021
55.844845,125.361566,71.664223,80.568542
52.401745,108.050584,76.740334,96.138199
54.877487,97.967008,75.462250,111.014854
55.016651,118.859334,73.514580,96.733620
57.150101,112.382013,73.578949,91.593567
53.201572,103.486322,76.564384,101.110779
54.956203,112.728845,74.799080,94.027985
56.430435,105.173234,72.057587,101.878525
54.341927,113.879003,74.246994,105.390602
54.083702,109.309110,76.801651,96.469627
55.918262,101.772557,72.711418,105.781105
54.410530,120.906999,72.589584,87.150192
55.379112,111.807168,75.135941,92.827850
54.589397,103.902032,74.681252,100.990875
54.224632,112.408067,74.280930,97.648056
56.479774,105.307615,70.982925,101.634239
54.266159,107.597985,74.674591,99.682098
55.681709,122.246011,71.162918,102.702271
55.521790,113.124219,71.797974,109.066307
54.193733,111.100614,76.674820,96.905754
57.272972,104.902818,72.160965,101.115799
54.507080,111.711187,75.090515,97.796974
55.977489,101.158731,72.866859,104.001434
55.526791,110.189286,73.846046,94.777298
55.097916,102.267717,74.430634,103.280594
55.155266,111.922689,73.690231,95.664040
55.128853,102.595414,74.835190,103.732559
53.726280,122.203607,74.663040,94.874207
56.440140,116.182012,73.748322,88.938179
54.421936,109.351197,75.917969,96.195145
54.657681,110.824651,75.872108,96.446724
56.855980,98.983564,74.612015,106.327202
55.310497,114.265302,72.192024,92.835106
56.286076,114.787313,73.091301,93.551796
56.232841,111.085283,73.383530,98.048660
55.828503,97.298478,74.735237,106.323441
56.926376,115.360746,71.145355,89.143211
52.243717,112.420991,77.051842,98.569534
55.013527,114.715993,76.954605,89.187813
54.156700,111.272432,79.703964,93.645248
53.868744,113.343557,78.114899,92.033699
55.104107,111.547643,76.646339,92.585426
52.593853,110.926847,80.286995,93.888176
54.954819,108.247388,75.655457,96.157188
53.046688,111.621667,80.940071,94.098816
56.099236,111.152501,75.731491,93.524208
54.022968,109.777452,80.593376,94.179489
53.571465,108.282670,78.420547,97.043747
54.560257,106.945520,79.555603,98.163696
53.993889,115.613816,77.062393,89.596420
54.506599,113.404275,77.353073,89.192871
51.540707,102.166337,81.743965,102.048172
54.296638,118.529363,75.289139,101.548195
56.025108,116.310868,73.178513,89.036240
51.621422,110.512216,80.001999,92.580261
55.601807,105.858369,77.124908,100.349930
54.373451,117.621213,74.642593,87.076073
53.956753,116.563394,74.830238,88.512787
54.846737,111.912225,76.050117,92.620819
54.539169,101.506749,76.665649,102.769112
54.741142,112.415368,74.893967,92.443787
53.699139,102.265550,76.345253,103.572189
52.867569,119.165170,76.585876,92.073059
55.759407,115.225568,74.185898,89.452293
51.946827,110.447007,78.428062,93.456070
55.283768,101.411279,74.918518,105.099609
53.773216,118.971345,75.613235,97.614944
56.129360,112.632657,75.404823,92.453056
52.198792,109.205621,78.352081,94.199219
55.107944,106.816800,75.296593,103.188103
57.283672,100.947301,73.268166,112.366402
56.481422,107.247808,71.334488,100.221046
54.671303,103.078744,75.782089,102.492157
53.576694,116.843045,76.182549,102.858269
54.548222,113.555440,76.767998,99.810402
57.166279,97.002290,74.422874,105.319473
58.052071,116.068853,70.461655,87.471230
51.704063,101.298886,78.562271,102.234032
55.237659,115.424958,74.301231,89.906235
54.283401,108.109643,75.629486,97.234467
55.241261,114.251939,74.157036,91.947922
54.496735,109.561872,75.120667,96.456139
55.070919,118.075174,73.389442,106.102478
56.453602,115.249215,72.837914,89.618073
50.572769,98.175447,80.491180,106.671799
11.905563,87.921777,154.661560,120.841370
181.059036,65.383294,103.159241,151.340271
168.528137,72.304643,109.309753,147.511673
151.250893,72.028299,120.720016,151.068604
137.961197,68.370401,131.269928,161.774231
133.895439,69.074212,131.654251,163.920807
131.879219,73.306871,130.342148,165.003952
136.691902,72.568666,127.861374,166.303970
143.005314,76.406640,122.626152,163.209869
143.451599,81.910714,122.167480,153.653748
142.124676,78.135392,122.417641,154.388657
142.565502,70.271844,122.847084,162.431244
144.547844,71.255380,123.801590,159.651489
143.067970,72.134980,120.877731,157.249588
145.445992,73.266511,119.391403,154.471573
143.677734,72.979463,120.784363,156.341019
144.631603,73.649255,117.604836,157.883636
148.388317,76.593354,112.915810,155.665482
148.221996,73.535478,116.482460,159.960129
149.410118,79.030854,111.179764,153.333511
149.155499,77.271196,118.230995,157.311020
149.754623,81.191064,115.193451,154.197968
148.665302,83.159715,115.581749,151.830368
150.336205,83.809182,114.519547,152.418823
150.175274,84.045900,112.375893,152.504044
149.207996,82.960290,115.022179,154.715546
153.725021,86.574563,111.122650,151.011658
153.590733,83.392175,111.237785,154.345612
155.475140,85.972108,110.714638,150.554276
155.822895,85.523477,110.779686,150.510925
156.367741,88.658693,109.666862,147.796524
155.983025,84.633012,111.043686,152.830826
157.780701,86.822923,107.518585,150.978958
158.517979,84.552522,113.926964,154.375107
158.097076,84.357606,115.395355,155.766159
159.264191,84.918725,118.273407,156.075195
158.748501,84.600053,115.430763,158.463882
159.220058,85.076165,120.121742,158.067200
162.617420,85.653306,113.493950,158.472977
164.145329,86.038949,111.388206,153.074310
164.834953,86.055749,111.935226,156.729309
165.944309,86.344217,110.555504,154.454498
163.908844,86.269838,113.598175,156.409592
166.220352,90.072396,111.766541,151.878387
164.957081,88.470529,114.240959,154.265778
165.061970,90.714509,112.592278,152.283798
166.162060,90.074052,112.495308,152.336624
165.657722,90.366525,115.049759,155.098969
164.307144,87.967195,118.662659,157.814194
163.913017,91.302148,116.700058,155.399536
164.649677,88.568818,110.663506,156.872787
165.995216,89.686097,113.530350,154.618881
165.623920,90.917428,116.150505,153.987518
164.739708,89.275743,121.499802,156.435257
163.752884,89.243142,122.770935,158.472198
163.199894,89.861634,120.877220,157.725204
163.883762,89.826310,120.428001,157.071487
163.188801,87.623697,120.054741,160.140594
