152.000000,128.000000,90.000000,58.000000
151.657513,127.674311,93.384468,57.163616
151.519829,127.243896,93.310287,56.615021
153.145397,125.642460,93.944832,56.785667
155.720215,124.279232,94.065125,56.111610
157.425941,122.438295,93.417923,56.972805
158.552925,121.578671,93.474960,56.567177
158.019295,121.448351,92.408646,57.011623
156.801411,121.450029,92.367607,57.498653
156.096012,122.221037,92.754814,56.687016
156.145603,122.674232,93.003593,56.735580
155.646183,122.497852,93.014000,57.369225
154.054844,123.768494,92.801598,57.242188
153.098892,126.273869,93.429626,57.036461
151.465893,127.094097,92.899422,56.938454
151.943237,128.165440,93.385468,56.732597
150.423855,128.198292,93.845741,57.109642
151.114079,128.115492,93.589622,56.432804
154.161011,124.752184,93.750427,57.498348
157.334846,122.720972,93.800583,56.936352
157.935574,122.175852,92.981850,56.886059
158.442871,122.556070,93.099152,57.611156
157.374565,124.353228,92.544510,57.578732
154.708557,126.348572,92.708893,57.268188
155.263462,127.573586,92.665794,57.350510
154.859894,128.460642,91.871002,57.394817
155.484982,128.011169,91.970467,56.845062
156.239109,127.720938,92.361687,56.899128
157.036270,125.563282,92.224731,56.854515
158.331673,124.236742,92.289902,56.374020
158.231853,122.929575,92.758858,56.695354
158.559464,122.418715,92.756775,56.542881
159.096367,122.083704,92.837479,57.133862
157.615711,123.353142,92.500328,56.616043
157.734932,124.398426,91.856674,57.192711
156.980976,125.179575,91.567345,57.126263
156.678577,125.439829,91.973625,56.699139
159.905197,124.306475,91.696014,56.124020
161.996216,122.073895,91.871674,56.652473
160.880512,123.492920,91.894218,55.038971
159.512486,124.422026,91.911522,53.444553
159.689579,124.128553,91.400475,52.550266
161.785629,123.119921,91.437592,54.225246
160.680759,124.399464,91.395653,52.513451
161.153942,124.859051,91.611977,52.999245
159.210617,125.579090,91.712280,54.158989
159.307652,125.770214,90.598503,54.401070
163.453724,126.240324,87.385216,54.925083
163.924294,124.290991,87.764328,56.056049
165.040272,124.165592,87.841362,54.853111
164.151482,123.244669,89.455795,54.836285
165.545475,123.827393,89.010826,53.815125
164.289463,123.359198,89.419701,54.992756
165.004494,124.498667,87.400284,53.435528
163.604633,124.065695,88.234367,54.726002
163.796532,123.715538,87.992538,54.536453
163.642876,122.602152,88.188004,54.167339
164.696957,118.860146,88.847481,58.896042
165.032383,116.390535,89.934380,61.179714
167.483776,113.447113,89.563148,64.496765
166.159267,110.512890,91.325111,67.916145
164.572090,108.762012,90.552139,71.675407
164.449059,115.645832,88.691910,66.203300
163.059772,124.978273,87.826469,57.828152
161.650398,129.224663,86.785904,54.042007
159.878811,129.947933,86.840919,54.385780
159.408871,132.215218,86.667458,51.766708
159.187824,132.079876,87.243401,51.793343
160.006901,131.822039,87.148369,51.816097
159.953793,131.666853,87.182442,51.803318
159.300720,131.086962,87.855194,51.875027
158.815712,130.579214,88.162277,52.336720
159.466202,130.218302,87.453857,52.004498
159.916832,130.793339,87.144455,51.640923
160.567657,130.090260,86.686584,51.876152
161.593399,127.841717,87.371094,52.406013
160.793507,125.269575,87.794212,54.417576
161.738304,122.521173,88.003860,55.863903
163.484642,121.901573,87.958450,54.398483
163.914516,103.170986,89.552254,71.439766
165.762260,100.110519,90.956558,71.794464
165.507023,104.297459,92.945641,65.546593
167.908150,108.164572,88.888290,60.990345
167.606621,113.422588,88.088852,55.498116
164.854858,116.061577,89.894714,55.905319
162.140907,114.585361,90.752243,61.335655
158.011200,114.574543,93.824463,63.707268
154.715549,113.889572,95.839134,68.527985
151.981339,110.549458,97.569153,73.708244
149.955326,111.620266,93.396507,75.378426
146.056969,127.938200,93.361435,60.740635
143.752819,132.063080,91.634438,57.757172
140.817883,136.039316,92.461830,56.955578
137.747833,139.937824,91.599548,56.007347
136.657745,143.511299,91.224121,56.055038
133.618118,146.616238,91.415283,55.376503
131.097710,149.420294,93.005692,54.161121
129.718082,151.132946,93.441307,53.391273
127.865211,150.434986,93.603531,56.208733
126.773357,147.188396,96.034096,60.243172
126.900055,148.020048,95.824890,57.951298
127.895031,148.493822,94.725746,57.539761
126.627964,148.839968,95.657890,57.358608
126.352634,148.072493,95.495415,56.724796
126.958134,147.524443,95.954216,55.789524
129.920364,145.362288,94.894470,55.700993
132.001274,142.219816,93.583664,55.733250
135.259396,140.340853,92.973610,53.836239
137.128025,139.557703,92.235985,53.788738
138.047741,139.860476,92.012886,52.380123
139.725380,136.517563,91.219589,54.656525
140.397369,134.623667,91.709686,55.120434
142.315243,130.805622,91.411720,55.861443
144.001812,126.428570,92.130318,57.127571
144.977882,124.004162,92.978439,57.412453
147.742775,122.715874,92.694687,54.815079
149.417408,111.544384,93.355827,62.805183
151.487686,114.075277,92.718262,58.601673
154.312847,100.259434,92.864815,69.867546
156.316261,99.269211,90.601334,68.395508
155.897472,98.833580,91.010139,67.112656
155.122543,99.307964,90.789886,63.660805
155.394238,100.645920,89.904060,58.624359
153.956413,102.716408,92.318802,54.652054
152.720398,99.708084,94.673737,54.912689
149.780281,97.918327,96.803085,58.036484
147.800304,96.913792,99.351631,60.968163
145.875690,95.780003,98.581413,65.171165
141.143486,94.840279,101.707962,68.301407
139.898026,95.909351,90.471283,70.327873
138.390656,109.182539,88.666016,58.973728
136.959717,110.521784,89.070404,57.433331
137.093479,111.835388,89.816216,56.320404
136.760044,113.172873,88.833000,55.483143
135.866051,112.792091,89.181961,56.744064
135.403355,114.653904,88.366081,55.009544
133.663651,116.683500,88.991791,54.577579
131.943192,119.604818,88.239502,53.266407
130.398834,118.725983,89.264282,53.245331
130.312721,117.983540,89.662155,54.498619
130.195152,116.560871,89.966934,55.399651
130.188725,116.576281,88.946495,55.043606
128.915810,117.899538,89.176224,54.270412
128.809303,117.558493,89.466232,53.956104
128.770176,117.372723,89.078056,53.368690
129.604248,115.838980,89.062592,53.848682
129.738361,103.638002,90.095543,63.387295
132.070465,106.590059,90.068115,57.672817
133.129082,105.346491,90.196915,56.454967
136.446014,99.823851,90.431305,58.502628
139.391209,87.283997,105.595604,68.480438
141.622051,92.655918,97.284187,60.928123
144.665508,98.402102,93.709480,55.085720
141.461575,98.857445,92.206001,59.761795
137.863724,97.354141,93.976990,66.192810
133.299625,96.325077,96.765465,71.866417
131.305710,102.616402,96.055420,68.963730
128.677284,116.004168,94.828781,59.045864
124.289635,118.650249,93.688858,59.477791
120.092857,123.731499,93.943436,58.213058
116.519924,126.216249,94.831734,58.651791
114.028553,130.226913,95.063774,58.286530
110.879402,133.420473,94.918320,56.151272
109.446815,132.676596,96.824844,56.865070
110.100163,133.686424,96.442345,54.310257
108.655441,134.037561,97.152863,54.273937
107.000065,134.072708,97.240196,54.291382
109.347599,132.429075,96.771294,54.149601
110.533260,130.428680,95.516670,54.908936
112.141190,128.331690,94.293457,54.419598
114.790337,126.150459,93.133499,55.480820
116.997215,124.816454,93.159958,55.474331
117.859009,122.515991,92.738983,56.959747
120.808102,122.227472,92.976875,56.892437
124.465027,117.554041,92.598022,60.954235
130.493496,112.119696,92.070015,62.395069
135.648071,111.507330,92.693054,59.967396
142.374378,108.143871,91.867210,60.637611
146.252338,107.659409,92.415428,59.114197
151.519852,104.503170,92.289124,61.796211
155.289486,95.408470,92.457253,70.206253
159.067371,95.848835,92.917870,71.017448
162.991577,93.857265,92.970337,72.206123
170.108303,104.394510,91.659248,61.720043
174.438080,96.514690,92.632324,68.771278
178.454086,106.379459,91.551239,59.048027
182.357368,109.241493,92.507523,56.873062
186.185940,108.786690,93.051491,56.461929
189.854053,107.854628,92.761467,56.922031
192.758648,106.926960,92.841957,57.029716
196.535728,106.424316,92.588882,57.395050
197.740875,105.894806,92.924713,57.499359
198.904255,106.041834,91.681969,57.597240
200.188381,107.386742,91.379585,57.121414
201.936981,107.930731,91.409943,56.909046
201.319351,107.899323,90.983551,57.678986
199.957573,107.072500,90.803818,58.936970
202.288258,106.985670,90.340599,58.012180
203.851364,105.124580,90.689240,58.896835
203.239410,103.354399,89.580048,59.114933
205.092007,103.257618,89.790230,57.982079
206.282635,101.898827,89.558998,58.435562
205.233482,101.560499,88.860275,59.124821
204.668964,100.890648,88.399071,59.315231
203.673664,101.298708,88.837242,58.757870
202.737389,103.603239,88.574692,57.443119
200.078419,106.377964,89.921379,56.789787
197.281708,109.222252,90.845551,55.309067
195.437191,111.668831,90.785255,54.923050
193.727749,111.385567,91.205177,56.549881
191.616173,111.356976,89.095383,57.715828
186.600689,111.944691,89.361061,57.769249
181.475014,110.825764,90.470779,60.435936
177.164238,109.473755,90.707657,61.591003
174.666351,110.852722,88.854645,59.839783
168.888592,111.249565,88.698891,60.507095
163.193146,111.316227,89.286987,62.257500
157.844162,114.197073,88.000427,61.095325
149.407974,118.148935,88.693542,57.986980
142.853748,117.919922,87.734673,60.157379
132.783474,123.443127,88.205910,57.063454
124.423729,119.729292,88.050125,59.261814
120.124355,119.830297,88.782295,57.014240
115.938869,119.846149,88.089821,56.844292
112.019093,119.519333,85.428459,56.294983
106.458248,118.814915,85.991829,56.038322
104.432388,118.645136,85.086212,56.762890
99.926624,118.818256,85.808617,56.858177
96.168377,118.431349,86.539803,57.357700
96.554516,117.459736,85.876808,57.479607
92.686256,116.451012,88.077835,58.539078
86.963688,114.699640,89.347191,58.733807
84.768383,114.354383,90.743965,58.662724
83.871208,112.785744,89.774521,56.841568
76.562901,111.593222,100.913567,57.751331
75.955917,109.093573,99.563782,58.091877
73.118996,106.471869,102.336899,57.867756
69.891426,106.875368,100.350510,59.333553
71.600445,107.424492,92.967964,58.229630
71.719788,108.505245,89.193481,57.211433
71.200874,110.437008,88.266678,58.376350
66.967625,110.625202,93.459435,58.329033
66.624065,110.324862,91.819313,58.760708
70.682137,108.977060,90.115677,58.122601
69.667820,107.246819,93.431450,58.841202
70.872540,107.037525,93.939034,59.363304
71.369717,107.354786,94.899788,57.760948
68.935001,106.128181,102.154930,59.043655
68.746468,105.199099,115.478928,59.054379
78.830616,101.735670,103.336143,61.629612
74.710800,98.944695,121.458313,63.450699
167.161324,98.241770,88.459854,51.706676
160.955158,102.152962,88.364037,51.745987
154.643963,102.750870,88.969582,53.286133
146.556629,99.376368,94.711449,58.623852
113.575935,93.988928,127.215591,63.473011
116.260250,89.822731,121.227150,64.444534
118.478001,87.236454,118.870140,66.416069
121.446499,85.757664,113.942879,68.545250
124.179588,83.291119,109.297531,69.991707
130.489861,82.336021,97.755325,70.820663
135.088375,83.587994,91.395180,69.221046
134.378498,83.975315,92.654808,67.067284
131.571373,87.499426,90.180954,63.509083
129.785137,86.534969,107.035347,64.206459
128.782494,89.827126,86.735580,60.105331
124.728077,86.111088,120.763634,66.328392
123.828487,86.505623,123.559792,68.106369
133.585495,83.139793,119.953979,71.982346
162.435898,80.368523,92.833405,76.477249
169.459663,91.471214,88.058029,68.149155
170.949417,95.725590,87.959564,67.671440
171.056763,97.520718,88.936768,66.880775
172.378178,101.255081,87.475945,65.769745
171.752476,102.748440,87.022850,65.452003
166.766289,107.486240,89.676926,63.187004
165.227734,110.023760,88.315620,62.291286
165.162498,112.170080,89.183609,61.713886
162.853218,115.377306,90.868332,59.077877
157.873787,119.847649,92.141525,58.224686
154.675880,123.338011,91.878464,62.123386
150.056381,127.923679,91.853607,60.538322
147.490433,130.046000,92.708008,62.013561
146.541523,131.213951,93.361778,64.316330
149.292778,131.828812,92.674179,64.137299
148.708862,131.234747,93.459045,63.373829
150.712234,128.377234,93.606171,63.725544
151.139713,126.160164,92.868065,60.478226
150.787010,124.201069,93.900833,62.124931
153.117699,121.551218,93.985519,61.157879
154.838516,118.650635,94.044708,61.549255
156.698925,115.291758,93.126137,62.635784
158.305378,111.842556,91.634422,64.874916
160.339123,102.979763,89.315742,70.978889
159.470783,85.308784,90.851891,86.582138
160.900997,95.768547,91.261513,75.513748
158.480907,88.788635,91.173439,80.407654
152.201767,91.881527,97.268219,76.935036
128.031055,92.016689,122.222862,72.258278
130.642887,93.123638,118.981712,67.126076
132.892498,88.558708,115.073708,68.447433
135.066940,87.139412,99.698883,68.295578
140.126953,86.068020,88.934296,67.635262
144.596775,80.469200,92.312889,73.100876
146.994160,71.386017,90.847954,83.049927
150.846767,86.691303,86.930214,67.908928
150.064014,89.456009,89.151726,68.159973
150.552544,100.966324,91.759689,57.727051
159.301136,102.860947,87.248344,55.833649
164.056721,100.915548,85.785423,57.051411
167.087223,102.443649,85.002098,56.005951
169.967590,101.529804,85.080048,56.332664
172.420406,101.282423,85.800606,55.509464
172.343948,101.998970,85.552185,54.622147
173.905426,102.864649,84.900146,55.125286
176.165100,102.652487,85.171112,54.772633
175.900482,102.577728,85.374817,53.748749
176.560032,99.524303,85.774376,55.224159
178.150875,99.602488,84.055489,54.718334
176.611118,96.390074,85.161095,56.971195
174.996441,95.675711,85.991890,56.953693
177.906704,95.055113,85.730080,56.375675
180.313522,94.017351,84.809784,54.630581
177.992264,90.214937,86.302612,56.881039
179.259068,86.489790,85.565971,57.527439
178.785362,82.331272,86.744339,58.064232
177.712784,78.746117,88.785278,60.571213
176.732887,76.360580,87.325821,60.077667
168.530338,72.538143,94.273125,66.148689
71.764664,112.708632,92.529358,60.005009
72.685650,114.883968,92.483284,58.430367
75.592331,114.919149,91.389160,57.182117
73.456978,115.623251,93.061417,58.384998
76.428802,116.983650,91.653687,58.452225
78.770832,117.350292,89.776054,57.487801
81.221443,119.019970,90.220657,56.324043
85.620979,119.297453,88.797623,56.750492
86.420509,119.301350,89.941452,56.376152
89.989326,120.804838,89.061722,55.874912
94.119789,121.382917,87.880386,56.062260
95.611038,120.735905,87.882446,56.455376
100.528877,121.042101,86.930862,56.648251
104.729679,120.596815,87.506371,57.193577
107.902172,120.487497,86.986000,56.339245
109.967136,119.899324,87.541252,57.109524
112.487129,118.863323,88.859177,58.420876
119.973263,119.050898,86.115578,57.133526
121.941429,115.325912,85.714798,63.214111
126.504417,118.181103,84.761246,60.464485
126.171131,115.989986,88.278984,61.721779
133.518810,116.278160,85.048927,59.466751
133.394981,113.469934,87.187302,61.059032
140.030659,113.099850,84.970970,60.100716
141.994503,111.750481,86.123238,59.982925
147.337826,106.889793,85.696358,62.489334
150.623260,104.838392,86.508698,61.808414
152.359406,101.425337,88.690216,63.651585
158.892845,100.912500,84.689743,61.873089
161.460537,99.995600,84.282600,61.344158
161.617302,97.541389,84.839432,61.616470
163.684639,95.903812,84.422928,61.036613
165.105473,93.637041,83.226707,60.933437
163.934952,88.566435,83.846222,62.946049
161.869316,83.566494,85.237228,64.120888
162.406155,80.354305,84.621956,64.972786
160.235291,78.143208,85.424530,64.821037
158.028973,74.488213,86.210152,64.333176
149.380878,72.082779,95.483238,64.379608
107.080284,62.513103,139.438126,70.303810
101.464146,70.147808,102.168633,62.706184
105.061291,66.688786,100.833626,66.252129
106.426220,86.527361,87.188454,49.490871
109.523903,82.364450,88.314896,53.714489
114.009140,78.261410,88.984283,59.156319
121.475590,77.282549,89.273552,61.565517
126.138893,75.935682,90.791367,62.608524
130.787601,84.338171,89.634422,55.604084
133.872616,79.792135,90.680550,59.135273
135.143887,83.777540,94.164253,54.689457
127.534760,61.265259,107.364685,77.142853
145.814075,66.523689,92.792412,71.275131
153.965275,72.773159,88.032860,65.448280
156.596649,75.796762,87.388336,60.979961
160.906803,79.445900,89.071953,55.394699
164.337803,79.121883,87.810478,54.466530
164.575871,78.431036,90.424828,54.397572
165.835434,77.194670,89.716095,54.827152
165.660084,75.402681,90.858055,56.517391
164.780212,76.235241,91.703888,55.569283
160.893799,74.975187,98.045288,58.770695
78.186275,94.405540,88.739449,62.760696
71.218315,100.468487,90.169449,61.299660
68.417847,105.171324,91.409912,60.796665
69.773708,105.636868,87.856026,59.943153
69.646076,105.756294,90.821617,59.812637
71.732563,104.729351,89.704063,59.199043
73.302147,105.173170,89.693710,59.031223
74.854225,105.512762,89.981735,58.634815
77.170841,108.685940,91.305412,56.867592
82.007446,110.067322,89.451965,57.466156
82.894661,113.864601,90.170273,58.303238
88.901020,114.607561,87.669518,56.301205
92.867085,115.556377,87.656242,55.904030
97.410606,115.618845,87.307785,56.377544
101.625507,116.440189,87.131004,56.577293
105.431526,117.490149,87.879440,56.173664
112.217072,117.314253,85.861816,56.833805
117.400913,118.286573,86.137077,57.659580
121.312473,118.686293,86.489922,58.814640
122.741005,118.907921,87.680740,57.863754
129.245911,118.703848,86.156433,59.056751
129.299976,112.062645,90.742638,63.449448
134.687588,113.499771,88.644112,59.430878
140.538300,112.663641,85.302551,58.839130
140.647907,110.861229,87.594597,60.121353
143.055038,109.448463,87.558136,60.522934
143.755424,108.365648,86.835281,60.044308
147.051777,106.126129,85.996910,61.139465
149.345222,103.378122,85.504379,62.768841
149.255733,100.081549,88.251076,63.866749
151.287258,85.186737,87.262825,76.935333
155.917515,90.265160,85.100212,69.672989
155.379333,88.297600,85.646698,69.793228
152.843323,84.522343,89.091675,71.670677
156.475063,83.781933,87.573860,71.146950
155.160618,83.801083,87.664360,68.242867
155.191185,84.848080,87.099564,64.028786
156.030918,83.901508,85.244652,62.939903
155.171589,79.050446,84.868004,65.038208
153.226242,73.349018,85.824432,66.914909
110.823563,69.453636,130.678284,67.331284
103.457619,72.135202,117.464890,60.760448
108.059731,67.297276,125.439316,62.944084
109.786823,69.939970,102.175438,61.402378
113.137917,71.846863,99.426895,61.893707
115.143696,71.360125,104.931084,63.695919
116.168697,73.969620,93.561012,63.975037
118.820194,71.492439,94.113731,67.945358
123.841545,70.670105,92.174850,71.203613
130.558308,72.150547,88.359306,70.011345
128.350620,75.366913,90.633873,69.375977
122.889629,79.687870,95.888283,70.244682
123.724232,87.757179,96.489037,70.553818
122.950665,99.571686,96.366096,65.968170
125.670303,105.455814,92.131805,68.059563
133.131073,111.886845,89.820496,67.582573
103.998863,116.722340,121.032059,66.805656
139.003990,136.137951,85.604141,54.746986
129.733826,134.473616,96.317047,63.258396
140.572765,141.979761,89.236336,62.361797
138.397835,155.532631,87.992569,57.937698
139.016438,163.202650,89.948723,55.424381
141.074036,169.717438,89.472778,54.153259
140.953087,172.689651,90.098099,54.009949
142.419727,175.059883,88.523857,54.248093
142.272015,178.252111,88.285988,53.846333
143.011612,179.262600,88.698242,53.494728
141.163960,174.703058,90.343254,57.440014
135.476456,174.954590,96.758606,57.817505
125.512386,167.472176,106.262367,67.402603
120.584335,173.410851,111.390594,63.356186
148.971714,171.289057,83.899498,60.055676
55.200905,184.439035,96.463409,63.638500
60.100487,184.169739,93.161957,66.036987
61.250984,177.973457,104.604553,72.899307
62.062851,181.691105,108.531815,69.243004
56.415688,185.900661,102.190186,64.622627
56.792194,194.584412,98.675179,59.259369
66.166840,195.843191,91.358871,58.300007
65.213909,196.437922,90.424858,57.994030
66.419388,198.129210,92.056656,57.831821
67.933475,189.885540,94.143776,64.046761
70.935699,204.060097,86.792343,51.939903
71.243198,204.719440,89.182564,50.030609
75.975372,192.149837,87.696762,63.692886
83.433929,205.391476,81.510330,50.568405
85.576439,207.743498,83.733917,47.214550
89.557644,210.452988,84.780632,44.386772
92.518024,201.660994,87.790428,54.339006
98.488846,210.483542,82.143097,45.516458
98.487713,211.670095,83.127907,42.614346
102.516624,214.873376,81.087387,40.333714
105.160534,208.678907,82.638496,46.151501
106.248737,206.947454,83.190010,48.731762
107.815189,207.046831,82.458748,47.621555
107.434780,205.044422,83.447334,50.955578
107.872330,204.643024,85.758972,51.356976
110.351955,209.222023,84.151131,46.777977
113.092747,203.522720,83.711540,51.109184
111.242592,213.915106,84.316025,41.195019
114.479225,212.757799,80.911804,41.010288
113.104012,204.802538,83.544586,49.039768
110.703899,212.309408,84.321815,42.317928
112.110497,208.058327,83.517471,45.941521
111.086628,214.173193,82.124962,40.438046
111.580357,214.266115,80.652580,40.049183
111.877003,213.833366,80.558601,40.099358
112.079067,213.962896,81.345406,39.676998
112.035793,214.554884,81.422203,38.878567
111.935860,211.219810,82.503159,41.602928
110.850296,208.440737,83.592316,44.968174
109.845909,208.565552,84.684128,45.338264
110.055988,208.080946,84.286613,45.601727
110.887394,211.376152,83.029686,42.421120
111.790260,206.409718,82.254395,46.329361
110.441559,215.548895,81.830704,38.848766
111.214893,208.048630,81.354012,45.169746
108.359138,207.279633,85.339920,47.632362
108.031563,205.252844,84.733398,50.576870
109.000790,207.261551,83.528770,46.000008
110.770943,214.753315,81.598068,39.404816
112.179676,209.143501,80.503471,44.491493
111.200298,210.166204,82.310097,44.314953
111.351551,210.451721,82.327309,44.740623
110.807114,206.300329,82.919540,47.689556
109.088993,207.777422,84.244896,46.482670
108.605671,197.551512,85.676491,54.892284
104.137310,129.691109,89.923241,66.083290
99.733147,125.353500,92.385803,82.077507
99.846436,120.726910,93.265854,68.664490
95.610970,123.507988,92.681885,63.174782
92.479958,117.813557,94.136963,69.112320
91.631493,121.736151,90.550415,61.313000
91.630157,118.871853,87.350693,63.435455
89.803741,118.345400,86.996902,61.188557
86.757835,116.554264,88.379242,63.826828
83.628639,117.703190,96.771545,96.109970
73.671307,111.567112,102.088890,90.028000
87.327599,121.577885,102.910217,127.295700
78.237469,114.714195,111.515953,120.782722
73.518723,111.637997,120.922806,117.927795
82.111073,120.068050,110.884438,106.952789
82.369900,121.535473,104.871849,99.502502
68.906837,110.947620,110.897400,105.386063
62.132622,97.384811,103.806305,111.394829
43.230083,86.672806,103.695335,119.994438
11.921131,55.254604,115.937202,139.937714
