196.000000,67.000000,45.000000,82.000000
199.257639,60.307724,43.707165,90.983932
197.334063,59.957634,48.819881,92.240372
197.955488,57.909641,47.996708,91.398430
198.471897,59.815250,44.577324,91.873558
198.220749,59.242725,45.695648,88.380608
196.646587,58.312325,47.758476,97.381058
198.030119,58.320210,46.001667,86.859581
196.310524,60.809601,47.545044,87.650757
196.713358,58.256523,46.824764,93.005417
198.279182,61.032421,43.979492,88.965614
199.481291,59.891094,45.409565,93.534416
199.163517,60.747704,47.448677,91.411255
199.505735,61.279995,50.119068,93.160881
198.999443,64.002708,48.006531,99.780884
198.796028,64.178841,48.268738,94.868896
199.181114,64.103039,48.694977,97.241905
198.229343,65.877647,46.195320,92.061249
199.369179,67.763153,41.987396,87.982224
200.605476,68.046417,40.936386,85.566513
199.224787,67.798328,40.663769,87.850197
199.538952,66.706219,41.554512,87.992928
199.210661,67.228531,40.681965,86.642166
197.270704,66.197010,41.590839,88.340843
195.006544,66.354580,42.514225,92.003716
193.909870,59.640896,45.028145,93.507668
192.766464,64.380241,42.544159,91.194748
190.515696,61.942577,47.844326,92.773048
188.078285,63.440575,46.351196,91.898758
187.680401,60.194096,51.374107,94.656334
185.520014,60.673840,47.956753,89.651741
183.766184,56.414448,50.217648,95.138420
181.520414,55.994934,49.304676,94.300781
179.035463,51.953758,49.440807,96.920303
177.349747,48.705719,50.551132,100.187836
176.488764,47.501724,53.852779,100.399719
175.578823,46.376274,51.672417,100.126358
175.320007,46.973709,52.360855,100.938416
176.064465,46.985111,53.635826,101.465141
176.620304,47.196053,54.162361,103.363174
177.460148,48.786041,54.359383,100.595428
179.862103,50.549019,53.080284,99.863297
183.835104,52.254684,51.223698,98.992035
186.445061,53.283928,53.732605,99.280563
189.114967,55.580700,55.086182,105.746254
192.692362,57.355362,53.490658,96.829620
195.188272,55.207771,52.419399,97.997360
197.268425,54.620823,54.626740,105.483940
201.339794,54.535599,54.728447,102.513000
205.665089,53.741234,51.486610,102.526901
213.253992,53.090805,49.603634,112.498383
219.322149,54.259613,52.990055,132.277222
268.289675,73.905891,52.327282,117.148087
235.814888,54.785019,65.377655,135.381836
250.428564,70.297173,61.413059,117.929855
246.268486,60.658997,67.301666,130.377502
248.140343,59.401749,71.186523,132.430298
246.249413,60.493393,81.785767,129.948547
247.188286,73.984619,85.663330,118.172058
237.658707,84.445457,101.322433,104.746475
248.053864,90.303844,72.706894,99.086281
255.599277,93.013557,66.029884,100.562576
256.747250,95.881268,60.599297,95.528114
254.844320,92.197975,59.791691,97.750778
258.343920,89.145878,57.046093,103.735466
255.664791,86.666508,64.064140,106.125633
258.332756,86.694122,66.472961,103.906921
252.502155,81.671524,61.822029,104.805939
255.563595,83.974270,58.530693,104.311378
248.642033,80.798458,77.277412,112.126503
251.010311,94.835155,70.977409,95.926826
262.990921,95.602013,54.061295,95.785080
261.823017,87.847565,75.026924,102.864777
246.538139,78.550835,102.224945,115.951340
218.880514,61.241898,60.719059,122.366760
244.221882,68.413242,92.988655,119.133049
241.582859,60.637810,79.140724,135.680344
233.329136,62.453796,84.828438,132.151428
232.374283,52.808823,57.406113,137.371368
222.827492,55.172588,65.896912,122.598335
216.117388,58.624584,57.051220,105.490852
210.127422,56.330559,58.568260,114.125809
205.923370,55.709930,56.836868,109.449097
202.842648,58.469421,56.198814,96.839569
200.661840,60.048298,58.890690,99.830070
197.832785,57.875465,54.708561,95.711655
195.382271,58.827682,53.886292,93.940002
190.623962,56.595604,52.811172,97.356094
186.516338,52.880795,51.543358,93.653114
181.279011,50.064312,52.340279,100.906136
174.568754,51.223343,50.837849,92.555481
169.182198,45.445141,52.616272,96.617012
163.160805,42.525478,53.355164,95.271217
157.200232,39.371632,55.003452,99.425621
153.963280,37.367023,55.948914,91.867271
150.640867,35.262592,61.696735,98.748344
146.177906,34.880939,65.000679,104.107201
144.979980,36.836090,64.203232,99.945770
150.292471,42.001045,60.175846,89.781754
154.374985,41.869469,57.409470,98.368973
157.877934,46.155163,54.250710,97.137001
164.734457,50.562054,48.737156,93.936989
170.875069,55.249386,50.624451,92.521950
178.438965,61.407364,46.664322,90.432800
186.147604,62.119686,49.961216,93.626381
259.954185,71.612526,50.483490,110.706711
251.422367,87.933872,67.622780,98.775536
198.964340,55.908524,47.490234,122.887756
197.161819,60.512005,48.521881,118.558968
203.721058,64.061825,65.021019,101.864693
191.831865,57.196491,43.454433,98.908257
181.482597,62.686478,80.612991,101.233765
175.948463,53.769691,48.156540,89.745316
169.696301,48.838821,49.769234,97.983978
162.581028,46.240154,54.257896,89.835579
157.379753,42.154583,57.282913,94.324654
153.547413,38.029522,60.497246,94.134682
151.395477,37.758770,64.394135,93.145393
151.502775,37.340832,62.167545,96.040474
153.480631,40.137199,59.264355,94.037155
161.254442,39.503399,55.598812,92.846931
168.571159,46.173248,52.792374,91.335022
176.805698,45.334385,47.238029,94.299919
184.509338,55.727245,45.005920,87.543465
192.382824,57.220951,42.890205,90.589928
197.192436,56.569859,47.641708,96.375862
201.299276,59.758682,47.985767,93.584579
200.014179,54.845184,57.916557,130.172256
197.426695,58.144711,55.026157,104.120995
199.654924,59.862282,49.531246,94.409302
196.427408,57.742611,48.449871,104.996910
189.125828,57.256382,43.948723,89.071907
182.402052,54.926266,58.924335,97.074074
176.137989,48.430305,46.128914,89.396774
167.465689,42.844841,46.665668,93.800415
161.081093,41.615551,52.510269,89.933403
157.482225,38.667332,53.137936,87.682594
156.704165,36.912556,54.468594,91.386665
161.306715,38.182068,52.662510,92.822037
165.946697,39.262978,49.749062,94.086731
172.736490,49.377224,47.495708,85.510033
179.640923,48.502968,43.803268,92.503937
186.770914,57.497482,44.841534,88.050705
194.880491,57.127190,43.813145,93.676422
197.991007,56.500141,50.909740,113.058266
199.088125,55.841179,55.650105,123.624359
199.657869,55.881195,52.822994,130.293747
201.406010,59.443920,60.328117,118.831017
212.816071,70.435589,92.983307,113.567284
259.260328,92.452454,60.150303,95.054733
268.051292,95.617138,46.053513,86.007317
256.427687,78.249115,58.664875,101.695053
175.965548,53.965160,47.060741,96.596748
170.523993,51.700455,53.153843,100.913025
165.677324,48.625839,52.890545,92.627472
162.492929,46.327377,56.170895,98.383057
161.485197,45.937820,49.569843,90.444580
164.203220,46.923607,48.871956,92.605942
168.312025,46.554089,47.699909,93.936348
174.437401,47.362556,43.606995,91.578079
179.199289,50.908825,43.021603,88.906502
184.800222,53.790813,41.264957,89.062904
189.919134,55.326107,43.992573,88.816826
194.604513,55.757858,47.510456,91.504059
199.772596,55.261070,51.979343,92.915268
202.602861,56.411648,59.044521,94.640816
205.055895,54.968716,58.580166,97.676033
204.111635,56.359264,56.106869,97.368599
206.732321,56.382454,50.128010,97.008591
205.657804,57.918922,48.562504,102.199020
203.925003,59.430946,53.226105,110.730972
203.213451,57.585697,50.900063,95.287926
203.483896,54.685772,51.431377,91.501686
205.356478,51.878216,53.129879,92.546822
207.637541,50.354286,60.035221,94.158707
208.673786,50.115570,62.238609,90.042297
209.286634,52.339691,63.351261,84.114685
210.381275,50.487301,64.075768,83.776894
210.728798,49.475014,64.735031,82.410324
209.154377,47.599075,65.334923,84.823914
209.579838,46.815296,65.151604,84.251335
208.258602,48.843391,66.137642,82.494186
209.037632,47.847397,64.831871,86.886078
207.116875,48.317505,66.402084,88.280334
206.343884,48.474045,66.276527,93.691803
209.195572,51.527256,64.149506,92.317039
208.655748,51.493889,61.599941,94.250595
208.863781,51.899940,60.093849,99.940292
207.556520,50.979847,47.899654,96.269981
203.525553,52.267635,54.941631,96.211067
201.469730,54.294815,55.813042,94.382080
199.466944,53.993965,48.633007,96.294022
201.003086,55.176819,38.959343,90.204224
201.114841,54.087433,37.678078,90.104721
198.365305,53.953903,38.975933,89.019089
198.170425,54.525318,38.623505,87.463310
198.199898,53.353973,38.817627,88.168991
197.364491,55.066940,38.773628,87.608902
194.661837,55.309696,41.191021,87.724739
191.299320,55.275940,41.599266,89.593521
191.301077,55.271175,44.662281,89.934471
191.231045,54.001957,46.232796,92.179878
195.096790,53.499504,47.871910,93.901550
198.200600,52.515701,49.647232,97.191055
211.245106,57.357113,64.323570,104.783562
211.100773,49.350166,48.652977,101.290985
214.600222,50.447376,47.625454,96.587654
217.729523,46.444347,51.779572,103.412346
219.137827,50.537930,51.277081,98.861595
221.855415,49.130379,51.176102,94.242981
222.595562,47.971264,49.777016,95.968864
224.377550,47.917881,55.163601,98.606880
224.473972,47.475418,54.671440,104.369461
227.924322,48.798500,55.844532,123.562958
228.349863,44.717892,56.787945,122.200096
231.551773,51.570042,56.981384,100.861244
230.508469,49.902458,75.676422,138.327362
233.560694,50.138863,58.154736,104.322937
233.681437,51.249718,58.954296,137.168396
233.564419,53.061378,48.098457,117.270844
226.850590,53.484085,52.057762,137.308212
222.424566,63.368816,61.329639,117.391441
214.737812,58.992729,48.603233,94.611267
206.546877,57.320896,51.117428,99.380531
200.135668,59.471409,49.641384,92.472572
193.155966,58.067558,51.997364,90.489075
187.580137,55.643898,57.238926,94.207184
183.814362,53.477627,58.255493,93.229637
179.736368,51.651718,55.971172,94.314499
175.592630,52.203796,60.452404,95.816696
171.407265,49.967613,63.380905,92.760529
167.047993,50.178879,66.076897,92.318161
164.497543,49.123737,69.588226,90.528023
163.778275,46.288292,68.801331,92.185699
163.005047,41.614029,67.006813,98.342270
165.816544,47.554070,67.981628,96.768341
172.974586,43.712547,65.122849,98.059509
180.414249,46.788280,59.903984,102.249382
189.660976,50.824669,55.148994,96.533875
197.499413,50.317772,50.446762,98.146912
202.017447,49.793606,55.112904,109.948570
205.459414,51.976772,49.879818,121.975060
208.497330,58.469219,46.866272,92.700706
211.389330,55.269802,49.200100,94.593163
212.311077,55.543766,47.672249,93.758797
212.652365,56.307804,45.983021,93.644081
212.196480,55.016708,45.143814,103.909592
211.642599,54.222527,47.853840,111.968506
208.644218,53.715187,52.501236,131.533661
263.161242,88.176750,53.113949,97.547485
267.706276,90.670544,42.662369,86.924187
264.767168,90.323555,47.648022,98.637955
265.905546,95.251785,43.578907,82.668976
262.091097,88.132385,52.941662,102.362076
266.259800,92.843925,43.466438,90.721771
253.819859,85.693081,57.542793,101.543709
205.696896,54.625999,51.533363,113.994186
203.333723,56.588959,45.022648,94.259888
203.643137,56.516525,45.512737,92.986908
201.424210,57.167236,45.350342,92.611450
200.930038,56.396446,41.273010,95.551102
200.892357,56.014278,41.387680,95.197945
202.165688,55.165047,41.627518,94.799927
203.905191,55.753593,44.405163,94.405685
205.110487,56.396652,43.419254,95.006775
207.825167,55.470066,50.864620,100.757652
209.162588,55.754852,46.335102,104.595062
265.620110,83.393536,47.408401,100.369392
263.189356,82.521812,50.188915,106.514267
220.150200,51.491261,47.991882,115.108147
265.036728,81.398865,46.834946,101.899750
263.983667,88.058140,47.731441,98.881065
231.670946,54.437511,45.702465,116.194511
231.660797,54.961128,62.084824,136.551422
232.787205,56.175674,69.406044,131.545639
233.578938,56.098747,65.288124,132.327332
243.205532,58.076504,66.051231,126.910545
241.021793,56.199181,73.795021,130.583923
242.613956,51.118111,63.641884,138.493256
248.270824,52.554794,60.938957,132.394516
249.085213,51.716301,60.281403,128.287842
250.903500,52.590752,57.533714,128.718933
249.651457,62.334396,58.200489,124.430649
246.413471,63.693855,63.236885,129.408020
243.414520,62.498512,66.654678,128.754456
242.433468,60.545219,67.660057,130.241852
241.503078,58.497917,62.300316,130.270325
234.921131,58.517097,73.360603,131.143127
240.603268,74.047653,72.946922,115.141800
232.365257,61.054527,65.128143,130.069061
227.125687,59.361290,50.697037,91.894806
240.033875,64.853649,72.589767,119.922630
220.318600,53.565754,47.382042,106.491035
260.563562,75.002975,52.973568,113.566452
218.657734,52.164192,44.815697,119.368866
227.905882,53.232170,60.861759,126.689331
255.160480,86.998005,64.249596,104.758369
224.717897,49.502033,47.100460,101.560722
263.280123,80.801968,48.155514,105.954903
263.762321,93.009682,49.226181,94.481644
264.729939,89.247925,43.608086,89.666656
230.036560,55.088371,51.257401,131.710083
255.652767,90.470734,66.469505,103.586319
266.374342,94.050457,51.068287,94.176903
254.722126,86.282372,57.351509,105.017029
239.039246,63.552906,65.807419,125.100990
234.832722,64.619518,78.676277,124.519157
236.060371,65.385277,76.527100,125.374084
239.626629,64.900242,71.601280,122.938728
240.336063,68.361343,73.192848,121.882706
235.315228,68.144039,80.740715,125.455223
234.287727,69.875023,82.398682,124.169617
232.369953,74.385426,86.588631,118.652290
233.583324,80.641315,88.590294,108.830147
236.397282,71.161880,79.695900,119.229446
233.644310,70.370113,51.792847,120.438866
230.481350,72.141003,58.519279,121.037102
230.815952,77.458950,70.606056,114.688683
225.729980,70.802628,44.310196,96.400833
223.962681,57.939247,47.839241,134.253632
225.055544,70.254356,43.535778,116.746582
223.363665,62.032616,50.409801,127.274109
226.021444,71.339722,42.633549,113.829208
224.964972,65.405384,46.983677,123.112953
227.487133,64.974445,44.847404,123.129677
230.689543,66.659447,43.964741,120.692871
231.157419,66.912003,45.945827,123.492722
236.774990,62.454903,51.591789,131.411438
239.660883,72.194122,49.008144,105.917099
239.634237,68.333664,52.493412,129.861404
237.716198,75.003181,67.553551,117.687836
236.830517,67.664261,73.628258,125.218185
233.974831,72.618374,77.625305,121.422935
236.174698,71.867447,79.334061,121.245346
237.122742,65.612564,67.414841,127.795273
237.845505,71.175571,70.544174,120.138313
235.817738,71.960217,69.754890,121.324303
233.204857,66.179802,76.951080,127.195679
236.468922,68.207047,69.057777,126.854996
237.022884,76.662590,71.134514,117.691864
234.240566,75.984676,79.277550,117.887718
234.837170,76.879795,77.979240,115.896400
237.459385,75.364971,71.258095,118.633598
237.777401,70.519524,72.784599,120.912384
236.768314,72.596298,72.861885,121.002243
237.380760,75.624134,70.791260,117.870796
237.219234,76.287369,73.634056,115.566452
238.196255,77.928894,71.418205,115.133316
239.014286,82.495586,72.462379,109.421410
239.802120,79.039860,71.972954,114.339485
241.086029,79.882980,71.751266,112.990158
244.664059,79.653614,68.598961,111.207405
244.853054,76.831455,65.680077,116.605171
245.037888,74.722092,65.632431,117.100845
244.056633,73.813763,68.453918,120.041435
245.687954,76.655319,64.686455,117.065659
245.078964,75.279449,67.705917,119.013687
245.324600,80.665607,65.058426,112.883736
242.060997,64.534172,68.166870,131.629913
245.505497,75.426414,64.551094,113.608734
245.068989,82.119724,65.276466,108.250130
241.001091,81.276875,71.049377,113.276619
239.907280,77.896042,76.689880,117.856888
238.350361,90.527328,76.356606,102.912766
239.983585,81.396908,71.367897,108.704002
235.677967,78.900608,59.629463,114.234383
234.346359,77.323036,71.236679,116.257660
230.177263,79.202034,45.927471,110.860626
227.555481,81.716721,59.315079,108.354843
223.520088,69.005108,45.628265,120.626427
260.078289,75.030941,61.569023,115.448143
217.700882,69.297886,47.270706,120.399422
227.098770,72.189327,58.717056,109.334923
217.905134,70.143272,44.763508,100.820557
218.560217,60.729683,46.429264,130.803864
226.551485,65.659508,56.580883,115.469788
223.750099,70.499161,55.216125,115.676010
230.039547,71.095112,52.055717,120.301430
230.960457,64.065247,54.936066,125.961075
253.195419,83.237118,66.056473,105.385399
238.600922,74.431919,73.539322,117.480476
236.174419,77.802963,76.474754,116.087387
238.672821,77.567940,79.440720,117.842377
242.965065,77.419338,76.865784,114.186394
243.855228,75.449802,75.146156,121.292702
242.109055,78.838936,74.806046,116.952118
248.210835,80.276546,69.125252,107.107201
251.682795,75.725304,63.198940,113.595459
251.707733,78.008259,63.833603,110.211586
247.346413,74.204952,65.312378,118.223381
247.528992,74.905632,65.148178,114.779907
242.109379,76.174927,71.719582,115.955490
238.543762,76.126701,76.329391,120.230194
238.543804,83.045319,88.864952,113.021072
238.029110,76.533558,73.888115,109.435524
233.662924,78.795338,48.096134,111.911629
227.717131,66.990734,48.820881,124.944237
231.607548,78.919392,48.344978,110.531563
225.392359,80.207100,52.431973,109.503754
226.275705,80.005909,58.636410,112.873665
229.518127,81.890289,64.998398,111.243637
223.357279,79.087845,43.310940,107.418869
224.328405,77.029121,48.076786,111.812592
258.512291,79.413300,61.664185,116.517136
223.086842,72.958286,42.729179,118.211678
222.869551,68.763805,53.678867,121.366783
264.850702,93.071671,48.283550,93.506180
216.007162,68.657738,43.192783,117.187973
212.167814,71.640888,44.670673,110.726494
211.652647,67.537991,44.896961,118.793678
208.872734,69.105484,46.759338,110.833557
217.845036,69.534027,50.901558,118.933685
258.603662,71.623207,55.682095,113.423721
263.062628,88.678345,58.076939,99.290009
258.007092,82.853432,58.658562,111.741867
263.298214,78.828396,57.502190,117.462044
258.686106,89.706085,57.735683,101.255737
267.365139,93.039490,45.653831,97.195862
221.490627,61.321800,50.866203,129.967300
222.763708,64.442978,57.044987,123.050018
223.336525,66.623528,54.028229,118.788223
224.793911,61.324692,57.211784,125.998199
255.480076,96.311378,58.473579,92.095383
230.234970,66.270866,67.663818,125.300705
241.325336,78.328121,70.424980,107.131294
224.743677,55.435608,51.014904,134.706390
255.300865,89.463089,69.033920,101.611084
233.204426,65.298878,76.132561,126.059380
241.680359,65.673615,70.286682,129.710510
239.805374,70.255791,70.940277,123.167221
243.586536,72.438446,68.636223,118.019043
249.200855,72.209915,73.832939,121.830566
243.506428,75.649963,93.101341,120.612640
259.525330,76.917603,84.007172,119.711761
253.488014,84.833176,89.172775,111.646637
254.033916,87.311314,91.499367,105.353691
254.320072,91.541904,94.728020,104.494560
242.492905,91.250286,99.307129,102.189552
246.781239,89.569763,110.969414,105.631561
239.314499,90.520012,89.607208,102.259476
253.412107,93.649261,63.557133,93.400177
259.579384,95.376381,57.353683,97.715622
258.524155,95.453232,65.837189,96.519409
254.484245,97.760948,64.218704,92.736313
257.128607,93.014469,60.774311,93.561119
261.095749,95.532875,62.015747,97.382065
251.684814,94.023602,65.636932,95.648445
261.009047,94.956219,62.793888,98.520363
248.287148,92.654713,70.264511,95.911034
246.967724,63.987572,84.304298,132.623398
242.067852,94.140923,92.451302,100.526138
259.946602,94.288452,64.226089,92.999512
250.771996,95.624523,72.958908,100.871590
260.604898,94.408012,52.652996,86.140762
265.870686,98.454189,68.504265,90.453377
243.791283,93.462627,72.685440,99.621803
249.497940,78.588184,69.814545,112.213463
259.794079,90.948128,88.810707,107.302811
251.034782,94.134010,90.609726,97.243393
251.669777,83.311111,92.615921,109.692749
252.020882,86.091579,90.695694,113.105965
255.731083,82.168259,86.305992,113.048126
248.270966,73.831955,90.931244,120.972015
253.729713,72.498657,74.005203,116.745209
247.385075,66.501003,72.508720,126.099068
241.691776,58.726997,73.251884,134.970657
238.361649,57.661942,71.916534,135.136597
234.287647,55.822632,68.888481,133.656525
227.978825,55.508949,66.818291,132.240311
223.555590,57.358932,54.794155,129.073883
226.825865,62.855221,59.985233,126.977455
212.739080,44.668045,55.225025,123.748260
203.785381,47.880157,55.104897,111.886230
200.401779,45.811581,56.626556,103.874031
196.860529,43.846767,62.766003,102.961647
195.970345,43.632404,62.476212,99.763603
198.078999,39.778481,68.495110,142.329819
198.975941,49.065792,59.879234,98.324928
203.772207,41.148621,59.485645,120.092529
202.995268,48.107258,57.361546,101.621819
214.235031,57.095566,95.878601,113.788147
203.855652,47.907261,58.611786,111.957512
203.015427,50.130501,51.967804,98.016922
203.104702,49.289841,55.204140,105.346558
266.997164,85.091137,45.001064,98.946144
203.354897,53.345970,54.323700,91.483093
200.740122,50.112461,48.141476,90.812263
201.837454,50.423447,54.611423,88.371353
202.114775,49.787495,55.694965,86.955574
202.454163,51.381302,51.065506,84.708084
203.624104,50.920845,59.710793,83.066315
206.085697,50.202694,62.995033,91.184074
203.092222,49.876186,53.652760,85.767601
205.489182,49.548851,49.236343,85.014740
205.461973,50.866333,49.909290,85.604416
208.305563,50.721489,50.949345,85.671204
210.955896,52.467968,45.995480,86.838554
216.260805,54.725048,45.092266,87.237236
220.080061,54.461800,45.320789,90.928986
223.498955,56.082386,47.542023,98.114754
231.200586,53.935165,60.030392,128.248947
255.424080,87.910477,66.603821,106.168045
268.535482,85.780014,49.269291,103.696762
266.740723,83.134186,46.931259,103.441879
239.825611,64.206890,68.172401,127.063469
246.974384,63.047367,64.385689,124.015602
243.382679,66.250492,65.857887,122.194527
252.498354,67.089561,56.898205,117.350739
249.767033,71.179810,62.683540,113.066452
252.321825,69.251328,57.835247,114.707352
247.177147,69.925606,66.085205,118.286530
242.905605,68.927540,71.583733,122.406349
239.993443,68.986027,70.913795,123.643532
239.785324,66.203739,73.050095,124.382179
238.200047,67.027649,80.904182,125.283218
235.517902,63.043945,81.566780,130.515030
233.931778,64.636620,72.876297,128.242096
249.975349,67.783108,65.510101,123.690208
234.160069,64.007935,52.507362,124.881790
257.985504,88.416035,63.351395,99.819710
265.899658,81.313351,52.615829,109.587975
223.038647,56.150265,47.742531,102.387383
221.102417,54.640282,63.728516,127.981598
210.598351,50.795422,50.163589,86.729912
207.374893,49.241528,50.709229,88.673882
205.675434,46.608803,56.616997,88.298401
262.715254,76.565678,48.386173,106.743782
202.174559,45.683228,49.268864,87.483185
203.294302,46.359657,55.312824,86.980392
205.181339,47.732342,68.680565,89.646370
204.020073,48.152470,52.778580,87.016289
212.685341,47.140102,60.433090,92.383858
258.481735,66.805546,52.925964,114.553459
218.577250,51.672504,50.295376,97.359459
262.935694,77.967964,49.784145,107.298874
233.177217,55.506622,54.488140,133.242126
254.360077,89.556686,82.900497,104.812134
232.072182,70.875725,80.646759,115.720108
234.970814,69.048889,82.552681,124.206818
236.528259,69.156590,76.177658,123.580711
235.315922,73.319832,86.575478,121.998550
238.044945,72.126637,81.401031,122.645012
239.108345,77.215881,82.881165,116.314636
236.382107,78.875435,85.067711,115.878342
237.612850,77.321938,82.020775,116.267014
237.018219,79.409012,74.292465,115.021332
237.624512,76.055630,71.833755,118.477516
234.372116,78.071144,76.533310,116.823166
231.740543,77.265591,72.263954,114.500557
230.109707,71.165203,56.294365,121.692085
228.818850,73.065800,51.541393,116.419090
228.188381,55.045860,53.193199,138.252579
229.833904,59.314941,54.187859,120.913910
226.470150,63.789246,56.976433,127.263611
228.246458,62.751766,56.581104,125.324654
227.031174,58.405602,60.011581,134.528244
227.604359,57.547279,62.977394,130.283218
231.195770,57.084969,70.046829,129.907913
233.056606,73.126667,66.730675,113.296959
239.541660,57.695938,71.933113,135.605103
238.669052,71.294247,71.967422,122.563423
238.626888,72.581490,72.412560,120.322678
244.226757,59.414154,72.962730,132.830536
242.257099,69.858162,67.647926,122.684250
261.811737,61.628716,63.683945,128.432022
243.643368,69.884251,90.240227,122.773186
247.730469,55.286140,92.804276,141.649734
260.564964,54.696190,82.057709,139.406387
262.140869,82.760399,81.400406,111.416885
261.527554,66.037277,83.140373,129.123047
253.697498,59.099922,89.314674,134.931595
254.624897,70.418320,85.440895,123.053040
249.564564,59.680038,89.774330,136.229279
252.522522,65.586395,78.003433,126.321350
255.427376,73.550121,59.789032,115.082863
248.780979,73.294109,69.022774,118.313820
242.460995,82.077820,68.760216,112.388000
239.585682,58.647263,70.796974,137.501251
231.838211,68.171108,61.150772,124.549568
227.291136,68.658581,56.139698,121.227699
223.232193,62.442791,58.221817,124.683723
221.519123,56.764305,60.106758,121.261856
221.605825,60.402405,54.430485,132.177368
224.383688,58.574364,57.709049,125.720993
226.533077,57.734985,57.301903,114.020111
227.939341,50.974686,54.838406,141.588409
230.381153,69.010948,53.431129,107.914902
229.978186,73.996284,55.056736,116.309341
235.561403,74.396984,59.445873,117.980019
234.872007,75.694698,61.328358,116.224312
237.586311,79.555820,69.517883,113.259911
236.149399,73.906654,75.335098,120.298599
237.413731,78.486454,79.227730,115.754173
238.847095,74.750111,78.812172,120.421257
240.589489,73.105820,90.275871,122.276825
242.359825,66.317360,73.323517,126.513229
244.137482,57.007942,64.528214,135.386459
250.183146,50.986214,59.345486,136.505173
250.467087,46.994225,59.965652,138.522507
251.664991,44.635284,56.699665,136.499634
254.284794,43.343086,56.203590,140.111343
253.824604,44.929947,55.699104,138.605042
252.240540,49.381660,59.734177,137.186722
252.227848,54.570869,56.459816,129.220383
248.845387,53.740456,60.643929,133.448685
250.248474,54.667000,59.638779,128.868546
245.584221,54.146324,74.540985,136.812485
239.444038,77.409718,84.341797,112.688866
238.214146,60.186989,72.512489,129.585373
233.962864,61.141716,62.582893,128.634232
226.407228,60.634197,54.715008,124.116493
226.803463,62.896648,50.132927,98.268257
224.495394,59.547501,52.316814,92.721649
221.310146,56.140793,54.095085,93.273804
218.324327,52.231052,53.582561,92.438713
215.212708,50.479343,60.170975,94.039360
212.424810,49.701855,61.985538,91.137062
210.379169,50.047409,65.486427,87.709015
207.899254,49.683578,66.193298,87.587006
207.171009,47.890316,67.723946,93.796944
205.078125,47.492310,69.730423,90.593933
203.670399,45.782486,70.125496,93.579132
202.590137,45.885414,73.852516,97.174271
200.540359,44.878975,77.228622,95.205063
197.228802,41.647289,78.195396,97.339241
194.281349,42.783752,79.383423,93.977112
192.592228,36.343884,81.053444,97.087318
191.289261,38.616329,84.262589,95.134529
193.647125,31.532497,79.552048,98.012123
194.087437,27.501011,86.385780,100.167046
195.547722,27.476093,87.955322,98.068626
197.972725,24.917728,86.576080,98.833488
200.256432,25.429409,86.588867,97.845253
203.362701,27.373539,84.112076,95.991844
206.972607,32.056599,76.144951,88.099144
210.544220,30.824467,72.505569,91.549980
212.298286,21.897312,68.015778,101.326866
216.331081,20.849476,67.530022,97.296013
218.566017,17.128044,70.148071,98.596115
221.665310,14.882004,70.476006,96.635193
224.669994,12.275784,67.003044,97.536903
229.316364,11.808998,64.450752,98.106522
231.098839,10.097950,65.089630,111.503288
235.904667,6.288486,65.029579,118.476097
238.802963,1.432892,66.560013,121.531281
242.182486,2.869049,59.383945,105.255829
244.736729,1.956051,57.697701,99.852333
245.075710,1.840572,51.018120,100.093117
247.586403,0.482681,49.903717,98.517334
250.389017,0.775162,49.982967,98.195526
252.872108,0.064861,49.874268,100.237831
258.477861,0.000000,51.184032,106.117245
263.335230,0.000000,49.952969,103.704523
266.782921,0.000000,53.658630,103.009854
269.106874,0.000000,57.892559,145.145010
262.612049,27.173137,69.167030,163.306244
270.339085,32.815284,61.137062,88.130226
277.283060,25.521156,57.326809,100.383919
276.221693,10.002162,54.240650,111.133301
275.777105,28.834800,52.817966,125.582222
264.019299,40.292201,64.246544,144.086700
245.495201,30.406604,83.153534,159.564926
246.747063,48.734088,67.181824,135.614182
248.091751,35.808864,69.509537,155.337555
244.487984,22.629802,72.826416,166.685089
239.602577,19.865787,70.381927,171.544968
233.061287,31.307491,58.699188,143.552307
231.977430,30.594661,62.596882,96.429016
227.179316,40.974181,57.551937,83.646538
222.851509,20.507583,66.553802,106.583641
218.638676,25.721076,67.878670,99.565224
216.796890,22.306995,75.236038,102.532516
214.100613,25.405608,70.650291,99.286125
212.827820,23.242450,75.761765,103.609146
211.327572,25.718169,76.635612,97.643852
210.583282,23.463516,77.965927,100.344627
209.667835,22.378387,74.782906,101.455040
208.435871,19.150840,77.441200,102.008736
207.676289,21.037822,79.542274,98.552979
207.216038,16.537719,74.546700,102.224541
208.455013,11.262443,74.075401,102.799782
212.103928,6.147414,70.829025,105.000053
219.473249,8.529315,63.482166,101.920029
229.565495,20.659423,72.696083,115.583733
252.955648,80.094253,62.644077,106.593773
246.151997,71.690032,62.932198,117.493706
243.130411,14.079669,62.144863,176.387711
242.478012,0.231967,76.799728,191.446030
240.895302,55.711093,91.696777,133.057175
245.943684,1.141277,77.313759,189.716034
250.115841,1.424564,71.765984,142.620193
254.171143,0.000000,69.530075,102.659072
259.274448,0.000000,69.348457,102.823314
258.820545,0.000000,67.834602,104.008173
259.216064,2.654611,67.327377,122.900429
261.056190,8.192944,64.446960,142.489502
258.301689,12.974057,65.963959,176.767578
246.882946,5.455983,79.930779,186.792526
242.843239,5.158109,76.238251,183.143707
239.931351,61.969907,91.903519,127.389313
242.868198,18.030476,70.199715,177.069962
237.519199,7.084668,67.106697,176.765167
233.272522,18.639913,65.367661,147.342239
229.882847,0.000000,52.498451,103.203782
