295.000000,54.000000,22.000000,46.000000
294.582164,52.692162,21.732370,44.713837
293.788519,51.090469,21.757854,45.436508
293.783069,50.562157,21.686167,45.320007
293.963127,50.928946,21.556557,45.406986
293.977139,50.829653,21.559441,45.246395
294.584644,52.056305,21.202637,45.452179
294.129831,52.404509,21.438396,45.245655
295.035048,51.610849,21.849895,46.059475
295.381746,51.745783,21.464695,45.577450
294.972928,51.221378,21.600111,45.245918
294.190634,51.180733,21.667515,45.618385
293.579202,50.390839,21.732924,45.408150
291.965612,49.186296,21.970463,45.708523
289.030192,48.411304,21.219484,45.759758
289.314142,49.238785,21.370243,45.809494
288.528090,49.146793,21.654942,45.955803
288.496909,48.147526,21.511126,45.303749
288.821404,48.045771,21.277868,45.928059
289.448104,47.182383,21.438242,45.566837
289.423342,46.382206,21.599979,45.542747
290.080441,46.250721,21.773733,45.673653
291.070047,45.604471,21.632061,46.042721
291.916717,46.054585,21.352358,46.157082
291.784565,45.798294,21.331482,45.587433
292.482345,45.249596,21.446146,45.952583
293.042580,45.425499,21.832840,45.129982
293.624753,44.536583,21.345572,45.867081
293.560125,44.720709,21.166393,45.560078
293.402651,44.666761,21.362560,45.786045
293.897289,44.892958,21.865250,45.791553
296.253553,46.157166,21.087460,45.641571
295.374684,47.673832,21.009634,45.421272
295.249888,49.222694,21.237268,45.400826
297.056758,50.514511,21.105799,46.092751
295.993462,50.468233,21.378174,45.601742
295.532382,49.384861,21.423578,45.426422
293.822511,46.747688,21.450941,45.405502
292.976370,44.627586,21.332264,44.979187
292.043282,42.825329,21.325165,45.211464
291.364907,42.152349,21.506590,45.708881
290.911045,42.446539,21.051918,45.814899
291.332298,44.652180,21.116020,45.878853
292.329730,47.253595,20.804590,45.460629
291.167063,48.715225,21.380817,45.975426
291.292122,49.500082,21.171394,45.737232
292.186618,50.103933,21.457056,45.770222
290.997372,49.984852,21.671036,45.198761
290.294533,49.051395,21.467743,45.379234
289.601122,49.356148,20.978123,45.364799
289.463384,49.427078,20.665625,45.591438
288.317472,50.393154,23.515667,45.548561
284.312394,50.972881,28.740149,45.633324
287.720425,53.764233,24.544769,45.147636
288.900199,53.281963,20.519785,46.007500
284.128542,53.025021,25.358906,46.040604
255.836926,29.946724,21.729963,46.512764
254.087117,29.749638,22.654516,45.650185
254.509920,28.799717,23.170605,47.058632
254.821407,27.538017,22.584282,47.376465
253.398182,24.158159,22.246223,47.028484
253.505402,22.305294,20.918167,45.156158
253.168812,20.888121,21.451424,46.363895
251.582158,17.903097,21.408712,46.565731
249.853235,18.553007,20.344784,46.232243
247.625912,20.322212,20.086670,43.312813
244.796272,21.780331,21.269806,44.080727
241.951117,23.007240,24.277431,43.698410
239.603517,22.830524,27.369940,44.105080
239.538379,23.462294,29.608110,43.190327
242.397470,23.787745,29.673193,42.590969
245.827347,22.284405,30.056129,45.897758
254.641881,22.955214,23.623243,39.327671
260.461050,23.817182,20.945782,31.908506
263.551180,24.256573,22.243435,44.442619
248.920896,39.898569,22.455153,45.376369
247.262286,38.155684,21.939333,46.036892
245.273911,37.885239,21.750051,45.000214
243.456462,37.838688,22.142778,46.967186
242.143151,36.546118,22.154814,45.736256
242.033268,36.357512,21.405830,45.095470
242.278667,35.483829,21.575577,45.474564
242.749937,34.096502,21.548840,45.125225
243.718631,33.559938,21.818666,45.548222
245.354301,32.606535,20.883446,45.349903
246.929119,31.944407,21.517639,44.886776
250.014075,30.804090,21.621424,45.210987
252.017709,29.462013,23.623663,46.420860
257.616419,20.753864,24.351948,48.301971
260.451663,12.311990,19.316103,25.004751
257.828212,11.824348,20.584429,37.435966
256.565681,13.958435,24.205065,45.104630
254.489687,11.822439,21.215488,45.890476
252.320455,10.106588,22.422377,43.616131
250.265398,10.191647,22.658680,43.370956
249.761972,10.998369,21.151012,42.948872
248.212294,10.778433,20.087101,43.559162
245.662610,10.433605,21.659277,44.219604
245.167843,11.328304,23.926079,43.219414
244.146672,12.659977,24.184835,43.431541
242.645539,12.470442,25.615614,44.048206
241.651688,12.446302,26.599472,43.285725
242.044955,11.193209,27.906046,43.928509
243.318032,9.360405,30.457121,45.038803
243.701277,8.321789,34.085682,46.251717
245.998110,7.869997,33.036160,44.427715
251.211228,7.860458,21.795591,43.008865
253.173933,7.760464,21.901539,44.669151
257.217156,6.014757,20.790434,43.631153
261.380375,8.638447,29.650993,47.860275
265.627794,22.226204,25.737682,48.253746
263.155707,21.689760,24.249941,46.863850
261.404411,21.504215,22.805695,48.067078
259.576590,22.907469,23.137226,45.359600
259.686990,22.299341,23.065977,44.547512
257.799933,20.036257,23.525980,49.204494
255.416849,2.824598,23.762836,34.988178
253.373549,1.528757,21.359682,42.720097
249.135929,2.523233,19.198006,43.716091
245.531369,2.983852,19.086454,43.350761
241.980602,1.907446,19.083618,44.291828
238.664824,4.451817,19.906796,41.975800
235.378331,5.618975,20.114912,42.956783
233.091249,5.757687,21.500080,43.332283
231.431033,6.910934,21.602793,42.834618
230.311067,7.583109,21.112356,43.095852
230.292689,7.723015,20.659098,42.581520
230.576867,7.484797,19.753378,42.691517
231.582513,7.760813,19.275267,42.754421
232.724811,7.184011,18.834299,42.663502
235.113755,6.334478,19.028982,43.611515
236.549809,7.753017,18.505508,42.190910
238.281244,7.073565,19.365040,42.873898
241.117592,6.225653,19.540489,43.556721
243.264152,6.184315,19.975367,44.208420
245.286415,7.828836,20.533379,44.009785
248.746203,9.223852,20.454447,44.417912
251.122911,7.680365,20.801479,45.962742
253.079506,8.032177,21.120850,47.499649
255.033164,7.723669,23.816637,49.157940
300.751588,19.474285,23.285063,46.117889
298.198360,17.978209,22.231041,45.791805
294.673514,18.242029,22.244112,45.658390
290.357603,18.109097,21.833317,45.053322
289.961589,18.227001,20.671671,44.453331
288.815045,19.214256,20.832487,44.310600
287.148149,19.142483,21.430517,44.799767
286.178005,18.767456,21.516823,44.857841
285.923327,18.733543,21.353632,46.156464
285.257070,20.267233,21.657393,45.566578
285.749825,20.755533,22.861870,45.221813
287.081663,20.770187,21.674129,45.366867
289.248287,21.330160,21.859619,45.965061
290.979521,20.435148,21.449474,45.489590
292.350062,20.404772,21.853075,46.012775
293.635666,21.450333,21.473167,46.278221
295.696026,22.684853,21.934189,46.670418
297.553237,23.461372,22.371424,46.328941
300.388319,23.221701,22.292385,46.688625
301.063552,22.821266,23.083414,46.534386
302.039173,22.314688,23.661575,47.088665
303.239530,21.173296,23.935591,47.207600
303.745220,21.410677,23.950119,46.845798
303.661740,20.101667,24.221006,47.313946
302.839873,19.955418,24.574472,47.041946
303.284667,20.232624,24.118082,46.327759
303.702929,20.523825,24.629704,46.041149
301.993665,19.745583,24.374922,46.376396
301.796078,20.422991,23.768539,46.056309
301.210170,19.942879,23.368334,46.140739
300.180285,20.254164,22.886997,45.471340
299.318821,19.810396,22.536034,45.559223
299.411381,20.133204,21.138992,45.468388
287.257202,19.548941,32.898483,45.725445
286.107615,19.174337,35.634716,46.101803
287.761286,18.684872,34.150753,45.773636
284.679390,18.802622,33.593521,45.635548
292.945082,19.724670,24.922535,46.308083
297.038069,20.337811,22.947575,45.795563
298.313118,22.203550,21.860092,44.912640
299.883375,22.510420,22.026737,44.689648
300.363014,23.195868,21.934486,45.023335
301.826907,23.391830,22.043886,45.600594
302.835179,23.301264,22.490370,46.089138
303.219827,23.460302,22.834387,46.386524
304.026812,23.642509,23.857273,46.577698
304.102527,22.987961,24.841570,47.155579
305.379454,24.473820,24.701260,46.332649
305.789638,24.459881,25.312792,47.036354
306.592512,26.658167,25.354839,47.093578
306.884542,27.148092,25.830183,47.278904
306.763820,28.779613,26.285662,46.935249
306.517776,29.752460,26.712610,47.429543
306.123874,31.134155,26.347628,47.255600
304.311598,30.796980,26.975063,47.712055
301.725154,30.773287,26.633730,47.252270
300.269528,31.338575,26.329893,47.385349
298.777804,30.787354,25.764620,47.857590
295.621330,32.178497,25.497856,46.853394
293.131786,32.423428,24.557007,46.253502
274.503989,27.825174,24.895029,46.726391
280.821130,28.835318,30.293341,50.061146
281.856064,27.604807,25.931328,49.323696
282.280795,25.760435,22.136522,53.085239
280.532691,30.961578,22.849390,46.387192
277.626192,28.209446,25.987507,48.294388
274.682943,30.512875,26.545971,46.087738
275.926053,30.372139,22.186384,46.023857
275.743255,31.897518,30.356806,46.546036
291.683882,31.071369,23.832348,45.488998
298.908100,33.903379,20.862396,44.275097
304.194667,35.302244,21.291643,44.376102
308.413168,36.085381,21.139507,44.228035
312.293641,35.953943,21.190680,44.738468
316.764812,36.939945,21.340975,45.034515
321.119826,37.381302,20.880243,44.681961
324.249196,38.026823,21.462873,44.238255
327.578205,37.704552,22.074509,44.551086
331.178057,37.090019,22.616215,45.006607
336.219738,36.543266,22.424561,45.153694
340.687516,38.548977,21.205877,44.393631
343.339463,38.609058,20.222776,45.511803
346.116436,40.679256,20.977486,44.886147
348.496883,39.453970,21.832085,46.623158
350.754074,40.958988,22.517410,46.343361
351.431087,40.983992,23.129326,46.742527
352.135151,41.578806,23.145378,46.853390
351.304692,40.733086,23.349798,46.740967
351.281078,39.881123,23.447334,46.152534
349.952360,39.776646,22.362629,45.392265
348.297863,38.501930,21.677902,45.796829
345.415674,36.625557,20.446644,45.763390
343.176697,35.880440,21.103226,45.292366
339.745889,34.236990,21.844206,45.506763
338.377663,35.098410,21.814369,44.742031
335.833345,33.087669,20.921741,45.153419
333.966612,31.823801,20.470531,44.821514
331.559443,29.328224,21.226452,44.900696
327.496477,26.031708,23.125416,45.273254
323.293552,21.247618,23.971420,47.431911
318.432646,21.495996,24.119282,45.476826
313.297861,18.975492,24.422878,46.139874
307.786877,18.299580,23.287254,45.939026
301.824106,18.667686,20.712780,44.096703
295.314707,17.745565,18.703846,43.854542
288.720262,15.404190,19.077055,31.651382
280.242229,20.955378,34.359894,44.585194
299.583185,37.993036,21.589863,46.521259
305.614242,37.661221,21.930246,46.629089
310.515226,38.081991,22.135021,46.300884
316.078963,37.974966,22.622202,46.166927
321.050718,38.701286,22.319210,45.554253
323.830574,38.630737,23.342354,46.226845
325.075929,37.993347,24.110907,46.089043
326.654206,37.525129,24.472021,46.163021
325.785951,37.355757,25.769705,46.185040
323.430670,37.572710,25.498150,45.671040
320.436346,36.404005,25.536800,45.333508
316.138968,35.477856,26.329203,45.215775
310.968631,35.169546,26.004000,45.525600
305.297235,35.484652,25.980604,45.014652
299.362380,35.906193,24.754580,44.940933
291.466933,33.555025,25.313166,46.953724
280.769285,21.622683,27.565708,57.450573
285.123705,22.324587,24.191280,49.806255
296.044909,22.267292,20.236645,43.200249
302.618011,22.109524,20.042177,43.837685
307.438553,21.390366,23.018204,44.387848
311.011552,21.909689,25.932692,44.673206
315.120421,22.823818,24.855211,44.566322
317.249066,23.187922,24.424978,44.562084
319.490433,22.674376,23.691559,45.283146
319.914220,22.067472,22.238424,45.010807
318.029590,20.920815,21.930292,45.078888
316.983803,20.491264,21.245003,45.190338
314.363696,19.128485,20.858660,45.689999
311.076488,18.091618,20.661844,45.861977
308.269268,16.696835,20.724472,45.700516
303.715005,15.185602,20.156500,45.018780
299.991788,14.162764,20.560125,44.974026
295.303479,11.420574,20.494635,45.378876
290.108150,10.031036,20.500422,45.188942
286.115565,7.515608,20.626505,43.723011
280.302758,5.587629,21.287580,48.858112
274.958694,4.625317,19.626680,48.421761
267.780714,2.996006,23.208172,49.005112
262.140265,2.551985,24.063335,48.501049
257.336998,3.034231,24.189125,44.838665
254.131889,3.054073,24.580322,46.464966
251.833732,2.925873,24.553087,45.042732
250.643948,3.313717,24.326820,44.784012
251.471888,4.410110,23.326717,44.327477
251.501167,6.129654,22.675079,43.609825
253.249558,7.575708,21.646589,43.917973
255.603723,7.837374,19.977034,44.832569
255.855758,9.222319,20.056177,44.746098
256.765248,7.974037,20.497557,45.845947
254.899475,8.052814,22.002243,45.205063
254.115308,4.741142,24.359259,45.815727
251.736036,0.901123,26.274555,47.764534
251.308223,0.484118,21.497675,47.361683
249.709782,0.434607,22.539360,44.105061
243.491547,0.000000,34.819626,42.268635
280.564360,27.717873,20.923512,45.143711
276.584846,26.799837,21.458963,47.450378
273.603431,25.948208,22.961962,45.648586
266.997256,24.815418,27.725466,48.923306
271.842071,26.299891,19.742197,44.840591
268.065656,25.412374,23.553885,44.481476
269.631622,25.293844,20.750610,44.733185
292.772583,0.000000,20.553818,40.256031
302.499082,0.000000,22.180456,43.286255
309.380960,0.000000,27.257231,43.599289
315.209474,0.000000,31.393095,43.222603
319.942373,0.042604,33.348515,43.299046
322.223742,0.523968,33.167110,43.138306
322.880741,1.406393,33.026222,44.360287
322.914950,1.190729,30.184229,44.627995
318.775619,1.216400,26.114809,45.677345
315.637612,0.653473,22.896009,46.317329
309.919834,0.786188,20.499725,45.869099
302.802653,0.863737,19.957651,44.259281
297.495399,0.236996,20.604385,45.447090
291.179399,0.000000,21.975109,36.710115
283.527168,0.000000,24.282578,38.289708
279.067145,0.000000,25.490862,49.240553
275.928098,0.317838,23.619543,51.736256
293.760297,19.797986,23.191549,46.207859
297.708498,21.304637,22.452984,45.015923
303.875989,21.752713,21.499807,45.664478
308.151254,22.632375,21.229078,45.416180
312.681537,23.644588,21.448481,45.399124
316.277463,23.737046,21.036718,45.599720
319.953960,22.544742,20.955391,46.030556
322.591512,22.806474,21.513098,45.666836
324.181010,21.720294,22.702723,46.013641
323.114464,21.381957,24.423584,46.347420
322.763468,21.361531,25.201900,46.160030
321.319607,21.237706,26.182884,46.027142
318.365899,21.103782,26.396925,46.299232
314.172116,21.924459,26.690634,46.672756
309.656904,22.617450,26.399448,47.483078
299.129187,21.765495,32.337704,46.374611
298.030117,6.361634,19.276184,35.827633
303.826090,7.538762,22.305996,44.164288
310.247472,7.140714,24.317587,44.377155
314.864704,7.394511,26.268196,44.779869
317.672601,5.480371,26.346235,44.849575
319.232217,5.133504,26.109724,45.253696
320.986521,5.498962,24.836880,45.196060
319.759208,4.839040,23.501238,46.260746
317.133472,5.269351,21.598152,46.227180
314.349791,6.365052,20.398121,44.709293
309.822389,5.584333,20.128500,45.075588
304.844439,3.355611,20.629482,46.190350
299.756071,2.515998,20.373638,45.771011
294.487325,0.898715,20.305372,46.023399
288.725063,1.505309,20.152306,46.207443
282.847082,0.000000,19.743511,43.794620
276.464052,0.000000,20.099453,38.447586
270.111104,0.000000,20.099501,38.553964
264.791317,0.000000,20.021362,43.854426
258.678196,0.000000,20.529465,42.135560
251.337781,0.000000,22.203619,42.098199
244.580645,0.000000,25.730251,41.845890
240.626431,0.000000,27.139130,42.883183
236.753016,0.000000,27.688753,42.351605
235.433130,0.000000,28.476185,42.596932
235.161628,1.730309,28.680933,44.009590
237.862743,4.708393,27.086594,43.714584
243.254986,6.369701,22.963959,44.546341
247.817477,8.440937,19.732607,45.119888
250.784974,10.121809,20.554312,45.293087
253.293691,9.563581,21.864531,46.673977
257.317306,8.745794,21.551630,46.685581
259.685010,8.147972,20.750227,46.181427
261.980418,6.150160,21.785707,48.422169
263.239101,5.909851,27.142761,48.944656
266.066325,4.509325,26.603106,49.153881
270.669899,5.492449,35.048775,57.707577
277.002327,4.698786,28.115044,45.608212
281.835877,6.428963,28.268667,49.117584
267.184115,29.836540,21.182940,45.715454
261.605763,31.683111,20.777479,43.979351
255.708405,32.285797,21.064713,46.468506
250.994030,33.291077,21.011040,45.929199
247.486492,34.832165,20.252151,46.237617
244.989089,36.031891,21.048845,46.234756
243.831936,36.266712,21.453461,45.537895
243.711734,37.182789,21.085833,44.906883
244.880120,36.979771,21.425879,44.926964
246.770733,38.692680,21.972519,44.236961
242.723166,36.943752,38.493710,48.196716
242.470198,32.757805,56.242916,52.315483
260.006134,39.942226,21.199059,39.751816
255.622302,40.878035,31.036127,47.924557
267.289015,36.796715,27.782932,41.098640
286.285413,0.000000,20.573019,44.143272
284.326058,0.000000,21.323439,41.666851
279.932915,0.000000,25.983902,41.807716
276.243395,0.000000,30.060543,47.433414
294.880980,40.292833,26.849260,47.292206
301.531733,41.686001,25.418514,47.106915
307.597285,41.669851,23.811029,46.833061
311.063487,42.268215,25.130579,46.645321
317.324450,42.877125,22.736446,46.847668
320.357006,43.327560,21.757362,47.186329
321.907178,43.716627,21.360235,47.553215
322.790818,42.988674,21.227644,47.611553
323.143623,42.181555,20.953278,47.649719
321.277051,41.669079,20.863165,47.703327
318.129910,41.755606,21.427765,47.351685
313.144096,41.130215,21.927528,47.762455
308.704952,40.331524,21.566101,47.163197
302.851099,39.402719,22.663555,47.419350
270.680102,7.824345,22.842577,45.477489
275.254251,9.280674,24.088779,45.754467
281.187700,9.665693,23.261738,35.579308
286.140294,10.847713,25.223524,46.087704
292.233006,11.692719,22.490265,47.449085
295.958673,11.459698,20.849186,44.851093
299.862929,12.377592,20.222788,44.329742
302.976964,9.920271,20.484365,45.266586
306.377628,9.815371,20.159904,44.892319
307.941857,9.487644,20.261435,44.722569
308.856516,8.519190,21.652500,44.952957
309.242608,7.771008,23.979605,44.654194
306.748931,5.086504,26.994776,45.692543
302.982592,3.849344,29.139774,46.111015
300.043234,2.537569,28.037823,47.223717
295.289115,1.005297,27.523874,47.218575
291.288748,0.387173,26.871151,49.933979
285.493021,0.000000,27.118809,47.084614
279.724167,0.000000,23.909630,49.175423
275.212860,0.000000,20.402328,41.640806
267.010523,0.000000,23.415966,42.232720
258.999690,0.000000,27.931604,43.372534
256.045434,0.000000,27.017790,42.686370
251.916992,0.375450,28.987885,43.884033
251.109035,0.957676,26.510401,44.165169
250.655008,2.319828,23.745235,44.287834
250.584963,5.191021,21.999294,43.883461
253.896372,7.019722,19.347912,43.405396
254.512580,8.022863,19.075480,44.038448
254.609538,8.184745,20.381792,43.853188
253.261646,6.226455,22.900146,45.875877
253.078360,5.942176,23.148739,46.048164
253.022273,5.612297,22.909060,46.336189
252.628080,6.635528,21.669674,44.237907
251.982920,6.929546,21.307468,45.638977
250.811970,9.233898,21.779327,46.140335
249.322558,12.834524,23.761545,44.868511
240.074516,12.027898,46.172836,47.990322
300.170070,35.624941,20.777231,46.323215
275.209444,37.089338,49.006023,40.815205
248.542801,13.917722,22.071968,48.391041
245.678939,12.250717,23.559587,47.722809
243.093486,10.880504,24.660959,47.081642
240.446512,10.628179,28.448742,46.931400
237.892368,7.883449,25.003746,46.754143
236.690774,7.611276,20.693327,44.474743
233.883967,5.536859,21.839334,45.367229
227.871017,4.227848,29.416115,44.259392
225.394997,0.619924,32.627129,42.887104
223.499445,0.000000,39.041187,40.739328
229.915554,0.000000,33.432190,37.749562
238.046082,0.000000,29.402702,37.463375
247.440511,0.275418,24.092772,36.741886
258.502015,0.000000,19.047979,37.792607
265.787335,0.000000,19.455343,39.220926
273.499414,0.000000,19.908604,37.932227
281.412756,0.000000,20.777264,36.984069
288.499671,0.000000,20.893236,43.057886
293.417311,0.000000,22.619572,44.981822
298.550627,1.009830,22.522999,45.594837
304.947583,1.747076,21.857336,44.873138
308.271841,2.155080,22.069584,44.767677
312.031766,1.375682,21.947470,45.011265
312.186110,0.902429,24.705402,45.521072
306.385475,0.697483,35.126801,46.752926
259.311399,22.110246,21.015558,46.791672
256.529580,20.781511,22.192339,47.504959
255.382761,19.253978,22.206070,46.423458
255.804577,17.831066,21.253323,46.294460
256.536411,16.449363,21.711834,45.898357
257.363759,15.487117,21.058542,44.238247
260.470058,14.294923,20.931484,44.515533
263.771674,15.174703,23.376791,45.710876
266.744544,17.553050,24.088522,48.049625
272.036424,19.848972,25.081865,47.350025
275.862103,22.935522,27.502710,46.084717
254.566957,0.000000,26.332024,35.559278
252.614189,0.000000,27.477779,39.984261
252.173774,1.408419,27.142225,43.760303
254.643439,5.466469,26.244871,45.728676
255.098778,7.894926,32.738689,47.917629
252.332487,10.705704,50.102448,50.111809
313.838662,38.216843,22.408609,47.445305
315.740061,37.785908,21.629951,46.220627
317.550107,36.604786,21.021120,47.378059
316.331841,36.117216,21.474689,46.656635
314.031333,35.431664,22.630178,46.805679
311.279808,35.934307,24.154446,46.983513
308.194620,35.576626,23.523674,45.855797
304.124682,35.074194,25.689016,45.960819
298.926919,36.019842,26.720804,45.245594
287.678661,35.325283,37.428013,46.948906
289.235935,34.398875,29.062260,46.649990
278.985561,35.310891,37.129856,46.648651
277.903723,36.624655,33.101929,46.964237
246.578617,4.503529,30.755978,41.571541
252.144710,5.239468,28.381254,42.579689
259.282767,3.939087,27.548590,46.495651
269.857600,6.468556,22.445219,45.865746
277.154143,7.700739,23.221212,44.575680
287.874956,10.617735,21.315903,42.511570
294.866461,11.658297,22.573799,46.868061
302.651599,11.253563,23.476622,44.167854
309.589406,11.672486,25.643900,45.602806
314.636528,12.247887,27.377186,45.268776
318.609433,12.836239,26.961847,45.092224
321.611191,11.707667,25.591892,45.105656
323.144869,11.249199,24.384140,45.692879
322.685919,10.699469,22.835655,45.224621
320.035020,9.363312,21.423449,45.549316
317.153506,8.938023,21.032003,44.888069
312.994486,6.605530,20.553665,46.140533
308.227695,4.893566,20.813269,45.077637
303.141334,2.498528,20.642805,45.681877
295.914338,1.261898,23.545382,44.697411
291.834696,0.000000,21.431488,40.378764
270.295032,16.218339,22.008932,48.236336
275.748575,12.199216,27.055321,48.593033
283.499524,15.670695,22.688082,43.297749
287.292820,13.950627,22.416309,44.749512
290.987294,12.364410,22.991533,45.107586
295.583035,11.773420,23.520176,47.599350
298.808790,10.880967,25.500076,45.068336
302.401022,12.248908,24.794174,46.105221
304.947323,11.778854,25.835499,46.121670
307.082971,12.021827,26.761209,46.114437
306.020369,10.830569,28.016479,46.749485
304.287764,11.192670,28.341949,46.362732
301.867612,10.725663,29.146151,46.164360
298.392635,10.105996,29.442432,46.141289
293.760541,9.332908,29.196718,46.794003
288.880049,7.983379,27.897659,48.378101
278.559818,9.507501,32.458546,47.083427
278.028749,6.278629,28.522486,49.227467
271.624478,8.777740,25.914232,45.855282
265.064224,10.015971,22.308079,48.983982
259.021776,10.942126,20.794411,48.183475
253.680215,11.692172,21.364870,47.918476
248.279582,13.331842,21.298552,47.391869
242.942151,15.517303,21.859545,46.775280
238.079580,16.685451,24.081947,46.615330
234.439498,18.229476,25.494116,46.715679
232.228114,18.897487,26.947462,46.390858
232.734727,20.117343,27.824968,45.854816
234.683668,20.863597,28.085716,45.729465
237.476261,21.784778,27.922024,45.842655
242.541495,22.648870,28.728338,45.796295
247.176840,24.178851,28.884132,44.348392
252.555774,24.229839,31.039762,47.581364
259.617954,24.389337,31.070461,46.980629
266.122784,24.235484,29.881237,49.422886
273.524923,24.205102,29.054451,47.749168
283.347098,23.001540,25.096670,46.514141
291.900233,23.564920,23.881346,45.617592
296.716204,23.408942,25.364304,46.767284
305.875086,22.645803,21.989258,46.129898
309.803087,21.354793,21.872055,46.388889
313.937038,18.990497,21.205975,47.087475
316.475905,17.711469,20.902502,46.785995
317.781241,16.266145,20.417898,46.706207
317.590624,15.095304,20.387520,46.459892
315.083261,15.494764,21.141136,46.270287
311.842257,14.337232,21.378845,47.380295
307.649642,14.250001,20.615294,47.333557
302.959614,14.700240,20.774212,46.925304
296.110291,13.936767,20.344461,47.908627
287.050863,14.669234,22.880241,47.515537
282.394528,15.103408,21.467218,47.393543
274.259826,14.236337,22.653173,47.929985
267.317584,14.069339,21.860975,50.528721
261.638024,13.846446,21.772158,48.725651
256.773980,13.637355,21.241137,50.205860
252.839680,13.417342,20.914516,49.421047
249.626403,12.796155,21.637106,48.271019
248.301733,12.858373,21.454124,47.772850
245.754335,12.938201,21.220932,47.823856
246.518709,13.957917,21.124710,47.535614
247.692096,16.559663,20.802336,46.819839
249.216358,18.798524,21.443142,48.778214
251.113983,20.788804,22.342945,48.841965
252.750519,22.598512,23.130070,45.511185
256.908404,25.419843,24.452391,46.366371
259.816627,27.056733,26.271475,45.617889
304.396116,11.384584,22.163063,44.926201
308.482892,16.272332,20.907602,44.763496
312.929161,19.529445,21.513523,45.261250
314.478036,22.041572,23.060869,44.850155
313.599998,22.154519,25.977911,45.324913
312.556563,19.868438,26.912741,45.513943
309.617307,18.017442,28.240076,45.340965
291.879179,37.018134,26.133202,48.328045
301.751260,13.936948,25.050859,44.785622
296.061608,11.692495,21.045382,37.629593
301.979081,41.540786,23.556170,45.537899
305.527768,41.764440,21.256632,46.223953
307.499367,41.662957,22.049763,46.067535
308.947975,41.342141,22.972797,46.091431
310.060405,41.315679,26.057661,46.027122
312.903119,40.945539,24.864435,47.285728
314.992725,39.976237,23.828121,47.641872
315.831663,39.444604,23.720314,48.478348
314.978467,37.145490,24.160730,49.178200
314.344273,36.145238,24.542553,48.627586
311.514015,34.158918,25.804523,48.493309
307.765152,33.048036,28.034763,48.552307
304.577639,32.683906,26.013290,47.997242
291.854263,4.401056,20.621021,45.213890
299.333725,6.450837,19.925892,40.792336
306.262645,9.755399,21.026686,45.143562
312.252450,11.972911,22.196398,44.508198
317.870679,11.019912,23.189676,46.156216
321.043040,10.781009,23.851744,45.111210
324.842296,10.565089,23.848906,45.445942
326.492384,8.878350,23.159676,46.590736
326.759618,8.954513,22.057016,45.544567
324.871869,8.081323,21.825869,45.601517
323.423368,7.326547,21.228220,45.596893
320.582129,5.386884,21.431770,46.024399
317.671263,4.210223,21.209221,46.379948
313.139747,2.357335,20.952490,46.090614
307.868289,0.651109,21.783445,45.358902
304.066115,0.093158,20.644796,44.887341
297.316040,0.296004,24.789738,40.527493
277.885174,20.037339,22.034603,47.884544
284.167416,22.036172,21.420437,46.241035
290.430787,24.545901,23.296312,46.480381
300.494363,26.020868,21.496874,47.776329
309.344094,28.296846,20.923449,47.734215
317.608011,28.721088,21.717377,47.137745
324.996540,29.911082,22.253475,47.083012
330.277162,30.617753,23.186220,47.120689
334.794033,29.357047,23.764141,46.860592
337.232797,28.581659,24.248415,47.184578
339.580982,28.150451,24.660931,47.118847
338.755317,27.948587,25.507879,47.284340
336.953422,28.016528,25.865698,47.128056
333.469849,27.806331,26.450275,47.841969
329.219614,28.834615,25.784592,47.593033
300.278826,0.840104,24.095596,48.197166
310.231530,1.167550,21.049425,43.334343
315.968104,2.686721,22.348936,45.439274
323.919976,4.393584,21.698900,44.157001
329.022249,4.557361,22.564545,44.001156
333.202528,3.429416,24.026863,44.276302
335.480847,2.488864,24.797678,44.038723
336.897863,0.756385,25.930290,44.530766
335.545979,0.000000,27.473766,44.754481
333.482712,0.000000,27.042728,44.386266
330.636021,0.000000,25.062023,44.652205
327.423064,0.018234,22.762754,45.689194
322.923313,0.230394,20.896702,45.879711
316.737720,0.014816,20.013884,44.928810
309.561197,0.128831,20.187500,44.161419
300.722247,0.000000,20.723974,43.811397
294.088568,0.000000,21.046394,41.488498
287.259673,0.000000,22.889738,41.230854
281.704815,0.000000,23.110615,42.987045
271.245983,0.000000,36.162395,47.208437
299.296261,38.763295,20.838436,45.588829
305.872461,41.395627,21.903061,43.599594
311.781727,42.660697,24.188137,43.217525
317.279116,41.333814,26.444626,45.927429
321.107201,39.515231,26.777164,46.768742
324.580840,36.913033,28.621984,47.779640
325.294943,33.754624,29.806648,48.313896
325.121393,32.181472,30.904373,48.147671
323.266950,29.038602,31.983927,48.953430
320.195589,28.064862,31.440353,48.105698
316.637712,26.007890,30.201311,48.585442
311.402755,24.516353,28.637136,48.867329
312.826648,0.000000,20.165220,42.520608
321.297138,0.000000,18.990002,37.835938
329.564227,0.000000,18.983404,40.155503
336.584985,0.300366,21.264994,42.696312
342.985087,4.583079,24.505072,42.616573
347.797685,6.368313,27.163157,44.102669
350.167838,9.720108,28.663786,43.177002
352.262534,11.468176,28.791410,43.865665
351.914962,13.398575,28.051023,43.808395
350.938677,13.941036,26.147820,44.167122
346.230863,14.889023,23.231691,43.168167
340.899937,13.978680,20.622433,42.890350
335.590714,12.906510,19.038279,43.045715
329.668868,11.698706,18.382727,42.220173
322.693954,9.551760,18.399122,41.043842
314.719735,5.609953,18.996225,41.666256
307.734706,2.247065,17.766661,40.905514
299.176182,0.000000,18.510532,39.845064
294.978376,0.000000,17.741852,26.423390
288.758612,0.000000,18.606079,31.744818
300.476517,24.004733,26.245800,40.841553
309.627897,24.322925,23.452805,45.956696
318.413234,24.752769,23.211111,46.693764
326.888554,25.250118,21.678638,46.634506
333.946751,25.554382,21.363422,46.859200
341.126480,27.979413,21.144085,46.560787
345.903922,29.388456,21.326735,46.958080
350.207211,31.820707,21.060289,46.749706
352.021078,34.095901,20.825699,47.207619
353.157414,35.274011,21.138704,46.625660
350.737577,35.193458,21.126366,47.121460
347.936995,36.814166,21.232674,46.669853
343.085164,37.173520,20.563883,46.727795
338.326932,37.329107,20.993853,46.522015
331.783265,38.454030,20.963015,45.989094
324.783188,39.480188,21.634464,45.749546
317.046111,39.964710,22.701231,45.159142
309.817086,39.023702,22.791521,45.061680
293.589081,39.293147,32.648006,42.517357
290.614104,36.854724,27.347059,44.281136
