191.000000,43.000000,40.000000,113.000000
191.842297,45.939991,41.188087,104.515831
189.401789,45.404907,42.990673,106.477966
190.939383,45.752052,41.582905,104.945206
189.796526,44.538246,42.207119,104.640457
188.627630,44.504704,42.628529,106.172112
189.024532,44.228043,41.960487,105.961609
188.646652,44.785324,42.077301,106.084106
188.824688,44.623093,42.069557,105.858337
190.349239,45.061844,41.551796,104.957977
189.128080,44.081631,42.422428,104.684547
188.550222,44.383011,42.262287,105.596497
186.548374,45.295437,43.760704,106.327736
186.606794,45.519398,43.689243,106.462151
185.114372,45.231392,45.001022,106.238937
183.637470,44.146454,46.471764,103.787811
181.514244,44.029465,48.246536,105.237732
178.886978,44.218513,48.517731,104.778000
175.411350,45.189800,52.300438,105.021584
172.313509,46.680111,53.444424,105.428871
169.820107,46.571438,57.540787,106.128914
171.159195,45.833099,53.776184,106.018677
166.784908,43.781166,52.719460,107.006088
163.639118,39.692417,53.081200,108.328392
161.558674,38.974785,52.953819,105.944351
156.681236,39.529385,52.056931,106.967232
151.530476,39.535152,52.759911,107.277016
146.922184,39.914265,53.255943,106.982201
143.949415,38.722382,50.649876,107.740845
144.319143,37.290325,51.096729,104.173592
140.610128,36.114830,52.597797,106.270065
140.608852,36.905128,49.861732,105.618393
135.117085,36.953712,59.070427,106.141281
137.154640,36.367886,51.821091,103.021797
135.411362,35.162716,55.301422,102.996712
134.996782,34.872986,62.638699,103.152466
142.964966,35.825348,50.045685,103.652313
120.868641,33.797321,99.567650,102.226036
155.181269,32.447330,47.702068,107.961876
155.268465,31.090122,58.491543,102.728355
166.086536,28.234600,46.266472,102.064949
170.274858,26.421551,48.020657,104.510933
175.416693,23.485683,45.831226,102.224403
178.947517,20.609486,46.581375,101.297935
182.584881,20.949753,44.588661,100.028107
186.348648,19.473576,45.950958,101.027580
189.694920,18.113667,48.468376,99.353752
176.731972,21.485962,83.668320,95.943665
186.962528,17.237926,77.052269,102.195930
188.984661,16.959984,63.828346,100.897720
191.255705,16.968967,52.002720,99.876213
191.388376,16.935776,48.822765,98.932251
187.821375,17.756996,50.859570,99.781998
184.869091,18.145557,50.597115,100.107353
179.206970,18.794113,51.324066,100.384888
174.273560,19.572308,52.377472,100.416054
169.308113,20.032139,52.075211,101.203758
165.100145,20.278557,51.140347,101.872330
159.863562,21.210686,52.787159,103.278366
156.124619,23.105503,53.015869,102.865105
145.339291,27.042107,67.370064,100.539841
147.328093,25.241673,52.387486,101.957970
141.686983,24.286560,56.559078,102.077942
119.379108,29.763481,101.232628,97.677353
256.881002,38.977840,44.776142,106.926888
258.271925,43.727180,43.466801,103.234421
261.146116,43.802189,42.907291,104.612511
262.970486,44.205063,44.228798,103.598907
264.326937,47.429234,44.857845,101.418633
264.286194,48.765251,45.778229,101.740982
265.661478,49.846016,45.479351,101.077499
268.233734,54.875904,44.664246,99.465782
267.796782,58.685555,43.675327,100.218735
268.828779,63.526714,41.677647,100.086311
264.308462,63.683643,45.350529,99.720970
269.007545,65.857502,42.284454,98.440575
263.820848,58.012306,47.355679,103.962891
230.830521,40.570080,65.466064,109.109978
239.078638,35.535610,62.795483,110.194542
248.708368,36.010841,60.368542,129.627960
255.255852,37.098740,55.846115,128.960098
262.121479,36.573921,56.783043,127.041809
267.207766,36.023735,56.922573,126.307220
271.330099,36.114540,58.344898,105.013428
268.845751,36.212147,59.242519,122.516853
275.910835,37.133289,60.181290,103.981239
267.858480,62.163296,43.093678,101.390373
269.510059,54.841808,49.816002,106.448174
270.723078,36.194290,63.607647,122.575729
269.022623,34.309967,63.313885,116.220413
266.569965,34.360336,60.302940,128.858719
265.001173,35.874393,56.693943,124.088203
258.737127,34.446175,56.620197,123.857605
252.409126,34.520008,56.011795,126.408943
247.436079,34.623913,59.001804,126.365196
244.832695,49.234718,61.034897,107.734955
229.517731,34.617458,59.013367,106.349052
261.580303,55.658928,44.754555,105.849243
266.383245,60.697289,40.115589,99.399384
264.705210,55.150421,42.997631,103.179871
266.069983,60.971912,40.665394,98.034111
257.514502,57.233089,50.959614,101.528419
265.589161,60.326874,40.310539,100.232300
264.600464,55.809681,44.786041,104.154671
266.603790,60.509369,41.200287,98.057144
257.806217,55.882992,52.201347,102.993935
263.515867,59.245052,41.624210,101.558296
262.711405,56.447643,41.422192,101.808434
263.065926,59.368187,40.909744,98.391022
261.876427,56.578354,41.859787,99.859619
263.597555,60.220932,41.109547,98.500977
262.204565,57.982536,42.650700,100.772263
263.278122,60.891392,41.325821,98.921928
262.998146,57.840439,40.813904,100.280457
263.849064,56.693985,40.483101,101.405930
258.146029,56.328514,46.601772,101.374908
260.933443,58.757305,42.288784,99.271843
252.758690,56.597977,51.803696,101.412918
262.146273,59.271603,41.064358,100.198143
200.058966,47.856918,54.476978,101.951172
206.952883,47.601471,54.946407,102.715698
213.910006,46.492310,54.142818,104.146576
220.763819,45.660477,57.524883,106.726807
228.548946,43.900375,73.465553,116.391724
236.214371,43.016747,66.792480,118.257309
242.073532,42.212849,61.424408,119.245110
247.884056,42.556328,57.894760,121.278610
252.264248,42.033920,57.161415,120.613678
256.145214,41.329060,58.222298,119.784294
258.233492,41.483925,58.569546,118.714645
258.837265,41.915260,59.418884,116.923019
259.907640,43.414944,60.468014,114.163857
260.265217,43.752140,60.913506,115.344383
258.645147,44.688923,61.454609,114.539787
257.669985,44.746685,59.827053,113.463448
254.557083,43.863743,58.694061,115.953758
250.498713,43.136681,57.702496,118.630569
245.106205,42.287155,59.342369,118.813721
238.562637,40.753757,65.429718,121.067680
231.206924,41.072712,72.288635,115.119560
221.299603,40.439266,62.710701,112.306252
217.727356,38.992016,73.714783,115.794411
205.793297,40.943974,57.443619,109.575951
197.827513,42.193184,57.828220,105.539993
189.304140,42.245468,55.926693,105.033691
182.106115,39.147915,53.662647,105.460609
167.235821,41.411030,70.880806,104.759819
164.993366,39.161842,52.228081,105.985519
262.072826,58.402397,42.073677,99.863297
261.661926,56.831890,43.302063,100.086128
262.112705,56.388725,41.883080,100.082748
260.799698,55.855885,42.048584,99.392509
260.785837,56.127857,41.779186,98.944328
259.107294,55.484421,42.195980,99.119629
260.329849,55.504650,40.899002,100.828499
259.090815,57.220123,41.480083,100.771545
258.572186,55.448833,41.101418,101.357857
258.627850,54.842953,41.170631,101.016060
257.886948,56.715977,41.347565,99.364769
257.458170,54.144562,41.215160,102.372375
257.794205,54.727791,41.190338,101.280899
258.899839,53.145996,41.354008,103.744537
259.531139,55.016571,42.002632,101.368835
259.989639,54.584476,41.768219,102.204643
260.791405,54.343666,41.834488,102.256699
258.248543,53.438362,46.180283,103.827927
261.436171,55.533455,44.274479,101.076462
261.677616,54.271324,44.955406,101.847305
262.263220,54.285774,45.562336,102.037247
261.836779,54.267666,48.387630,102.776009
267.596439,55.821186,44.529472,102.269920
266.528725,54.368607,45.165604,101.774139
265.040241,55.778091,45.112083,100.752258
259.191919,53.929047,48.301922,102.008240
260.651539,55.187065,44.435356,100.579330
257.838707,53.998444,45.153946,101.556366
253.024633,54.983658,47.930103,99.806824
244.857302,57.054440,58.446499,96.610146
254.201878,55.156296,47.909142,101.371490
253.472048,57.102455,45.726528,99.950333
248.478617,57.246559,48.155926,99.087234
250.022070,58.875889,43.037830,97.590019
245.657982,56.970596,46.366165,99.063629
246.736691,57.150482,46.242348,98.863525
250.358568,59.167221,43.273678,97.449585
251.140028,59.919182,42.992771,98.468582
251.547539,58.947128,41.386917,98.202240
250.844620,58.806114,41.159134,98.311279
250.066044,58.402077,41.551292,97.467819
250.401258,57.482235,41.311344,98.606529
249.894524,59.073883,41.328369,97.714340
250.260124,59.586002,41.642242,97.190071
249.007919,58.323330,42.038712,97.772530
247.512283,57.970089,44.865677,96.986504
246.100206,57.924633,44.147076,98.326103
193.174116,52.152073,51.263187,105.995461
228.137503,56.574867,58.593464,102.271332
214.528805,53.411880,70.251472,109.191238
229.386358,51.944496,57.984119,108.828705
237.824528,52.307636,57.791588,106.534554
241.283047,51.046852,65.364326,107.980072
236.648430,48.583904,76.154495,112.865044
234.980175,50.689129,47.846626,105.182243
230.022808,55.701199,43.618385,101.721153
231.309759,52.360607,43.045887,103.345543
231.748219,52.936657,42.473930,100.469719
233.157227,52.413822,44.329559,96.920753
235.241411,49.082737,46.582760,101.254646
243.631073,46.857895,79.864716,102.804367
249.530773,42.903698,82.353676,107.190483
247.692810,46.087513,74.484253,109.272591
250.546896,48.568386,62.188129,107.374687
243.618362,46.058590,62.654633,121.194420
233.032684,46.944382,79.943634,110.856369
219.285431,46.711918,62.581024,112.266029
204.810205,50.217175,59.073315,109.471642
191.002262,51.899548,56.217003,105.312675
177.758802,52.170841,54.332798,106.932167
166.481396,53.516220,53.607735,106.045639
156.535480,52.048092,50.419151,105.119072
145.409977,52.621773,49.918053,107.465302
133.225143,51.879917,51.304230,106.067451
125.754395,51.772102,50.383881,107.317230
115.056585,50.353737,61.609486,104.838562
116.816843,50.463379,50.443371,103.584579
118.168770,51.950382,49.682114,105.080574
120.337824,50.768379,52.023724,107.539276
111.192383,49.439377,84.746887,101.018265
132.554323,52.378048,50.440578,105.389885
138.599985,50.561474,51.699200,104.020714
147.806501,50.450024,50.875370,102.163445
158.308065,50.726231,49.571888,100.548653
172.168114,46.980518,48.840561,105.929207
184.177197,46.910526,52.509377,103.154762
196.341869,47.227474,53.765388,100.779747
207.315556,46.456959,54.120354,101.405281
216.907072,43.538666,59.461308,102.235336
227.922604,30.855408,68.162880,114.190720
237.402796,29.343227,60.120159,113.532372
245.343077,26.950077,55.607517,114.656258
247.245800,26.785236,56.537727,113.790047
247.640097,25.646336,57.572865,113.323311
250.729095,22.975365,56.278778,114.161743
246.422585,23.565296,62.957718,115.109322
234.543919,40.027905,58.731529,100.262993
227.546265,41.610794,59.278656,104.310898
219.106461,44.443081,63.181183,103.848656
211.009062,47.996239,60.984501,105.903900
198.179413,51.053139,58.314697,109.590759
184.084047,53.107979,55.453945,107.806183
171.286583,53.966179,52.237564,111.855438
159.665306,53.830711,50.484756,107.416412
148.188379,54.017998,48.711315,107.338898
137.311163,53.210869,46.940540,108.520477
127.718708,52.836456,47.177330,107.106552
120.078640,50.699032,48.449776,107.161766
116.205191,48.975018,47.992939,107.638756
116.741348,47.953106,47.390198,108.499352
118.626812,46.121426,48.226204,112.033501
125.903275,48.294636,47.001801,106.435280
133.629887,50.876770,47.510948,107.393295
144.460203,50.857719,48.634953,108.564850
156.770941,52.649303,49.417927,106.285057
169.702394,53.180889,50.355099,106.827141
182.372190,53.843616,57.556004,115.482918
195.579782,55.852547,59.005291,112.250092
209.243576,57.182957,61.927643,109.964241
218.146778,50.554382,68.905144,116.425949
227.781570,52.932045,74.088806,106.465637
232.175140,44.992798,77.400360,105.085678
240.210274,49.805748,78.015701,103.692963
241.772354,39.488205,79.741089,103.610764
247.620682,42.564114,77.993683,96.245781
251.950611,31.514793,74.101707,118.768097
252.441624,35.523052,69.322227,113.351646
247.124905,37.915787,65.216774,110.973648
240.191662,41.659809,65.770699,111.251656
228.699593,38.760311,68.781448,118.924553
217.429895,44.926189,63.233288,109.290947
206.184034,47.582893,59.755344,107.617676
193.869780,51.386845,56.897129,104.151863
182.614111,54.459610,54.067371,107.765610
170.025862,56.919975,50.027287,105.581146
158.077879,56.555859,48.628391,106.007866
147.474245,55.511395,47.209927,107.563499
137.163561,56.855274,46.930233,105.882851
129.339346,55.057285,47.124592,105.860085
122.967297,56.098953,48.177010,104.704880
119.641760,54.706928,47.211536,103.761299
118.453016,53.692513,49.210697,104.715424
117.969744,53.344761,51.582394,105.615150
120.172907,53.562996,52.529369,105.906708
107.319607,53.220730,93.343452,100.190086
134.240032,53.485050,72.552071,102.809456
146.685499,54.103104,54.263279,108.653946
157.836500,55.668941,55.033939,110.064842
172.802593,46.199879,72.930000,116.201118
181.271999,51.802986,60.148964,115.172119
192.191019,44.465618,62.659222,126.469078
202.416855,40.425484,65.337402,128.713928
198.098679,40.428699,82.329529,124.361458
194.355671,38.974289,59.662285,100.203568
195.154629,36.642426,68.560280,108.644058
193.212938,37.395157,54.895565,103.747635
195.777157,38.481518,56.971230,103.109550
197.412863,39.044960,51.625690,99.991333
207.247826,38.382404,74.066574,105.665352
236.721764,38.912426,71.741165,108.329124
218.845013,37.167400,81.520607,111.512657
224.839001,38.881672,67.980934,109.730629
220.136810,38.595463,63.439087,109.794044
210.184887,39.052425,75.206947,112.430504
198.267330,38.757080,66.255989,108.704941
188.435356,41.210190,58.183609,105.432480
176.847689,43.332794,57.264828,110.205551
168.192846,46.524586,52.765186,114.479134
161.711884,47.063931,53.603058,107.141533
148.358589,45.925785,65.971909,106.783974
145.567471,45.333229,53.574684,105.506531
137.009544,47.865917,50.944534,107.727135
129.579144,51.633438,51.078651,109.450333
126.458725,54.770321,50.070251,103.959892
124.371344,56.040634,58.375813,102.250076
131.713041,57.352009,48.845554,109.282112
134.772659,58.507561,48.674286,106.582733
136.884621,59.694187,48.903366,105.129341
140.361219,60.650253,50.531620,107.125565
145.939911,60.743458,51.762756,105.572487
151.621113,61.676342,53.663322,107.566154
159.238777,65.439583,54.367050,109.926300
166.574482,68.382664,56.540367,114.211586
173.989687,70.918247,54.981319,112.888191
184.043606,71.951504,49.023048,113.849907
187.140404,71.224571,47.730301,113.112183
186.855215,69.866436,48.602589,115.691399
188.709534,71.312244,47.109528,114.354500
187.618240,70.729919,47.665833,114.962234
188.732330,69.680710,47.374023,113.248611
188.168184,70.110062,47.403774,115.532486
188.703341,70.667545,47.001949,116.139320
187.556431,70.258282,47.942223,116.271568
186.456968,69.173370,48.427128,116.481003
185.760799,68.166405,49.143837,115.703369
185.298351,70.375999,49.590736,113.964661
184.447327,69.546341,50.403656,115.660690
185.898996,70.528297,52.705853,114.856171
186.498718,69.006207,55.362457,114.357201
186.254858,67.807995,55.832050,115.594322
187.868343,68.510731,57.718513,114.551949
184.783367,70.964725,53.822701,115.075539
184.536076,71.601639,48.657677,114.960190
185.876223,69.147110,50.048000,118.227158
185.141006,70.568810,49.975281,117.901001
184.491507,69.058365,50.124409,118.111801
183.837494,71.513107,49.933960,117.240433
185.589888,71.403198,49.248997,114.982529
186.717220,68.541256,51.756966,117.738243
183.408873,71.942772,51.654392,114.782837
181.867311,71.256607,52.171078,116.325424
181.262886,71.202888,51.638962,118.241821
181.164772,68.261105,52.170547,119.908379
181.111937,69.527721,54.221134,118.503532
185.952408,61.993622,64.481720,122.839890
180.789061,71.871166,51.366581,118.662010
182.128990,64.149025,59.822037,124.834015
180.201468,68.911366,61.827534,121.166023
181.164749,68.357838,62.898682,121.192390
179.559547,67.479797,67.340103,123.719193
178.867767,70.512688,63.946014,120.168335
177.977970,68.862686,58.504631,123.050674
176.512318,68.162888,58.361534,122.722336
173.742558,69.580166,57.228325,120.431633
173.601686,71.195599,54.637264,121.592339
174.439667,70.711258,62.425842,111.420700
172.757523,71.147007,56.575500,115.168434
175.317650,67.564377,63.324570,116.992844
173.095434,72.338554,50.609241,120.459290
172.161488,72.007908,50.129631,119.855965
173.089222,68.358246,51.726982,119.980087
175.481396,68.139210,52.922615,119.043495
179.942190,67.540325,49.353382,120.832664
183.607368,67.785324,60.389481,106.534622
232.746599,62.906170,43.502895,98.905083
187.698864,69.861198,48.108452,117.665283
235.447323,60.351952,46.157585,103.125946
185.516310,67.265598,50.464390,123.332100
234.905260,57.886993,47.554806,104.348007
218.000854,62.034340,68.886230,102.457672
231.196241,58.277428,55.327000,105.650299
186.591225,65.460182,66.067780,119.835815
191.837166,66.526524,81.628937,103.343422
199.627270,64.737156,75.586601,114.049294
205.879139,61.010181,65.050484,126.956673
216.142746,62.405865,55.049606,124.388634
223.234308,59.318394,49.992641,125.012123
225.392075,60.043453,50.871628,124.767174
227.014694,61.354931,51.724564,122.153923
226.711937,61.459801,52.496826,122.345398
228.107664,62.368866,52.409199,122.368362
227.626427,62.619080,51.714661,121.353989
226.846996,61.171383,51.173119,121.168236
226.079256,59.615765,50.445599,121.766594
226.904753,58.116127,49.843708,123.552887
227.149940,57.435314,49.464844,122.475212
228.143162,56.271450,48.760262,123.707207
228.981588,55.992119,47.679417,124.737152
229.815302,56.838821,47.594509,124.511246
228.915285,56.472954,48.089611,124.838776
225.833521,55.109753,49.713223,125.145927
220.766233,56.526031,53.785969,123.465836
216.200764,56.822727,58.883339,123.513557
210.212696,55.635220,63.943642,121.477074
204.415588,55.906429,68.768173,118.121941
200.811199,56.212212,71.065056,115.385040
197.087379,55.621819,72.711090,117.610992
196.163616,55.460209,73.512444,117.231911
195.314289,54.850883,72.281380,118.106537
196.497112,53.766148,72.081993,119.834633
197.803150,54.430843,72.667397,120.423546
199.307400,55.408253,70.398369,118.834053
196.658684,53.795090,72.141815,119.578934
195.764309,53.192875,70.278191,118.837502
198.082493,54.281902,68.402626,123.153893
205.353279,56.710285,61.967224,120.504341
213.593451,59.246441,54.781193,118.049828
214.852081,59.852852,53.885483,117.918121
215.703815,60.123997,53.147682,117.634163
215.283403,60.213226,54.488354,117.749680
213.625893,58.604187,56.004150,118.459549
211.272902,58.514320,58.270496,118.352478
210.513422,58.823696,58.638363,118.774895
210.531759,59.577087,58.654728,117.520035
211.256187,58.780708,58.079010,118.834778
212.555706,59.692612,56.308678,116.663589
214.202579,59.824894,55.596413,117.137611
215.007116,61.224167,54.121647,116.002975
216.268564,59.607067,52.756893,117.732628
220.284122,59.704823,47.919624,117.608528
221.814812,57.679893,47.489044,118.675812
221.086449,54.636948,52.517822,122.304428
211.753040,59.450298,60.145332,119.253105
205.281319,57.086155,56.752899,120.562111
199.368505,55.927799,48.308353,110.467232
188.573050,51.110783,48.237736,111.259621
176.244696,47.333973,50.347111,110.322762
164.637722,45.923126,51.576836,111.455429
152.049337,44.569935,50.605656,110.878365
138.371889,43.822643,54.068707,113.448753
131.804976,42.012608,52.804249,114.739510
123.775074,42.610748,52.357491,112.784531
114.974882,41.710361,55.955494,113.834267
226.262230,45.237442,41.596191,114.263016
223.839867,51.261574,42.914825,106.853180
220.601433,46.795200,43.428589,107.659798
220.017326,50.195869,42.006409,98.828888
215.692909,48.748764,45.602859,101.118362
212.891279,52.561165,46.325077,97.214386
213.358921,49.438160,43.420189,106.541328
182.539562,36.270622,69.871986,124.905914
197.560314,32.289040,57.422371,128.281982
207.562271,32.125488,55.654907,128.236374
205.032019,42.298157,62.859821,115.804947
203.216496,50.239548,43.200645,108.426620
201.991104,47.155964,42.749542,110.516731
195.712048,40.702003,52.093513,113.126495
192.423248,41.342747,60.987762,103.150795
194.927795,37.501076,74.428650,101.648132
205.932241,37.487850,61.400898,100.789146
228.935913,29.417812,96.223236,112.906334
238.551746,30.868774,79.508995,117.544327
235.321136,31.721031,70.836334,117.500854
222.203697,31.627579,96.981003,117.744400
204.337997,35.717556,70.757324,114.545006
188.604691,37.672771,64.249420,112.450706
173.389765,39.014980,59.180462,110.548332
156.072628,41.976509,53.555122,108.833038
139.544613,44.135670,50.558632,109.513496
123.934036,44.404629,49.728943,107.822380
110.502449,42.828106,48.945236,109.414421
100.370405,40.198380,48.253574,113.070724
92.995314,38.973915,48.592594,108.388550
88.664373,39.649883,47.465290,114.738029
88.278418,38.815620,48.913288,107.376221
90.583624,38.805904,47.130543,105.730919
96.014202,40.776134,45.999489,104.862267
105.115158,42.890064,45.263641,106.783699
114.341307,44.464359,45.922062,108.239143
123.854797,47.374046,47.778381,105.661194
138.385040,44.516579,49.550995,114.640778
154.861259,46.540298,51.909866,110.398605
168.486401,45.837250,56.157692,106.868484
180.936514,44.710720,61.329945,105.242332
205.779655,0.360264,69.822433,117.242073
200.176697,29.499611,73.164856,110.433228
205.907303,41.870224,72.269073,99.502426
211.459221,37.420925,75.216629,103.103386
215.444118,38.538857,76.403542,103.108887
215.639133,36.880486,75.816063,104.236542
211.722504,36.374737,72.700195,105.259636
204.896297,36.242542,71.742867,106.389626
193.604126,36.544159,69.930695,109.251663
180.737762,37.753590,67.684326,112.625526
170.756363,39.737610,62.926208,110.861557
159.465340,43.531342,56.361740,110.514084
146.244148,46.425911,51.416641,108.510895
133.254950,46.227737,48.633015,108.487717
117.782845,44.083237,49.030991,108.108780
104.118021,39.676868,51.356152,119.236458
84.784344,36.158672,85.611641,120.128685
222.546934,24.360886,41.605747,100.960953
215.640625,24.307343,45.608963,100.311783
207.177992,27.037605,48.689838,100.164062
198.338268,30.568272,51.522362,100.221016
192.888494,33.691059,49.807346,99.931923
188.228636,35.296204,49.544880,100.155289
191.314650,35.384972,46.318531,100.290863
192.196434,36.170204,46.728088,100.416931
190.333620,38.506271,50.627026,100.377090
175.662434,38.238964,65.036232,112.144798
184.552124,36.091724,64.574997,122.504494
194.310997,35.939842,65.436096,117.828766
204.438831,35.829617,69.788582,115.032555
209.388916,36.225559,75.932205,114.313332
214.945065,37.177277,78.881676,110.553421
220.521854,38.727322,75.158516,103.028709
220.735218,38.142464,78.239204,103.730621
221.148758,32.478493,85.873184,120.038208
