233.000000,205.000000,28.000000,27.000000
233.419702,202.793137,28.869223,29.098557
233.160695,204.075422,28.713888,29.024967
233.027887,203.383583,28.127003,28.680557
233.234218,202.903632,28.505663,29.188921
233.671475,203.937844,28.842543,29.249998
233.257505,203.477306,28.167904,29.290031
233.352176,202.014069,28.573397,31.100090
233.237027,202.673350,29.638403,28.696024
232.516488,202.672591,27.755499,29.030489
236.647969,202.141352,29.860678,28.210171
239.000531,194.534536,30.518202,32.907970
239.354170,189.673002,35.091625,34.751881
238.160358,186.322853,34.754593,34.936813
232.241545,182.892609,34.951244,35.699280
231.988535,181.707413,33.594471,35.535446
233.026485,182.390926,33.208420,34.808403
231.643799,185.091988,33.010460,34.218979
231.331501,193.392839,30.705719,28.134792
228.479918,199.118445,30.262173,28.160295
227.500362,201.398259,28.756653,29.918509
227.046700,204.076581,28.100286,29.589193
226.662716,202.688225,28.662529,30.226578
226.640977,203.034040,28.449133,30.258076
226.298890,203.409995,29.178785,30.204760
226.718397,203.582105,29.184422,29.490362
227.184872,204.012914,28.197052,29.648161
226.905617,202.369112,28.951881,31.549053
227.306417,206.988862,26.439581,27.191458
226.572332,199.613105,27.315006,31.210772
226.726836,207.226476,26.556818,25.762075
228.030272,202.207261,29.898121,30.978788
235.568266,203.780973,30.954899,32.764118
240.933887,206.678514,31.880196,32.074154
246.342667,200.485920,33.887558,35.382271
248.864557,198.638498,36.528164,36.137646
251.928112,201.424814,34.519737,32.997829
254.660957,199.721674,33.358978,32.980160
259.340890,197.153446,29.712477,29.230919
257.015063,192.865274,31.609171,31.257763
258.872695,195.869085,29.616030,30.497623
258.447602,194.440042,31.061316,30.792166
258.690071,196.866359,29.681648,28.701128
258.389216,195.630865,30.975756,29.345440
258.679914,195.813331,31.330936,29.172243
258.144334,196.278840,30.653814,28.967886
258.723428,196.622535,30.331823,28.320818
258.480359,195.756164,31.115286,29.338427
257.953171,196.179624,30.771553,28.810637
258.789105,196.186908,30.448660,29.186205
258.867696,195.436938,30.428358,29.357019
259.087970,196.518772,30.477724,29.775833
259.307815,198.160974,29.055208,29.234312
261.997455,199.484847,28.884775,29.256090
263.734029,197.078516,27.276953,28.715755
263.531534,199.029479,27.299664,28.790590
262.697547,197.840808,27.723696,28.313356
262.543549,198.510867,27.831902,28.767916
263.031946,197.715216,27.638409,28.207218
262.415801,197.268104,27.862879,28.702921
262.438356,196.851046,27.972012,28.903873
262.662774,197.734225,27.794973,29.350161
262.336617,197.105156,28.272192,29.069412
264.936428,200.100688,27.940971,29.283121
266.525208,204.992350,27.098837,28.149174
265.486923,207.061197,28.946411,29.861233
268.205974,212.095038,29.413301,29.451319
271.440167,216.048522,29.482565,29.890787
271.607713,217.279127,30.529570,31.630993
272.561154,219.369668,29.683615,30.000013
272.017011,219.799385,31.409399,31.806885
273.346461,220.331691,28.806452,31.818033
271.408709,219.564180,32.614559,31.237225
274.387907,219.428621,31.118015,29.167271
272.129051,218.924066,32.907547,30.483168
273.166939,219.634576,32.030518,29.435247
277.121588,220.467655,29.430576,28.651161
279.866950,221.135265,29.459284,28.930756
280.376163,220.696748,29.556284,28.106810
282.478508,216.542449,28.998154,29.747408
281.452399,216.142028,30.977953,28.665003
283.693998,215.667446,29.884701,27.650581
282.051815,211.721906,31.055565,29.832357
277.446569,209.860675,32.654301,31.440332
279.743257,209.121561,30.654905,30.630680
279.220947,208.472579,32.309456,30.852098
278.427692,208.564514,33.045540,31.950119
280.556576,208.183183,30.350044,29.666845
280.421691,207.135112,31.408831,31.067247
279.895786,208.615749,31.154388,31.313690
282.876130,208.760889,29.126120,29.958767
280.034556,208.388794,31.448870,29.555405
281.078631,209.314088,30.115656,30.038366
281.674521,211.023438,29.659708,29.446541
283.641172,211.849364,29.268620,28.290773
281.782898,211.382151,30.300125,29.085026
281.400469,211.829414,32.188229,29.910164
279.893422,211.621875,31.625624,31.373949
279.317823,211.228706,32.205509,31.510498
281.136352,209.576006,31.886126,31.891293
278.644707,208.270303,33.103027,31.720930
280.318520,206.638934,31.314621,31.722292
281.618743,206.131471,29.911623,30.165236
278.136776,204.558167,32.254875,30.582983
277.293682,202.827577,32.333481,29.573164
277.349459,201.607968,33.246845,30.194708
275.246063,201.208450,33.941422,30.489670
276.351685,199.143653,32.151016,30.156794
275.039492,198.655539,33.060589,30.768124
277.187873,198.289631,31.583818,29.140030
277.653477,196.273207,31.288895,29.092403
276.292522,196.369559,32.630135,30.643076
276.986277,197.535105,31.826542,29.334751
277.645289,197.758087,31.505533,28.881851
278.522301,196.756702,31.274147,29.747864
278.037736,197.010249,31.737501,30.011805
276.594137,196.318225,34.149212,31.901308
278.368050,196.259884,34.721092,32.890976
278.507853,197.689797,34.968555,31.633444
281.014244,198.329763,33.213997,31.255520
278.672148,199.012993,34.914906,32.408379
280.514899,198.897037,31.853273,31.171206
281.116335,197.574286,32.041668,31.611383
280.862337,197.910456,32.856625,31.446812
280.853405,196.847575,32.346016,31.124193
280.686819,194.909252,32.724331,31.428268
281.571472,193.917485,31.278816,30.030470
281.687438,193.340955,31.061922,30.479643
281.216332,189.758760,31.109449,31.617031
280.664501,190.102701,31.936729,30.795124
281.360978,191.295630,31.494665,33.760387
282.033492,192.783192,31.179651,32.661469
280.476290,190.023451,33.204617,39.985394
280.491494,193.266315,31.613127,35.224808
277.974442,192.726089,32.608231,34.560539
277.043976,194.068333,32.936646,34.451767
277.366035,194.716776,32.130997,34.102940
275.853155,195.565109,32.294331,34.847557
275.069089,196.393494,31.495504,33.143745
275.457723,195.720171,31.000326,33.694996
276.463278,194.796959,30.972126,34.043037
276.441471,195.519573,29.949699,32.556046
275.495855,197.602146,30.135143,32.296524
275.114820,199.540056,30.318905,33.515247
272.661119,199.468826,33.315136,35.349052
274.373222,197.668755,35.185547,36.580956
275.812342,194.399487,36.580318,36.211945
278.440315,187.470448,36.768875,38.970947
274.600290,180.878006,41.834377,45.961845
278.777866,174.297989,40.263969,43.352470
284.700546,165.258986,41.056030,43.411724
294.745657,153.208141,46.368732,46.516602
303.135042,148.828159,49.943493,47.279373
326.859322,138.647751,40.379929,43.937798
339.847088,134.707479,38.524269,40.758251
354.612696,131.207371,33.918346,35.413025
368.789747,122.376041,32.492527,33.971893
323.601152,157.052650,39.411263,37.536705
320.701357,179.151779,41.926643,33.079536
306.877617,162.959192,42.229954,40.643017
300.167381,161.829662,42.271580,39.978493
286.528156,153.735634,55.933773,49.129623
231.519061,197.045652,30.655951,32.325108
230.811055,196.729800,30.780382,31.904963
231.376832,196.587580,31.077471,31.929340
231.586361,197.189749,30.809719,32.077160
230.679673,196.358295,30.149088,32.496071
230.685237,195.748106,31.137526,33.727734
231.041704,195.480919,30.661621,33.324791
231.179210,196.461283,31.386778,33.704884
230.658858,196.686539,30.789526,31.939552
230.754024,196.578379,31.726347,32.168797
230.550499,195.988085,30.793354,32.506336
231.501903,196.714463,30.480436,31.252180
230.819309,197.911829,30.823864,30.620800
230.423525,196.911644,30.216385,30.848137
231.310301,198.850254,29.514099,29.545319
229.635869,197.703623,30.933687,30.829060
230.642465,196.871951,30.860743,31.171747
230.338797,196.296610,30.882317,31.534740
230.932180,196.723208,31.348930,30.946970
231.216695,197.322761,30.243792,30.431734
231.244315,197.547510,31.105307,30.043774
231.461697,197.804705,31.297352,30.312954
231.164592,197.626395,30.840979,29.799768
230.104244,196.260243,31.491016,31.001326
231.186939,198.597219,31.130749,29.951351
230.989884,197.109390,30.722139,30.469368
230.659166,198.202185,31.492172,29.508137
231.143332,197.709123,30.914503,30.134489
231.257840,199.013783,30.746729,29.264175
230.651489,197.249456,30.358273,30.057301
231.396399,197.562699,30.450720,30.215460
230.493619,197.525563,30.842836,29.813940
230.767120,199.028217,30.919964,29.299713
230.668861,198.442467,30.143673,29.301003
230.341638,195.770784,31.168222,31.654552
230.704652,198.333632,31.090631,29.270054
230.969223,198.483985,30.837551,29.971010
231.162465,198.523135,30.662119,29.742029
230.635113,197.986088,30.896839,29.722511
230.928370,198.067049,30.988075,29.606236
231.333632,198.333631,30.726784,29.430761
231.181663,197.610719,30.354834,29.499044
231.469651,199.485072,30.688364,28.756907
230.386349,197.862461,31.459141,30.120193
231.132700,198.487762,30.671371,29.252396
231.454990,197.329222,30.576069,30.810146
231.322471,198.295450,30.746435,29.980717
230.376140,197.566279,31.051336,30.300364
231.474683,197.304138,30.676119,30.833389
230.524873,197.271317,30.723345,30.062004
230.841230,197.790110,30.812721,30.515804
230.764056,196.460137,30.508047,30.656134
230.296556,197.840395,31.757204,30.796955
231.603889,197.334319,30.658613,30.819613
231.540063,196.986780,31.328455,31.089672
230.747643,196.860038,30.819698,31.023783
230.942963,197.714076,31.266201,30.730799
230.394680,196.186077,31.279072,31.495384
230.638292,196.761128,31.265915,31.037649
230.936054,197.789726,30.682674,29.232574
231.319283,198.679639,30.709675,29.545721
231.474353,197.839848,30.735243,29.495255
230.936179,198.347487,31.589384,29.435122
230.521936,197.505765,31.335892,30.089468
230.658217,198.174140,31.047949,29.604731
231.264089,197.753736,30.822832,29.895779
230.746090,196.754886,31.050846,30.558313
231.100785,198.153793,31.172853,29.912323
231.165476,196.749165,31.268608,30.230705
231.013295,198.410206,31.556093,29.988220
230.878637,197.714106,30.933418,30.285526
230.899287,198.551331,30.880270,29.665207
231.438694,198.207154,30.910580,29.942823
230.638978,197.431733,31.246424,30.403486
231.288605,197.531447,31.203152,29.849833
230.955441,197.937853,31.733700,29.890972
230.427884,197.060678,31.443987,30.168142
230.691372,198.034968,31.752682,29.732683
231.067986,198.420350,31.112293,29.496046
230.221950,197.831035,31.144194,30.194559
230.882488,198.379937,30.949177,30.151205
230.653866,197.156680,30.829327,29.955050
230.803083,198.130734,30.678688,29.167257
230.885468,196.679350,30.189953,30.051472
232.251001,166.215767,29.611031,29.140347
230.156492,198.285352,32.436447,29.864443
230.299081,202.916631,30.743006,29.289019
224.585457,169.050924,38.780735,40.911896
215.210491,153.891262,34.312160,36.830189
214.187752,148.665222,31.253025,31.844151
209.441051,140.523987,33.262646,32.111607
207.048507,138.804840,31.403921,30.151653
210.461591,136.559604,28.729074,30.701223
212.642681,136.684790,27.759235,30.416069
210.085604,137.852199,28.903328,29.678495
209.156049,135.774199,29.024027,30.158134
210.411174,137.402452,28.226957,29.431566
209.541122,137.189152,28.494282,29.607967
209.929502,137.211306,28.638748,30.085564
210.102415,136.848738,29.153282,29.911209
209.057335,137.581648,29.785923,29.482956
209.785275,135.840752,29.511789,30.628704
210.326771,137.227036,28.340786,29.220745
210.405550,136.005149,29.281845,30.557631
209.045325,137.597031,29.382101,29.362659
209.721171,136.783021,29.472975,30.109064
210.051123,136.583439,29.271255,29.646206
208.262638,138.137469,30.375523,29.039160
209.401589,136.101611,29.488810,30.219877
210.076882,137.151057,28.889849,29.445791
209.451930,137.498508,29.370298,29.452190
210.024480,136.794819,29.260439,29.938793
210.198939,137.649150,28.675962,29.235281
