150.000000,112.000000,20.000000,11.000000
149.117264,110.705112,19.927505,11.438734
147.544101,111.334206,20.701120,11.437633
146.794330,111.015564,20.749006,11.935131
145.318633,111.742900,20.576952,12.103253
144.452480,111.511191,20.738552,11.529016
143.032072,112.228721,20.233330,11.530808
142.450726,109.469997,21.734692,13.826031
141.613496,111.709832,18.874796,12.464548
139.834438,112.853389,18.910461,11.370760
138.962950,113.096329,18.447281,11.124149
138.730640,112.872196,19.104881,11.363354
138.471330,113.690881,18.278036,11.557779
137.702297,113.282200,17.469990,11.846789
137.015050,113.271943,17.626081,12.401831
134.493090,113.518680,17.163734,12.143381
133.537917,110.070932,16.545248,14.463600
131.861418,114.013396,17.005093,11.122809
131.351756,112.425385,16.830561,11.479443
129.204195,113.696642,16.821938,11.439022
128.357780,113.522654,16.801624,11.612560
128.055646,113.981657,16.836065,11.450134
127.889428,113.372072,16.101141,10.658772
127.065443,113.217969,16.473606,11.756890
125.172933,113.717886,16.352903,11.100677
124.242004,114.196087,16.860794,10.518082
121.784598,114.274807,17.179903,10.773762
120.739797,112.672527,17.224501,11.749657
119.411273,112.775796,16.764116,12.630952
118.824327,111.525814,16.984846,12.391029
117.942237,112.777274,16.322432,12.205501
116.611243,113.733053,15.702902,11.854160
116.092468,113.560077,15.890252,11.142908
115.473324,113.433334,15.854587,11.434606
114.702979,113.304128,15.675544,11.680197
113.852038,111.937625,14.704597,12.248171
113.228944,111.931152,15.420381,13.190709
111.916516,110.078729,15.026487,14.158891
111.540295,112.225745,14.667216,12.468280
111.351807,112.658721,14.491866,12.241895
109.604698,112.033572,14.628491,12.222930
109.768966,112.978505,14.172941,11.722930
108.760767,109.701737,14.525355,13.876834
106.966248,110.664006,14.241520,13.422976
107.417287,111.658453,14.141255,12.301720
106.283783,112.138476,13.848377,11.683028
105.019981,112.463398,14.247689,11.199639
104.338491,111.480017,14.147831,11.529045
104.039034,111.918891,14.402248,11.435903
103.916421,112.138137,14.055235,11.083456
102.841084,111.407658,14.455460,11.397442
101.493561,112.117948,15.197697,11.359975
100.179899,111.925927,16.047916,11.051451
99.900436,111.195628,17.146275,12.946066
99.130797,110.080050,17.327768,12.620626
97.995696,111.328857,16.810095,12.549386
96.035995,110.018318,19.067261,13.196092
94.445251,109.515765,20.200363,12.894565
93.282398,111.060857,20.723740,12.989766
91.914464,111.493530,20.525568,11.380151
91.484247,111.452966,20.092934,12.353257
89.834912,111.085582,20.947172,12.012399
90.338767,111.310278,20.133524,12.112598
89.162232,110.152568,19.961672,12.418729
88.380918,110.739371,20.023119,12.347761
87.941937,110.955284,19.909346,12.368488
86.654776,109.759771,20.636215,13.121513
85.229614,109.910830,19.854656,12.789085
84.443558,107.781341,20.151154,14.960069
83.180794,108.532231,19.957565,14.559759
80.877980,108.698794,21.848394,15.527681
81.167031,109.322031,19.934912,14.417315
81.134562,110.274535,20.058290,12.379259
80.744557,110.507166,18.984877,13.380046
79.862235,111.706263,19.228796,11.618053
78.430377,110.200126,19.121252,12.139833
78.434404,110.304979,18.891209,12.965694
76.971128,110.627236,19.718580,13.709495
75.347395,110.643837,19.312710,13.315727
74.681623,109.569579,19.056032,13.835108
75.686022,110.815251,18.131721,13.147833
75.292871,111.317360,16.654804,13.614745
76.640973,108.716008,15.346923,14.706851
73.808449,109.094460,16.285812,14.487582
75.182409,110.721809,13.819753,14.093662
74.096183,109.249568,15.157885,14.571566
73.756907,108.447067,13.804554,15.256935
74.080263,110.277987,14.297695,13.415515
74.100297,109.036648,13.654840,14.797432
74.733201,109.843247,12.789015,14.059245
73.033666,108.085335,13.849362,14.985451
70.730311,108.887204,15.261438,13.822864
71.462706,107.910218,13.718395,14.642806
71.350417,107.043710,13.264490,14.256571
71.569180,107.987503,12.360389,15.640697
70.839712,108.166367,12.122777,14.958744
70.725679,109.100028,11.909753,13.874293
70.627760,108.729311,13.616287,14.463357
70.514078,110.271047,13.651428,13.775282
70.411211,108.377457,14.758651,14.510815
72.587678,110.307422,12.479642,13.062486
71.410267,108.628673,13.977763,14.438596
72.293499,111.412097,13.496296,12.352255
71.455089,109.826588,15.224310,13.189933
72.343591,110.208779,14.861119,13.656439
73.536474,109.658535,15.291275,13.399895
73.957704,110.750399,15.559075,13.630378
74.893658,109.185236,16.948757,14.393846
74.307438,110.697609,16.832481,12.845455
75.219765,109.502110,16.995964,14.037105
74.744045,110.119656,17.396683,14.080284
75.504875,110.630994,16.656769,13.870984
76.381864,111.008580,17.515238,12.888400
75.932201,112.543235,17.533207,12.956670
78.441566,112.390341,16.343594,13.815220
81.392221,114.060041,16.050369,12.948719
86.193859,114.786632,14.755574,12.242579
93.293568,113.831490,15.052181,13.161369
106.584330,114.095336,14.661560,12.887644
120.748952,112.979556,14.536364,12.600234
140.362861,112.581403,14.283650,11.909982
155.499177,111.755792,14.614795,11.687418
167.674710,111.514740,14.975162,12.389942
177.381740,112.135423,15.205137,12.429883
189.380685,112.392664,14.017305,11.084469
200.974246,111.303795,13.971755,11.601112
212.186799,111.137690,13.429088,11.702488
218.225442,110.501025,13.079053,12.843051
219.492206,110.975861,13.153539,11.438518
217.325970,109.408484,13.475627,12.186465
215.333003,109.345913,11.814901,11.053463
213.614194,108.167935,11.404642,11.686240
212.154288,107.456486,10.118983,11.284054
211.188824,106.707185,10.103745,11.090856
210.023197,106.287264,10.000000,12.371651
208.927154,106.650890,10.484685,11.890572
208.239349,106.377484,10.613984,11.868926
208.246632,106.290715,11.125297,11.995723
208.091158,106.937963,11.618210,10.863400
207.491206,107.300692,12.195208,10.817284
206.234315,106.619808,12.735433,11.073952
206.301692,107.273376,12.878188,11.072801
206.525040,106.643860,13.756382,10.891827
205.770505,106.574845,14.637991,10.725107
205.170675,107.939378,14.477311,10.429808
205.906575,107.700084,14.441798,10.456114
205.011254,107.542718,14.724082,10.697076
204.239763,108.249404,14.588421,10.850987
203.877089,108.468041,14.196635,10.768488
203.678593,107.488347,14.151107,10.876371
203.467749,108.248578,13.879726,11.092508
204.142060,107.840550,13.772398,10.903639
204.000602,108.487634,13.863432,10.670136
204.544433,108.084416,15.294455,10.960501
204.818041,108.319137,13.608508,10.147665
205.919228,108.690835,13.232464,10.759591
208.990978,109.501138,13.337288,10.075972
212.098908,110.057607,14.024363,10.486349
215.335958,111.354011,13.685555,10.220189
226.115974,113.577170,13.295238,10.000000
245.771461,113.231966,10.264065,10.000000
232.877487,104.074910,35.844517,10.542700
219.733807,104.154534,42.295643,15.107581
216.888245,104.442631,42.779949,17.677132
225.709752,113.545250,25.752718,14.249184
230.541133,106.841564,26.687300,10.914726
229.551518,102.355162,24.331560,15.841067
226.939637,102.307168,25.348558,13.383253
220.114870,103.050579,27.938957,13.057076
206.065982,103.886268,16.631536,11.099924
207.101629,102.192141,16.243637,11.756885
202.777494,102.092507,18.671165,11.356692
201.490429,101.383852,18.131546,11.109849
206.366825,101.730822,14.680490,11.545853
205.521472,101.433070,14.721904,11.129549
206.973842,101.066421,17.305048,12.411508
200.781499,99.971743,21.248030,11.645148
208.726177,100.385245,25.321213,18.663694
209.612961,103.389244,32.988876,11.162381
214.601171,103.365129,31.437071,10.000000
213.080622,96.968592,26.561176,16.941544
223.094574,100.448098,27.530113,20.881975
216.556988,98.400560,27.387665,15.609178
219.842229,100.827555,25.264425,16.417625
210.412218,102.538015,31.350971,11.580018
218.542503,104.405304,28.106827,10.000000
213.682328,99.692204,31.724848,13.904253
227.717710,113.335499,18.828308,10.000000
216.310658,100.785595,26.504454,12.548520
213.474442,99.720325,26.212273,13.175803
216.591581,100.513772,23.674137,15.034815
216.063957,100.872386,27.758247,10.257185
214.906652,100.788715,26.929401,11.406415
214.850586,99.029582,23.054146,12.576819
203.014558,100.647191,16.687284,12.059841
205.768191,101.374977,17.647043,12.257032
199.618685,101.252120,20.985523,11.757616
197.304300,101.590885,19.497757,11.226389
200.648096,101.621086,18.379280,11.037705
200.559407,100.931909,17.063543,10.910093
197.623757,102.172148,20.679739,12.202954
194.953118,102.815480,26.104734,11.423515
200.532792,101.216130,23.115065,11.754158
202.422927,102.209526,22.094461,11.129732
205.621767,101.636682,14.001888,11.985278
201.393009,101.647830,19.884285,10.957371
206.621378,102.178643,22.232304,10.752345
199.095127,101.735461,20.676346,11.150077
198.356772,100.381190,20.658453,11.923312
199.132464,100.980961,20.800520,12.516289
201.826653,100.950287,22.177927,13.209213
198.855487,100.725883,22.413599,12.793618
205.725732,101.827846,22.991308,11.997065
206.014402,101.446383,23.431828,13.401629
212.171168,103.997834,28.043573,10.000000
214.854534,99.913154,22.738472,13.592157
218.762075,98.910840,20.971546,12.593948
213.170064,100.170630,25.780478,12.548274
215.961168,100.489600,25.242168,11.287929
213.652901,99.993903,25.140900,11.672054
214.956515,98.272474,20.456522,13.041516
213.762806,98.214324,25.073006,13.526506
215.282465,100.156047,25.263271,11.412600
213.831939,99.308937,25.923418,11.950974
219.158141,98.513072,18.852823,12.385287
216.498816,98.099567,21.458918,13.188233
220.735407,98.411915,18.091061,12.425583
206.790184,100.980313,14.902684,12.101508
205.388722,100.918015,14.558624,12.451145
199.304156,100.510116,20.570198,12.639929
201.676238,101.416893,22.446579,12.588367
203.187116,101.216981,16.256840,12.138232
200.641940,100.782687,18.565662,11.957581
200.100838,101.100218,17.676321,11.064195
200.703129,100.486368,18.140612,11.481610
205.696715,101.752654,16.636639,10.933834
207.554548,102.405199,19.180635,11.438733
201.185906,100.630951,18.051388,11.775925
201.416549,101.099205,17.360260,11.793259
197.344584,100.324589,22.796640,13.959972
197.658436,100.267972,24.761755,13.447008
201.418766,101.819870,17.544584,11.537107
198.415392,100.851498,18.488977,11.732174
198.350659,101.101108,20.580887,11.619036
198.856646,101.039193,18.267134,11.197659
198.918197,100.435070,17.782814,11.205956
200.389216,100.701783,16.551132,10.455357
204.058233,101.294086,16.841982,13.027980
200.156619,101.354020,22.062195,12.544330
197.695137,101.113419,22.680769,12.890308
196.997768,100.615123,24.470076,12.775939
197.868821,99.900465,23.069393,13.186821
196.384222,100.741998,29.341311,14.219714
195.763154,102.855602,33.359760,11.696668
202.382400,101.519176,17.942207,12.450141
202.919436,101.287096,20.384972,12.014501
199.241890,101.732589,20.006853,11.901964
205.130321,101.554770,15.106830,11.470132
203.351294,101.884600,18.967825,11.038414
206.479670,101.369490,12.804372,11.592519
200.239594,101.811396,19.899429,10.906625
198.814931,100.238856,17.709171,11.686419
200.643826,101.778733,17.695982,10.992191
201.353326,101.466878,18.028866,11.268363
200.552362,100.650784,17.978720,11.265794
204.751272,100.341966,15.070727,11.165816
204.928529,103.178501,18.753716,11.346788
203.312363,101.989123,17.337908,12.020301
202.708584,101.556586,21.890375,13.322577
196.029623,103.314890,27.774137,11.770959
197.460400,99.627532,25.191591,15.294111
201.451427,103.138530,23.418406,11.321417
204.095117,100.820757,15.833481,11.448743
202.076948,100.873574,20.478148,11.660480
195.134241,101.222925,25.610693,11.308180
202.534981,100.138510,25.103746,16.486950
205.036828,101.533467,17.716629,12.862366
199.741676,101.127498,19.489138,12.039869
204.189590,99.753339,16.174175,12.958484
203.346375,102.060371,16.427721,11.605833
203.062226,101.092276,19.415314,11.867631
198.981896,101.003548,25.232113,12.202889
204.836911,100.379255,17.141460,12.855932
202.873030,101.328644,16.037329,10.631020
206.824612,100.777406,11.755113,11.457182
197.533615,101.412323,21.828180,11.833439
200.225121,100.193938,18.761360,12.501624
202.008204,101.051090,18.674168,11.588236
197.992641,101.518904,19.641207,11.050774
198.734303,99.627479,18.068693,11.522193
197.571867,101.940812,24.938463,12.496174
200.387860,100.232250,18.934574,11.837483
198.839045,100.661832,18.800409,11.191870
201.141950,100.252276,16.677464,10.948680
205.942337,100.343252,15.930221,13.079747
202.729519,100.353532,16.714823,11.713476
199.534080,100.653637,19.522293,11.717347
204.811811,100.309166,16.691286,12.009484
205.929838,100.124520,18.379984,11.844254
202.855536,101.498263,18.624485,10.429665
203.930359,100.081161,15.051625,10.828164
205.646500,99.707481,19.112860,15.547338
202.937623,101.655754,29.191158,11.660574
199.693518,101.353177,20.408968,11.305995
197.598421,100.602218,25.294352,11.815467
200.697114,100.407669,18.962040,11.384275
197.836507,100.198333,19.045601,11.552862
199.647610,100.980978,17.917658,11.054859
198.046403,100.706991,21.289570,12.254896
199.429885,101.182159,20.831757,12.096300
197.595906,100.566479,22.003620,12.323548
199.180336,100.379441,17.965292,11.746886
196.373174,100.832139,26.022495,12.801494
197.712828,100.355498,23.146822,14.222701
196.635167,98.544780,28.969608,18.926725
241.658319,117.619908,15.879389,10.228344
240.838387,119.673117,20.238945,10.000000
239.658888,119.608351,20.941885,10.000000
238.414749,118.655142,20.630018,10.000000
236.911868,118.009415,20.375008,10.000000
236.549655,119.472231,19.528931,10.000000
234.940207,120.587455,20.087748,10.000000
234.469602,120.217126,19.412491,10.000000
232.635760,120.230549,19.736931,10.000000
231.549287,120.487405,18.784393,10.000000
230.285441,121.210974,20.436478,10.000000
228.656638,121.456133,19.558762,10.000000
228.324621,122.589796,18.944471,10.000000
226.648179,122.605379,18.121098,10.000000
225.570422,122.705144,18.121559,10.000000
223.934142,122.769447,18.921623,10.000000
223.633261,122.721286,18.626471,10.000000
223.015375,123.594450,18.565741,10.000000
221.835580,123.847805,17.995815,10.000000
219.514964,123.974534,19.589973,10.000000
220.478356,124.405627,17.148468,10.000000
218.342434,124.607641,17.376875,10.000000
217.735603,124.820366,17.378904,10.000000
217.045419,125.296144,17.350254,10.000000
216.449811,125.412803,17.242710,10.000000
212.996345,125.767669,19.678596,10.000000
212.499455,125.943806,20.077450,10.000000
212.583159,126.417588,18.846172,10.000000
210.567068,126.132890,19.545111,10.000000
211.213792,126.391649,18.160885,10.000000
209.874736,127.143256,19.768707,10.000000
208.132906,126.891519,20.464060,10.000000
208.085491,127.382731,19.497477,10.000000
206.714441,127.877058,19.078150,10.000000
206.215705,127.784465,19.648407,10.000000
205.243103,128.569094,19.590704,10.000000
204.501494,128.657412,19.556656,10.000000
203.646403,129.042794,20.803741,10.000000
202.098811,129.484083,19.748692,10.000000
202.182701,129.674564,19.367044,10.000000
201.037578,129.602368,18.564400,10.000000
200.628861,130.467131,18.649651,10.000000
199.712300,130.595745,19.216888,10.000000
198.713517,130.729762,19.305077,10.000000
198.881626,130.942015,18.133348,10.000000
197.192143,130.965467,19.444801,10.000000
196.523592,131.392144,18.573706,10.000000
196.122993,131.590758,18.796535,10.000000
195.125457,132.186110,19.113022,10.000000
192.458478,132.539839,19.379765,10.000000
192.894574,132.303157,18.707077,10.000000
191.810481,132.569056,19.328804,10.000000
191.405219,132.406420,19.228996,10.000000
190.388198,133.552309,19.838062,10.000000
189.084869,133.637217,19.269403,10.000000
188.415065,133.558453,19.669563,10.000000
187.999433,134.259399,19.711384,10.000000
187.127967,134.106984,20.577415,10.000000
185.940238,134.425112,20.989864,10.000000
185.029175,135.929260,21.643930,10.000000
