110.000000,192.000000,8.000000,9.000000
112.761189,191.809555,10.000000,10.000000
116.662106,192.498406,10.000000,10.000000
122.280223,193.869135,10.000000,10.000000
129.386995,193.717899,10.000000,10.000000
136.955886,194.037778,10.000000,10.000000
144.916705,193.838461,10.000000,10.000000
151.598204,191.257314,10.349351,10.000000
157.826998,190.102106,10.000000,10.000000
162.086682,190.635490,10.000000,10.000000
166.994269,190.529772,10.000000,10.000000
170.747300,189.854999,10.000000,10.000000
171.790028,186.534014,10.000000,10.000000
172.652971,182.189339,10.000000,10.000000
173.251554,177.914524,10.000000,10.000000
176.641120,173.259830,10.000000,10.000000
178.122300,167.779974,10.000000,10.000000
181.418244,161.791270,10.000000,10.494101
185.232344,155.350076,10.000000,10.000000
190.835210,149.314182,10.000000,10.000000
194.265754,143.368916,10.000000,10.000000
199.719264,137.636242,10.000000,10.000000
204.044497,132.118389,10.000000,10.000000
208.686865,128.507988,10.000000,10.000000
213.587137,123.863364,10.000000,10.000000
217.912419,121.097498,10.000000,10.000000
222.771488,118.411988,10.000000,10.000000
227.530711,116.381202,10.000000,10.000000
231.957325,114.630263,10.000000,10.000000
237.081738,112.427587,10.000000,10.000000
241.669566,112.827826,10.000000,10.000000
245.795038,111.407815,10.000000,10.000000
249.960188,111.851840,10.000000,10.000000
254.910146,112.142838,10.000000,10.000000
258.746472,113.623806,10.000000,10.000000
263.291983,114.965034,10.000000,10.000000
268.239128,116.391897,10.000000,10.000000
276.329000,112.474561,10.408692,10.000000
271.661476,110.514575,21.767403,15.579705
290.761800,107.688601,13.652417,11.769493
290.588136,102.960147,15.560177,13.814114
289.318789,107.284502,24.365953,15.779142
268.729098,114.906612,10.734003,11.170603
267.976731,114.819359,10.000000,10.000000
266.107701,114.363381,10.255287,10.492075
265.270806,114.194078,10.306992,10.881635
264.770981,115.086000,10.000000,10.059182
264.152909,115.519764,10.000000,10.832026
263.726539,117.031254,10.000000,10.396553
260.553897,115.614997,23.937054,15.770333
236.573050,124.829179,10.959697,11.491445
236.871780,126.456514,10.000000,10.128007
237.536347,125.886714,10.000000,10.000000
236.401625,128.014528,10.000000,10.000000
237.931108,128.937002,10.000000,10.000000
234.314494,126.135882,16.510180,10.383530
227.022480,121.828187,27.035505,16.911493
254.742396,150.947394,10.000000,10.477707
255.419541,156.567664,10.000000,10.000000
254.730077,163.489278,10.000000,10.000000
253.435874,171.210680,10.000000,10.000000
253.173991,174.128650,10.000000,10.000000
252.321818,175.813379,10.000000,10.000000
250.357678,177.036056,10.000000,10.000000
248.095825,178.861111,10.000000,10.000000
245.338836,180.856207,10.000000,10.000000
243.306845,183.190511,10.000000,10.000000
238.811359,185.580855,12.031734,10.000000
226.649886,183.721287,11.501583,10.302004
220.094317,180.585541,18.573788,15.539333
216.374242,181.847449,23.555336,17.907417
224.197805,185.067240,12.923240,11.944429
217.305737,186.016004,12.869814,11.750563
222.919179,184.025622,13.094642,12.601289
216.298382,184.753606,13.356973,12.113582
205.161777,178.717715,33.202972,19.842571
217.301887,174.544666,23.157410,20.955988
200.317166,152.112050,57.873600,34.687912
257.010230,180.552854,14.353958,17.631956
253.425642,177.702401,15.772445,17.144505
245.056820,180.462215,29.274782,20.634794
248.569614,177.602064,16.560625,22.097834
229.010924,176.274267,37.647755,21.052561
221.443316,211.188372,10.000000,10.259309
228.646626,205.337791,10.000000,10.000000
227.569661,205.182962,10.000000,10.357819
218.763758,201.156720,22.548361,14.123514
217.606656,186.378229,14.602738,13.674727
219.373575,184.108929,16.724936,13.341567
213.068845,185.882505,26.322468,21.886074
221.460525,179.834850,12.238991,14.492363
210.666132,177.983689,24.307650,14.015356
197.785134,177.676619,37.025604,24.240747
210.239338,193.201366,14.115030,13.467300
205.224837,185.179899,18.129154,14.641369
217.187371,193.070828,10.000000,10.000000
213.162759,190.302313,13.091572,10.000000
203.968410,181.471964,21.281090,14.119541
214.766725,183.314129,10.000000,10.000000
215.889219,182.262346,10.000000,10.000000
215.000186,180.970214,10.000000,10.000000
215.254477,180.582223,10.000000,10.000000
214.390481,181.616987,10.000000,10.000000
213.930781,184.349987,10.000000,10.000000
212.323766,188.656997,10.000000,10.000000
211.508246,193.290689,10.000000,10.000000
209.120336,198.747752,10.000000,10.000000
208.458216,201.033265,10.000000,10.000000
207.869309,196.565312,10.000000,10.000000
206.163719,191.402570,10.000000,10.000000
205.131866,188.521873,10.000000,10.000000
203.960392,183.954993,10.000000,10.000000
203.856665,182.356740,10.000000,10.000000
203.477744,181.309071,10.000000,10.000000
204.884879,180.144357,10.000000,10.000000
205.286980,179.380000,10.000000,10.000000
204.345810,179.345667,10.000000,10.000000
204.541028,179.369778,10.050384,10.000000
204.975132,179.779152,10.401528,10.000000
199.512226,175.790888,13.041192,12.664406
201.002318,174.423697,12.846504,13.523341
202.107263,173.163333,11.740961,11.602850
204.497657,173.024901,11.899492,12.371768
204.052321,171.778349,12.528731,13.010429
206.175900,172.318619,11.398003,12.421452
206.836801,172.416567,11.649992,12.797730
208.453073,174.184451,10.851069,11.279886
210.265063,174.878946,10.205245,10.606050
211.513407,175.298319,10.228280,10.677434
211.015541,175.437394,11.085619,11.289381
213.506413,175.219490,10.739986,11.158840
215.012128,175.772944,10.732284,11.011040
212.309944,175.814752,10.010210,10.000000
211.137406,176.302941,10.000000,10.000000
211.652462,176.175335,10.000000,10.000000
210.934418,175.852351,10.000000,10.000000
211.188391,175.724811,10.000000,10.000000
211.361508,175.458127,10.000000,10.000000
211.415814,175.975588,10.000000,10.000000
211.331358,175.278572,10.000000,10.000000
210.296012,175.623293,10.000000,10.000000
210.249071,174.744996,10.000000,10.000000
209.753808,175.286037,10.000000,10.000000
209.151055,175.655615,10.000000,10.000000
210.358869,174.917311,10.593468,10.000000
209.011535,175.501036,10.000000,10.000000
209.062160,174.834524,10.000000,10.000000
211.095971,174.713753,10.953594,10.000000
212.468840,174.865427,12.261518,11.488548
212.120384,174.004636,10.911242,10.000000
210.364088,174.975820,12.721564,11.792297
211.121752,174.070366,12.112219,12.692561
211.429183,173.570314,12.168912,11.998222
213.418993,172.527182,12.496859,12.672678
210.060999,177.857557,11.719633,10.000000
209.018981,175.430112,13.481280,12.065575
209.340790,175.319059,13.211446,13.038497
211.147838,174.918925,14.323498,12.313546
222.978180,177.395404,10.000000,10.000000
210.072683,175.159414,13.824741,12.330881
213.983162,174.563746,18.904104,16.128044
214.596407,176.379016,19.500711,13.696289
211.327500,174.488286,13.810773,13.818089
214.241358,174.013195,10.000000,10.190207
212.052592,173.987807,11.796778,11.422272
213.346350,174.345582,12.600917,12.614254
213.574049,174.709761,10.839362,10.480947
214.260146,174.834734,10.201021,10.540792
215.052967,172.972331,12.098359,12.539963
215.413768,174.191246,10.721048,12.141768
215.722950,173.407664,10.861668,11.557759
216.525204,173.099357,10.055794,10.538754
217.400053,173.833051,10.000000,10.759731
216.868685,174.898521,11.294879,12.030207
218.476632,174.669077,10.000000,10.000000
216.711058,173.984819,16.952885,12.549523
220.238589,185.304561,10.000000,10.371924
215.010195,176.638471,16.858021,14.936116
223.268594,184.755609,10.000000,10.000000
223.455614,184.008353,10.000000,10.238464
223.197073,184.013733,10.000000,10.000000
223.955579,185.177824,10.000000,10.000000
222.418955,181.359591,12.512293,13.064659
220.130195,176.958651,21.191994,16.063263
219.668720,163.481487,34.375435,16.603968
218.322458,157.491603,41.037960,21.815226
210.058636,127.674901,10.000000,12.064013
208.244436,126.929924,10.779421,10.661060
210.180206,127.659569,10.000000,10.000000
209.356089,127.608507,10.000000,10.000000
209.963772,127.254233,10.000000,10.000000
209.244552,127.807281,10.000000,10.000000
209.334340,127.516051,10.000000,10.000000
209.422331,127.261661,10.000000,10.000000
209.775241,127.866663,10.000000,10.000000
208.113443,127.515469,10.000000,10.000000
208.384610,127.124707,10.000000,10.000000
208.547346,128.477966,10.000000,10.000000
208.400357,130.355018,10.000000,10.000000
208.724018,129.543673,10.000000,10.000000
208.039759,128.820109,10.000000,10.000000
208.253185,129.454121,10.000000,10.000000
208.433803,131.056042,10.000000,10.000000
209.832222,132.460121,10.000000,10.000000
207.894381,130.474657,10.486379,10.450188
208.103426,129.252967,10.000000,10.000000
207.915959,129.539851,10.000000,10.000000
207.608837,128.862505,10.000000,10.000000
207.741629,129.365209,10.000000,10.000000
207.656215,130.021157,10.000000,10.000000
207.157716,129.673188,10.000000,10.000000
207.584382,129.415446,10.000000,10.000000
206.656505,130.362197,10.000000,10.000000
206.948964,129.913390,10.000000,10.000000
207.139259,129.441742,10.000000,10.000000
207.105266,130.454213,10.000000,10.000000
206.962967,129.500762,10.000000,10.000000
207.394240,128.978062,10.000000,10.000000
207.454531,129.497197,10.000000,10.000000
201.714546,128.427554,16.059130,14.819355
187.677207,122.199987,33.583511,21.131189
185.684500,123.029511,46.769424,32.615047
163.300994,124.435953,27.874662,23.399790
149.987437,125.058967,50.739784,27.947813
151.208898,127.355770,18.980227,18.697180
163.455244,129.727145,16.684565,13.377936
154.081325,130.057406,29.211702,17.145103
155.336461,127.044319,42.318214,24.594854
167.440627,127.491171,21.570362,19.117538
171.148693,115.358877,29.314600,19.195509
167.567544,116.703064,34.052208,20.527885
137.740800,140.166594,10.247773,10.410763
137.038104,139.577169,11.030011,10.633893
136.600021,139.506038,11.598499,10.822711
129.236370,132.573321,26.730370,18.454002
137.421217,140.512531,10.310015,11.071440
130.567127,133.079609,24.302883,16.716728
137.755414,139.077947,10.424363,10.996230
129.459173,133.900623,25.381416,19.218962
150.425954,130.261709,11.730920,11.739182
152.215865,131.785089,10.000000,10.000000
153.330871,131.330867,10.000000,10.000000
152.695837,131.494052,10.000000,10.000000
151.983049,131.625682,10.000000,10.000000
152.986764,131.212635,10.000000,10.000000
153.049016,131.594630,10.000000,10.000000
153.463537,131.211324,10.000000,10.000000
153.811004,131.764000,10.000000,10.000000
153.515927,131.423720,10.000000,10.000000
152.910931,131.985095,10.000000,10.000000
153.253633,131.597592,10.000000,10.000000
153.109515,131.181605,10.000000,10.000000
152.300816,131.647360,10.000000,10.000000
154.012934,131.364448,10.000000,10.000000
152.647280,132.076045,10.000000,10.000000
151.910595,131.455624,10.000000,10.000000
152.241898,132.032126,10.000000,10.000000
152.865001,131.640846,10.000000,10.000000
148.694368,130.654015,15.679332,10.436667
150.179556,131.163570,13.309672,10.013413
154.036832,131.278394,10.000000,10.000000
154.318137,131.704127,10.000000,10.000000
154.777203,131.211892,10.000000,10.000000
154.345185,131.529427,10.000000,10.000000
155.089444,130.878525,10.000000,10.000000
155.404644,131.026141,10.000000,10.000000
156.598153,131.316555,10.000000,10.000000
154.871442,131.599922,10.000000,10.000000
155.570395,130.691865,10.000000,10.000000
154.831739,130.614879,10.000000,10.000000
154.228335,130.418650,10.000000,10.000000
145.976413,131.289196,17.083324,10.866566
154.839036,131.757285,10.000000,10.000000
155.260175,131.388174,10.000000,10.000000
154.949049,131.303839,10.000000,10.000000
153.448355,131.261740,10.301786,10.000000
154.655686,131.282437,10.000000,10.000000
154.964852,131.448557,10.000000,10.000000
155.610800,131.749569,10.000000,10.000000
155.621683,131.435708,10.000000,10.000000
155.496778,131.500922,10.000000,10.000000
156.887943,131.331635,10.000000,10.000000
155.980514,132.211364,10.000000,10.000000
156.433649,131.898115,10.000000,10.000000
157.516669,131.582392,10.000000,10.000000
157.573031,131.305910,10.000000,10.000000
159.179909,131.583851,10.000000,10.000000
162.496544,131.139595,10.000000,10.000000
166.052340,131.586880,10.000000,10.000000
169.482706,131.168669,10.000000,10.000000
173.492632,131.435281,10.000000,10.000000
177.525632,131.771269,10.000000,10.000000
180.811242,131.241438,10.000000,10.000000
179.884106,131.193030,14.239416,10.000000
188.138920,131.668246,10.261342,10.000000
192.466960,132.104787,10.000000,10.000000
196.996659,131.851692,10.000000,10.000000
200.691622,131.547601,10.000000,10.000000
203.830736,131.394434,10.000000,10.000000
201.391295,132.476878,14.638014,10.000000
209.700070,131.816218,10.000000,10.000000
212.037584,131.993276,10.000000,10.000000
213.541910,132.200989,10.000000,10.000000
213.684573,132.433886,10.000000,10.000000
212.461627,132.824906,10.000000,10.000000
213.621499,132.422843,10.000000,10.000000
211.960936,132.618850,10.000000,10.000000
212.585370,132.259265,10.000000,10.000000
211.668789,132.426352,10.000000,10.000000
211.668835,132.428900,10.000000,10.000000
211.817948,132.660447,10.000000,10.000000
212.282612,132.233627,10.000000,10.000000
212.546040,132.431490,10.000000,10.000000
211.296695,132.675258,10.000000,10.000000
212.799385,132.230580,10.000000,10.000000
212.138183,132.558382,10.000000,10.000000
212.838660,132.560407,10.000000,10.000000
212.457767,132.146449,10.000000,10.000000
213.006161,132.520452,10.000000,10.000000
212.512568,132.067406,10.000000,10.000000
211.639580,132.213748,10.000000,10.000000
212.146011,132.853638,10.000000,10.000000
212.876179,132.800748,10.000000,10.000000
212.486549,132.351302,10.000000,10.000000
213.131926,133.114498,10.000000,10.000000
212.463494,132.821949,10.000000,10.000000
213.213822,133.185206,10.000000,10.000000
212.677406,132.683259,10.000000,10.000000
212.175205,132.113497,10.000000,10.000000
212.439711,132.801454,10.000000,10.000000
212.393512,132.589458,10.000000,10.000000
212.512984,132.361840,10.000000,10.000000
211.877122,132.876713,10.000000,10.000000
212.208657,132.682574,10.000000,10.000000
212.656188,132.574170,10.000000,10.000000
211.737582,132.304537,10.000000,10.000000
211.357986,133.313126,10.000000,10.000000
211.941679,133.282770,10.000000,10.000000
211.629954,133.112222,10.000000,10.000000
211.352765,133.026544,10.000000,10.000000
212.250509,132.704461,10.000000,10.000000
211.903962,132.513016,10.000000,10.000000
211.550531,132.313107,10.000000,10.000000
210.580703,133.093738,10.000000,10.000000
211.069798,133.268672,10.000000,10.000000
208.956939,133.157354,11.827456,10.000000
210.839182,133.285110,10.000000,10.000000
211.337554,133.235452,10.000000,10.000000
212.052602,133.047468,10.000000,10.000000
211.503860,133.071387,10.000000,10.000000
210.978807,133.086474,10.000000,10.000000
211.713811,132.995384,10.000000,10.000000
211.639210,133.070940,10.000000,10.000000
211.809049,133.267391,10.000000,10.000000
212.294267,133.589535,10.000000,10.000000
212.654601,132.642827,10.000000,10.000000
212.262873,132.529637,10.000000,10.000000
212.928391,132.670499,10.000000,10.000000
212.544700,132.583364,10.000000,10.000000
212.103642,132.403141,10.000000,10.000000
212.342675,132.597812,11.743006,10.000000
211.997965,132.375355,10.000000,10.000000
209.408900,132.277404,14.651818,10.000000
203.217167,131.126561,25.026352,13.914766
194.054539,141.779199,10.000000,10.359056
193.871716,142.652739,10.000000,10.000000
193.861441,141.867746,10.000000,10.000000
194.087494,142.192604,10.000000,10.000000
194.498965,142.505958,10.000000,10.000000
194.478130,141.648668,10.000000,10.000000
194.456527,141.843916,10.000000,10.000000
194.692038,142.197229,10.000000,10.000000
193.875781,142.493453,10.000000,10.000000
193.944187,142.928794,10.000000,10.000000
194.046472,142.222782,10.000000,10.000000
194.262978,142.692582,10.000000,10.000000
194.252859,141.866591,10.000000,10.000000
194.348588,142.244655,10.000000,10.000000
194.590644,142.645265,10.000000,10.000000
193.907890,142.088977,10.000000,10.000000
194.180436,142.440641,10.000000,10.000000
194.380087,142.739342,10.000000,10.000000
194.784040,142.088811,10.000000,10.000000
194.095471,142.621699,10.000000,10.000000
194.065056,141.892654,10.000000,10.000000
194.475093,142.290886,10.000000,10.000000
194.675735,142.807546,10.000000,10.000000
194.104723,142.303913,10.000000,10.000000
194.196786,142.724853,10.000000,10.000000
194.230655,142.050057,10.000000,10.000000
194.507993,142.473249,10.000000,10.000000
193.852862,142.987732,10.000000,10.000000
194.055384,142.215860,10.000000,10.000000
194.209260,142.445223,10.000000,10.000000
194.363128,142.800306,10.000000,10.000000
194.448606,141.819151,10.000000,10.000000
194.691743,142.201754,10.000000,10.000000
193.878269,142.704866,10.000000,10.000000
193.777331,141.945093,10.000000,10.000000
194.015173,142.285417,10.000000,10.000000
194.124129,142.493394,10.000000,10.000000
194.450127,142.779986,10.000000,10.000000
194.589534,142.064451,10.000000,10.000000
193.605060,142.614266,10.000000,10.000000
193.790699,142.021017,10.000000,10.000000
194.056280,142.476170,10.000000,10.000000
194.267838,142.774375,10.000000,10.000000
194.328285,142.108381,10.000000,10.000000
194.575108,142.442466,10.000000,10.000000
193.972557,143.028017,10.000000,10.000000
194.178347,142.411672,10.000000,10.000000
194.352450,142.939110,10.000000,10.000000
193.984008,142.216693,10.087337,10.000000
191.947009,141.357125,15.067203,11.790959
192.209745,142.682078,16.448008,11.810037
211.059491,144.308645,10.000000,10.000000
210.539525,143.053885,10.000000,10.000000
209.747664,141.309463,10.000000,10.000000
209.603894,140.374832,10.000000,10.000000
208.895870,139.714992,10.000000,10.000000
208.641146,138.833611,10.000000,10.000000
208.153216,139.250664,10.000000,10.000000
208.508657,140.147988,10.000000,10.000000
207.588280,141.166782,10.000000,10.000000
207.352138,142.876565,10.000000,10.000000
208.073896,144.336145,10.000000,10.000000
207.329850,147.311537,10.000000,10.000000
207.494851,150.203209,10.000000,10.000000
207.376599,153.801623,10.000000,10.000000
206.537758,156.937939,10.000000,10.000000
204.684675,161.654599,10.000000,10.000000
205.491503,165.816505,10.000000,10.000000
205.794463,171.220358,10.000000,10.000000
197.630754,165.994306,23.017403,15.940694
193.163050,163.799025,21.846823,16.801081
193.658146,141.929787,10.000000,10.000000
193.669421,142.617033,10.000000,10.000000
193.691714,142.112667,10.000000,10.000000
193.907048,142.758507,10.000000,10.000000
194.042181,142.287324,10.000000,10.000000
194.124899,143.129693,10.000000,10.000000
193.789813,142.841332,10.000000,10.302137
194.256350,143.346348,10.000000,11.011473
194.043024,142.888664,10.000000,10.000000
193.828245,142.757375,10.000000,11.049803
193.870170,142.378162,10.000000,10.726671
193.530834,142.385775,10.000000,10.000000
193.522779,143.363691,10.000000,10.000000
193.312589,143.054012,10.000000,10.000000
194.113547,142.776778,10.000000,10.157442
193.546662,143.202042,10.000000,10.000000
193.280297,143.035751,10.000000,10.891291
194.343463,143.256941,10.000000,10.000000
194.074751,143.131405,10.000000,10.000000
193.960304,142.842275,10.000000,10.036749
194.362095,143.314680,10.000000,10.326443
193.767547,142.839643,10.000000,10.000000
193.490202,142.504948,10.000000,10.000000
194.362504,142.276654,10.000000,10.000000
194.254214,143.320411,10.000000,10.000000
194.041598,143.130495,10.000000,10.000000
193.597428,142.877187,10.000000,10.264688
194.096408,142.179624,10.000000,10.015560
193.612929,142.389394,10.000000,10.000000
193.764711,143.360609,10.000000,10.000000
193.711951,142.868157,10.000000,10.000000
193.813409,142.425531,10.000000,10.000000
193.765575,143.462676,10.000000,10.000000
193.850955,143.266078,10.000000,10.042773
194.255822,142.573335,10.000000,10.563288
194.213211,142.319965,10.000000,10.000000
194.510224,143.149043,10.000000,10.000000
193.762110,142.721948,10.000000,10.000000
193.841307,142.274302,10.000000,10.147200
194.235425,143.044035,10.000000,10.000000
194.136085,142.899484,10.000000,10.138511
193.597065,143.571741,10.000000,10.000000
193.481308,142.583339,10.000000,10.000000
194.833262,142.138491,10.000000,10.000000
194.018906,143.046842,10.000000,10.000000
194.024704,142.618425,10.000000,10.000000
193.711560,142.463710,10.000000,10.201459
194.024891,143.209643,10.000000,10.000000
193.786705,143.141191,10.000000,10.000000
193.374816,143.047204,10.000000,10.798803
194.406823,143.248472,10.000000,10.213173
193.852711,142.655111,10.000000,10.000000
193.580620,142.494375,10.000000,10.838737
193.321933,142.591980,10.000000,10.000000
194.559009,142.308208,10.000000,10.000000
193.564795,143.306274,10.000000,10.000000
193.531695,143.188413,10.000000,10.000000
192.779958,142.685691,10.000000,10.000000
193.383944,141.883643,10.000000,10.000000
194.341944,141.838865,10.000000,10.000000
194.153817,140.792130,10.000000,10.331107
194.482661,140.175138,10.000000,10.109723
196.063132,138.250059,10.000000,10.000000
196.878788,136.428056,10.000000,10.000000
196.417993,134.230646,10.000000,10.000000
198.339164,130.311967,10.000000,10.865102
199.005372,125.591044,10.000000,10.943052
199.206857,120.321789,10.590822,11.907077
200.498155,115.662898,10.024127,10.821341
199.369298,110.621871,11.434310,13.343095
201.617941,106.807775,11.062341,12.722514
202.596070,100.403595,11.352523,12.570517
202.437047,94.934620,11.305923,12.882297
202.198874,89.773346,11.292483,13.575473
203.869873,86.943367,10.566583,12.029675
203.780435,84.184247,10.000000,10.112406
204.167036,81.833031,10.000000,10.000000
203.830245,78.845291,10.000000,11.279088
204.363212,76.890124,10.000000,10.000000
204.401771,75.344516,10.000000,10.000000
204.230872,74.239080,10.000000,10.000000
204.141967,73.090789,10.000000,10.000000
204.261725,71.303448,10.000000,10.000000
204.680462,69.437334,10.000000,10.052861
205.022601,67.158155,10.000000,10.408806
204.698043,65.271926,10.000000,10.000000
204.557194,64.058505,10.000000,10.000000
204.542222,61.362635,10.000000,10.300355
205.414036,59.206474,10.000000,10.171610
205.309400,56.259246,10.000000,10.451548
205.758466,54.261417,10.000000,10.426019
205.908850,52.175046,10.000000,10.628428
205.717781,50.075880,10.000000,10.000000
204.514092,47.028858,10.089087,11.481575
205.514757,44.960675,10.000000,10.329191
206.109178,43.191996,10.000000,10.000000
205.852472,42.609306,10.006636,10.876177
206.061665,41.552609,10.000000,10.471550
206.285807,40.575564,10.000000,10.671962
206.498922,39.063147,10.000000,11.539907
206.469271,39.902097,10.000000,10.000000
206.575895,38.879027,10.048829,11.140858
206.566666,39.455501,10.000000,10.000000
205.493695,40.503378,10.000000,10.000000
206.705372,39.943873,10.000000,10.000000
205.968630,40.863873,10.000000,10.000000
206.060482,41.299813,10.000000,10.000000
205.594072,41.879090,10.000000,10.000000
205.310425,41.558710,10.000000,10.000000
205.725796,41.543573,10.000000,10.000000
205.063011,42.315812,10.000000,10.000000
203.719831,42.506005,13.190325,12.136799
205.159756,44.353748,10.000000,10.000000
206.096041,45.277493,10.000000,10.000000
205.526172,45.553737,10.000000,10.000000
205.237327,44.812686,10.000000,10.033646
203.826710,46.072658,10.352925,10.000000
204.488162,46.150466,10.000000,10.000000
205.997637,47.379943,10.000000,10.000000
205.302754,48.031737,10.000000,10.000000
205.379785,48.135342,10.000000,10.000000
205.383203,48.305040,10.000000,10.000000
204.353799,48.357515,10.000000,10.595215
205.545521,47.729949,10.000000,10.897662
204.800922,47.669642,10.738540,10.909063
206.141748,47.120198,10.000000,10.000000
206.216830,47.069538,10.000000,10.538019
205.759572,46.565724,10.000000,10.480538
206.160747,46.081893,10.000000,10.000000
205.901646,45.439648,10.000000,10.000000
205.783992,45.917708,10.000000,10.000000
205.697806,44.948281,10.000000,10.000000
205.127663,44.600318,10.000000,10.039476
205.666658,44.371376,10.000000,10.000000
205.421853,44.191028,10.000000,10.000000
206.499554,43.796103,10.000000,10.806131
206.435218,43.533376,10.000000,10.499252
205.652418,43.951705,10.000000,10.000000
205.186166,43.633767,10.000000,10.604641
206.128213,43.649433,10.000000,10.000000
206.075614,43.415633,10.000000,10.280229
205.415340,43.878575,10.000000,10.000000
206.077184,43.612767,10.000000,10.433125
205.402948,44.380529,10.000000,10.000000
206.766120,44.038864,10.000000,11.073441
205.731500,43.687552,10.000000,10.000000
205.475778,43.083017,10.000000,10.172716
205.378535,43.026096,10.000000,10.557969
206.288590,43.891501,10.000000,10.000000
205.892471,43.203529,10.000000,10.000000
205.868330,43.505017,10.000000,10.000000
205.018857,42.525831,10.000000,10.000000
205.528368,42.282799,10.000000,10.000000
205.262246,43.028638,10.000000,10.000000
206.261889,42.371953,10.000000,10.000000
206.111404,43.426485,10.000000,10.000000
205.741164,43.211685,10.000000,10.000000
205.541241,42.786776,10.000000,10.000000
204.979264,42.305334,10.000000,10.000000
206.003107,43.178069,10.000000,10.000000
205.184531,42.647622,10.000000,10.000000
206.380197,42.410358,10.000000,10.230631
205.531541,42.897346,10.000000,10.000000
205.577790,42.338942,10.000000,10.488677
205.902731,42.743705,10.000000,10.000000
205.462417,42.197090,10.000000,10.080080
205.477781,41.993875,10.000000,10.000000
206.330871,42.719523,10.000000,10.000000
204.733727,41.709531,10.134706,10.200716
205.838639,42.817834,10.000000,10.000000
204.655987,42.113998,10.000000,10.455324
204.472535,41.905741,11.075949,11.200284
204.501115,42.925723,10.000000,10.000000
204.599765,42.947692,10.000000,10.811966
204.428026,43.292819,10.000000,10.185925
204.943604,42.815246,10.000000,10.165572
205.416484,43.766039,10.000000,10.000000
205.272550,42.774413,10.000000,10.000000
204.912637,42.484548,10.000000,10.000000
204.543873,43.159902,10.000000,10.000000
203.450566,42.949271,10.000000,10.000000
203.955884,42.413710,10.000000,10.447891
204.092065,42.858249,10.000000,10.000000
203.110421,43.107898,10.000000,10.577630
204.173563,43.465570,10.000000,10.000000
203.908633,43.721984,10.000000,10.000000
203.796299,42.575781,10.000000,10.000000
203.692125,42.751098,10.000000,10.177679
204.082098,43.452040,10.000000,10.000000
203.777627,43.410722,10.000000,10.000000
203.583681,43.321587,10.000000,10.000000
203.381919,43.295659,10.000000,10.000000
204.552565,43.019750,10.000000,10.000000
203.165826,42.922358,10.000000,10.100484
203.816710,43.198676,10.000000,11.120853
204.226676,42.531712,10.048911,11.064756
203.587790,42.219026,10.000000,10.000000
203.300735,42.964818,10.000000,10.000000
204.169825,42.471124,10.000000,11.263258
203.559321,42.131409,10.000000,10.000000
203.398970,42.688044,10.000000,10.000000
204.043664,41.875669,10.000000,10.828500
203.852606,42.729863,10.000000,10.000000
203.078740,42.076552,10.000000,10.000000
203.316034,42.441673,10.000000,10.000000
203.075366,42.480400,10.000000,10.000000
202.990591,42.539092,10.000000,10.000000
202.679523,41.288960,10.000000,10.000000
202.609742,42.414825,10.000000,10.000000
202.692623,43.021145,10.000000,10.000000
202.604840,42.251820,10.000000,10.000000
202.534142,42.488000,10.000000,10.000000
201.931211,42.538604,10.000000,10.000000
203.050585,41.425632,10.000000,10.000000
202.983518,42.359190,10.000000,10.000000
202.490122,42.223699,10.000000,10.000000
203.238086,41.628969,10.000000,10.869225
203.162832,41.134108,10.000000,10.947287
201.479925,40.206590,11.897452,11.923947
199.986026,39.156220,18.499037,13.660798
198.993243,37.050621,29.461119,18.882298
197.449840,34.595401,40.244511,22.447857
195.352159,29.153125,50.881554,32.589176
212.332337,32.694563,17.199717,23.087400
201.984901,41.918234,10.000000,10.878721
201.295239,40.277328,16.445669,12.241425
201.541732,41.610020,10.000000,10.426073
202.450283,42.197837,10.000000,10.848053
202.461221,40.820897,10.000000,10.000000
201.965764,41.691431,10.000000,10.000000
202.311337,40.504276,10.000000,10.000000
202.565904,39.667599,10.000000,10.000000
200.518178,38.517577,10.000000,10.000000
199.409552,37.372954,10.000000,10.000000
200.038191,40.170525,10.000000,10.000000
197.605023,38.149384,11.371764,10.000000
194.621896,37.180089,10.000000,10.000000
195.031268,38.063405,16.009123,10.889065
193.035407,39.077833,10.839524,10.017000
191.004693,39.201107,10.000000,10.000000
188.251405,39.422971,10.295440,10.000000
182.932905,36.717503,18.802965,11.218660
202.005651,40.006212,10.000000,10.000000
202.044153,40.206566,10.000000,10.000000
202.221694,40.472384,10.000000,10.000000
202.142541,40.402787,10.000000,10.000000
202.203820,40.585072,10.000000,10.000000
201.755732,39.503268,10.000000,10.000000
201.576086,39.086321,10.000000,10.000000
201.352902,40.022695,10.000000,10.000000
202.502573,39.565142,10.000000,10.021552
201.787032,39.736573,10.000000,10.000000
201.719181,39.189226,10.000000,10.125208
201.373135,39.309364,10.000000,10.056318
201.238647,39.373121,10.000000,10.000000
201.539510,40.540611,10.000000,10.000000
200.634788,38.769944,10.000000,10.081785
201.601077,39.712490,10.000000,10.088243
201.340612,39.793350,10.000000,10.000000
201.482486,39.551032,10.000000,10.764512
202.156735,39.415791,10.417707,10.132017
201.333583,40.488579,10.000000,10.000000
201.180326,40.122471,10.000000,10.000000
200.872390,39.630453,10.000000,10.000000
198.292836,38.900449,12.296510,11.254293
201.299730,38.926833,10.000000,10.000000
201.191598,39.495542,10.000000,10.000000
200.766125,40.200949,10.000000,10.000000
199.906414,39.260175,10.013346,10.407961
200.674600,39.520349,10.000000,10.372038
200.574884,39.407152,10.000000,10.276170
200.542061,39.175905,10.000000,10.000000
199.844221,39.870971,10.000000,10.000000
199.837014,38.567856,10.000000,10.713935
199.829472,39.011189,10.000000,10.000000
199.814397,39.573079,10.000000,10.000000
199.204860,38.164554,10.229404,11.166778
199.879712,38.900862,10.000000,10.000000
199.890925,39.254340,10.000000,10.000000
200.179011,39.549252,10.000000,10.000000
198.766511,37.996102,10.333216,10.489243
199.485142,39.200008,10.063076,10.301270
199.403820,38.222319,10.000000,10.310563
199.960572,39.188653,10.000000,10.000000
200.264054,39.547702,10.000000,10.000000
200.350160,38.824065,10.000000,10.000000
200.433637,39.236793,10.000000,10.000000
200.529357,39.733234,10.000000,10.000000
199.834946,39.057169,10.000000,10.000000
199.909355,39.505595,10.000000,10.000000
199.808954,38.596479,10.000000,10.000000
199.698980,38.948882,10.000000,10.000000
199.319992,39.333249,10.000000,10.000000
199.774832,39.305551,10.000000,10.000000
197.572048,39.098645,10.091238,10.242912
198.273474,37.948343,10.087129,10.778637
199.038254,39.007779,10.000000,10.289685
198.587404,38.627872,10.000000,10.000000
198.699227,38.930649,10.000000,10.000000
198.717102,39.186984,10.000000,10.000000
198.570038,39.500417,10.000000,10.000000
198.238362,38.373804,10.000000,10.000000
199.009338,39.284974,10.000000,10.000000
197.598650,38.753978,10.000000,10.000000
195.773108,38.304040,10.587602,11.452838
197.287073,38.463340,10.000000,10.314339
197.574583,38.938437,10.000000,10.000000
197.626931,39.204614,10.000000,10.000000
197.469635,39.388526,10.000000,10.000000
198.463976,39.247482,10.000000,10.000000
198.016064,39.119485,10.000000,10.000000
197.085658,38.839475,10.000000,10.000000
196.375745,37.747611,10.602279,12.323800
196.477927,38.339897,10.000000,10.271326
195.293569,38.832118,10.000000,10.000000
197.192127,38.688461,10.000000,10.000000
196.354471,37.747798,10.188236,11.606367
192.214424,36.163450,14.950841,13.391374
196.229626,37.883623,12.898799,12.613910
193.771693,36.067196,15.905574,15.142574
196.883173,38.360572,10.000000,10.000000
196.942080,39.315758,10.000000,10.000000
196.577950,38.495384,11.180562,11.010843
196.600818,37.560918,10.000000,10.865839
196.492548,38.378769,10.000000,10.000000
197.708395,38.931505,10.000000,10.000000
197.137898,38.296761,10.000000,10.000000
197.545274,38.568456,10.000000,10.000000
196.613987,37.684256,10.000000,10.000000
196.672746,37.794080,10.000000,10.000000
196.623601,37.965865,10.000000,10.000000
196.609815,38.028944,10.000000,10.000000
196.225633,37.748422,10.000000,10.000000
197.108055,37.577815,10.000000,10.000000
197.213890,37.471742,10.000000,10.000000
197.068045,38.665532,10.000000,10.000000
196.609529,37.503812,10.000000,10.000000
196.368080,37.544139,10.000000,10.000000
197.241453,37.561019,10.000000,10.000000
197.061632,37.585923,10.000000,10.000000
196.834743,37.271968,10.000000,10.378693
197.090548,37.790986,10.000000,10.850430
195.886928,37.171427,10.000000,10.574214
195.544308,38.060732,10.000000,10.000000
193.873764,37.111310,10.000000,10.000000
193.012427,37.353784,10.000000,10.000000
191.498424,37.112819,10.000000,10.138725
190.836544,36.252660,10.000000,10.000000
190.103634,36.900144,10.000000,10.000000
188.318823,35.968343,10.000000,10.867690
186.522718,37.075166,10.000000,10.000000
183.624083,36.450268,10.000000,10.000000
181.672929,36.956617,10.000000,10.000000
179.228860,35.709825,10.000000,10.820911
178.767237,35.751932,10.000000,11.215217
176.425932,34.712412,11.845425,12.230105
179.066142,36.496387,10.000000,10.000000
177.732306,35.647219,12.423512,12.171438
178.243945,35.247690,10.000000,10.987563
177.097237,34.963448,10.099534,10.034899
177.528213,36.085266,10.000000,10.063013
176.197774,34.130264,12.285201,12.129771
177.094422,34.635341,10.000000,10.000000
177.742372,35.381233,10.000000,11.008997
177.106925,35.473038,10.000000,10.258988
177.474143,35.771997,10.000000,11.144965
172.219410,30.828027,22.550051,14.828773
178.505367,35.357357,10.000000,10.000000
177.746971,36.306629,10.000000,10.000000
177.771744,36.074055,10.000000,10.000000
175.591658,35.070444,10.875999,10.686265
178.090579,36.222040,10.000000,10.000000
177.613590,34.649518,10.000000,10.914490
178.575094,36.112895,10.000000,10.000000
178.768420,36.083774,10.000000,10.000000
178.730980,35.859499,10.000000,10.000000
178.678123,35.413683,10.000000,10.000000
178.745072,36.140169,10.000000,10.000000
178.859865,36.194604,10.000000,10.000000
178.847878,35.946031,10.000000,10.000000
179.651776,35.775646,10.000000,10.000000
177.607093,35.167106,10.000000,10.000000
180.166023,35.750302,10.000000,10.000000
180.553323,35.869653,10.000000,10.000000
180.037998,36.159997,10.000000,10.000000
179.661988,35.912079,10.000000,10.000000
179.248742,35.643107,10.000000,10.000000
179.707733,35.511444,10.000000,10.000000
179.033223,34.308373,10.000000,10.000000
176.364182,33.498617,14.833521,13.254247
180.493380,35.780696,10.000000,10.000000
179.016993,34.486130,10.388668,10.003629
178.897160,31.210980,15.382516,14.104051
179.976951,35.518349,10.000000,10.000000
179.639817,34.939797,10.000000,10.000000
177.729996,32.774733,13.017201,12.016457
178.314361,35.480348,10.000000,10.261777
180.918231,36.330881,10.000000,10.000000
180.568648,36.389943,10.000000,10.000000
180.312820,36.606493,10.000000,10.000000
179.225737,31.362017,14.105173,14.021381
179.962537,35.681935,10.000000,10.000000
181.103385,35.728368,10.000000,10.000000
181.366162,35.690752,10.000000,10.000000
181.537867,35.467834,10.000000,10.000000
180.711849,34.199264,11.176633,10.125664
188.645391,26.928127,10.000000,10.000000
181.506435,36.217551,10.000000,10.000000
181.840775,36.124676,10.000000,10.000000
180.612786,33.938351,10.861504,10.859603
178.753044,31.945370,14.662573,12.837474
177.584944,33.623406,13.758199,12.503790
180.899114,36.095634,10.000000,10.000000
180.555687,35.353461,10.000000,10.000000
181.085531,32.519617,12.841198,12.358927
181.797220,36.260440,10.000000,10.000000
181.592734,36.609015,10.000000,10.000000
181.163418,36.222699,10.000000,10.000000
181.964467,36.487702,10.000000,10.000000
182.055572,37.158549,10.000000,10.000000
181.194952,36.289660,10.000000,10.000000
180.919551,36.496022,10.000000,10.000000
178.902616,34.337356,10.077923,10.598419
180.182054,33.066693,11.612484,12.325035
181.247081,27.481700,10.000000,10.000000
182.394971,27.155061,10.000000,10.000000
181.110404,27.628778,10.000000,10.000000
180.658206,26.382837,10.000000,10.000570
179.721684,26.454599,10.000000,10.000000
179.430978,27.489946,10.000000,10.000000
180.352803,27.011936,10.000000,10.000000
178.979078,27.145274,10.000000,10.000000
178.936165,26.710383,10.000000,10.000000
178.991004,26.440405,10.000000,10.000000
179.200554,27.849051,10.000000,10.000000
179.199085,26.688030,10.000000,10.000000
177.438406,26.222085,10.000000,10.000000
178.064507,27.413140,10.000000,10.000000
177.273133,27.309524,10.000000,10.000000
177.940856,29.485541,16.303484,12.850490
176.931663,26.773539,11.484381,11.272273
175.140594,27.271176,10.000000,10.000000
175.512901,27.280311,10.000000,10.000000
175.401440,27.368623,10.000000,10.000000
182.024849,36.584198,10.000000,10.000000
180.929201,34.942802,10.000000,10.224594
181.986211,35.933672,10.000000,10.000000
180.939530,36.171057,10.000000,10.000000
180.554538,35.712876,10.000000,10.000000
179.701755,35.393351,10.000000,10.000000
181.134986,36.698905,10.000000,10.000000
177.982409,33.968172,13.024186,12.042190
181.265350,36.540973,10.000000,10.025096
179.495704,36.213320,10.340341,10.472521
180.592676,36.707135,10.000000,10.000000
179.942332,35.035714,10.127511,11.125325
180.606360,36.090773,10.000000,10.000000
180.647617,36.046026,10.000000,10.000000
181.235740,36.195732,10.000000,10.000000
181.668045,35.983567,10.000000,10.000000
181.179905,35.801724,10.000000,10.000000
181.787960,35.496166,10.000000,10.000000
181.571043,36.601813,10.000000,10.000000
181.334673,35.684896,10.000000,10.000000
182.137702,35.753025,10.000000,10.000000
182.044338,35.839725,10.000000,10.000000
182.004365,36.217850,10.000000,10.000000
181.776928,36.424210,10.000000,10.000000
181.712100,36.367600,10.000000,10.000000
181.463569,36.501285,10.000000,10.000000
182.055421,35.212441,10.000000,10.039145
181.608304,36.137968,10.000000,10.000000
181.619336,36.576488,10.000000,10.000000
181.374711,35.691274,10.000000,10.000000
181.983305,35.578827,10.000000,10.000000
181.779991,35.921628,10.000000,10.000000
181.603950,36.085547,10.000000,10.000000
181.545701,35.891948,10.000000,10.000000
181.620970,36.266363,10.000000,10.000000
181.455433,36.547727,10.000000,10.000000
182.427326,35.270030,10.000000,10.000000
182.339548,36.478769,10.000000,10.000000
182.273230,36.860243,10.000000,10.000000
181.924121,36.136479,10.000000,10.000000
181.635883,36.489505,10.000000,10.000000
180.866839,36.341563,10.000000,10.000000
181.485725,36.242318,10.000000,10.000000
182.233665,36.226504,10.000000,10.000000
182.013501,36.218853,10.000000,10.000000
181.812824,36.289701,10.000000,10.000000
181.562980,36.255817,10.000000,10.000000
181.291845,36.030689,10.000000,10.000000
181.870170,35.908187,10.000000,10.000000
181.205160,35.797013,10.000000,10.000000
181.337676,35.527901,10.000000,10.000000
181.533818,35.652190,10.000000,10.000000
180.542300,35.674171,10.000000,10.000000
180.088915,35.617164,10.000000,10.035690
181.173480,35.696739,10.000000,10.000000
181.860652,35.600174,10.000000,10.000000
181.567778,35.544708,10.000000,10.000000
180.085771,35.756443,10.000000,10.173035
180.676257,35.590732,10.000000,10.304570
180.905802,36.003783,10.000000,10.000000
180.728209,35.470937,10.000000,10.311543
181.109915,35.678915,10.000000,10.000000
181.296125,35.608920,10.000000,10.000000
180.884099,35.478061,10.000000,10.000000
180.862801,36.089192,10.000000,10.000000
181.031389,35.509924,10.000000,10.004284
180.983507,36.052332,10.000000,10.000000
181.248830,35.950909,10.000000,10.000000
180.554213,35.620780,10.000000,10.000000
181.040880,35.634347,10.000000,10.000000
180.581964,35.223154,10.000000,10.000000
181.137756,35.945759,10.000000,10.000000
180.925363,35.349132,10.000000,11.393961
180.336722,34.891150,10.109784,11.084000
180.964253,35.407900,10.000000,10.000000
181.123887,36.384155,10.000000,10.000000
181.031010,36.310304,10.000000,10.000000
181.408527,36.435173,10.000000,10.000000
181.576775,36.696581,10.000000,10.000000
180.912892,36.197627,10.000000,10.000000
180.985469,36.640374,10.000000,10.000000
180.782028,35.954206,10.000000,10.000000
181.024054,36.259058,10.000000,10.000000
181.397964,36.698883,10.000000,10.000000
181.290778,36.114475,10.000000,10.000000
181.300928,36.642349,10.000000,10.000000
181.186728,35.982057,10.000000,10.000000
181.436154,36.518980,10.000000,10.000000
181.407132,35.909803,10.000000,10.000000
181.443290,36.392466,10.000000,10.000000
181.412191,36.815755,10.000000,10.000000
181.380626,36.200586,10.000000,10.000000
181.329294,36.761189,10.000000,10.000000
181.327410,36.100837,10.000000,10.000000
181.124243,36.617972,10.000000,10.000000
180.797129,35.872604,10.000000,10.000000
180.611834,36.323970,10.000000,10.000000
180.521901,36.570386,10.000000,10.000000
180.472103,35.780306,10.000000,10.000000
181.697361,36.045606,10.000000,10.000000
180.884477,36.333367,10.000000,10.000000
180.525782,36.235880,10.000000,10.000000
180.384538,36.180476,10.000000,10.000000
181.423174,36.311685,10.000000,10.000000
181.323984,36.605512,10.000000,10.000000
181.146151,35.788772,10.000000,10.000000
181.200708,35.839735,10.000000,10.000000
181.275423,35.941033,10.000000,10.000000
181.459206,35.953666,10.000000,10.000000
181.333759,35.849944,10.000000,10.000000
179.101084,35.074902,19.594976,12.875458
180.277121,35.370804,10.461485,11.133462
178.959112,35.362103,11.774615,10.292488
181.612132,35.477829,11.997285,11.630602
180.062173,36.121210,10.442487,10.000000
180.796850,35.633922,10.000000,10.000000
180.094626,35.809490,10.000000,10.000000
181.375940,35.825672,10.000000,10.000000
182.729871,35.566141,11.311491,11.377606
181.934640,36.434932,10.000000,10.000000
181.523800,36.854312,10.000000,10.000000
