243.000000,176.000000,10.000000,9.000000
242.560155,175.618053,10.000000,10.000000
242.269679,175.777121,10.000000,10.000000
242.663443,176.102324,10.000000,10.000000
241.966080,176.279595,10.000000,10.000000
242.178803,176.467586,10.000000,10.000000
242.233608,176.546536,10.000000,10.000000
241.577237,175.391295,10.000000,10.000000
240.150218,175.692115,10.000000,10.000000
239.220922,173.840611,10.000000,10.000000
237.794290,171.279194,10.000000,10.000000
235.597121,168.447607,10.000000,10.000000
233.871607,165.790732,10.000000,10.000000
233.440866,161.261809,10.000000,10.000000
233.268213,158.747456,10.000000,10.000000
232.460754,155.383519,10.000000,10.000000
232.007195,153.851644,10.000000,10.000000
231.193521,151.358536,10.000000,10.000000
231.147691,150.734771,10.000000,10.000000
230.920848,148.899273,10.000000,10.000000
229.802896,148.548020,10.000000,10.000000
229.426127,148.143004,10.000000,10.000000
229.807782,149.474961,10.000000,10.000000
228.550800,150.523592,10.000000,10.000000
228.037766,150.740550,10.000000,10.000000
228.123873,152.918977,10.000000,10.000000
227.842975,155.192005,10.000000,10.000000
227.012889,158.098105,10.000000,10.000000
227.356698,159.870082,10.000000,10.000000
225.931156,161.037414,10.000000,10.000000
222.125989,163.383056,11.460711,10.000000
223.542589,165.780920,10.000000,10.000000
221.749049,168.070291,10.000000,10.000000
222.211836,171.735276,10.000000,10.000000
222.438194,176.008756,10.000000,10.000000
222.202148,180.276448,10.000000,10.000000
221.287547,185.383364,10.000000,10.000000
220.760686,189.970752,10.000000,10.000000
219.669228,194.770953,10.000000,10.000000
219.036879,200.444571,10.000000,10.000000
218.647932,207.903747,10.000000,10.000000
218.299104,203.383456,10.000000,10.000000
218.705700,198.049148,10.000000,10.000000
217.867358,193.054508,10.000000,10.000000
217.799013,188.869060,10.000000,10.000000
217.705645,186.203960,10.000000,10.000000
217.052458,184.956958,10.000000,10.000000
216.422124,184.396920,10.000000,10.000000
215.173193,183.595260,10.000000,10.000000
212.240228,182.473721,10.000000,10.000000
209.429078,183.768203,10.000000,10.000000
206.053110,183.944536,10.000000,10.000000
202.855344,186.354041,10.000000,10.000000
198.691657,189.782790,10.000000,10.000000
195.679021,193.106339,10.000000,10.000000
192.161959,199.019391,10.000000,10.000000
188.772079,205.089771,10.000000,10.000000
185.334614,208.235600,10.000000,10.000000
183.643983,202.892043,10.000000,10.000000
180.918368,198.175529,10.000000,10.000000
178.917267,195.113099,10.000000,10.000000
176.649297,191.476665,10.000000,10.000000
174.389886,189.436171,10.000000,10.000000
172.985895,187.181279,10.000000,10.000000
170.728503,185.474366,10.000000,10.000000
168.775493,184.683904,10.000000,10.000000
167.579043,184.031607,10.000000,10.000000
166.694983,185.103495,10.000000,10.000000
166.241572,186.783470,10.000000,10.000000
165.925392,189.893842,10.000000,10.000000
164.195328,194.515438,10.000000,10.000000
162.896719,200.249016,10.000000,10.000000
161.396056,207.688426,10.000000,10.000000
159.987965,209.137873,10.000000,10.000000
158.682726,204.306206,10.000000,10.000000
157.420492,198.856124,10.000000,10.000000
157.373827,194.384735,10.000000,10.000000
155.903805,190.681253,10.000000,10.000000
154.593350,187.225641,10.000000,10.000000
153.387795,185.990088,10.000000,10.000000
153.682607,184.347528,10.000000,10.000000
152.355852,184.443549,10.000000,10.000000
153.278356,184.288027,10.000000,10.000000
153.545504,184.340446,10.000000,10.000000
153.651686,187.097362,10.000000,10.000000
154.854022,190.749561,10.000000,10.000000
155.265008,194.305367,10.000000,10.000000
157.178229,200.595376,10.000000,10.000000
158.561477,206.934757,10.000000,10.000000
157.550788,213.886544,10.000000,10.000000
158.878899,210.343259,10.000000,10.000000
158.489148,205.497265,10.000000,10.000000
158.413845,200.447601,10.000000,10.000000
158.747122,196.724848,10.000000,10.000000
158.481313,192.145741,10.000000,10.000000
159.511714,189.343266,10.000000,10.000000
160.018315,187.417082,10.000000,10.000000
162.106516,186.115481,10.000000,10.000000
163.695813,185.177237,10.000000,10.000000
164.980355,184.926689,10.000000,10.000000
166.770434,186.775460,10.000000,10.000000
167.933796,190.054171,10.111703,10.000000
170.435486,193.612450,10.000000,10.000000
172.297793,199.000095,10.000000,10.000000
173.662392,206.595798,10.000000,10.000000
174.049154,212.317993,10.000000,10.000000
174.946599,212.521765,10.000000,10.000000
174.661020,206.329278,10.000000,10.000000
174.150962,201.756683,10.000000,10.000000
174.436691,196.952595,10.000000,10.000000
174.401150,193.595809,10.000000,10.000000
175.455073,190.162654,10.000000,10.000000
176.254401,188.974733,10.000000,10.000000
177.781014,187.470555,10.000000,10.000000
178.644949,187.114120,10.000000,10.000000
179.993402,186.576527,10.000000,10.000000
181.690592,186.829198,10.000000,10.000000
182.311800,188.889119,10.000000,10.000000
184.543163,191.908978,10.000000,10.000000
185.025724,196.347860,10.000000,10.000000
186.625513,201.780778,10.000000,10.000000
187.089016,207.459750,10.000000,10.000000
188.399797,213.281717,10.000000,10.000000
188.585146,206.808628,10.000000,10.000000
187.391714,200.823770,10.000000,10.000000
188.114494,197.097309,10.000000,10.000000
187.608159,192.851079,10.000000,10.000000
188.056464,189.764581,10.000000,10.000000
189.590229,186.879599,10.000000,10.000000
190.093323,185.619387,10.000000,10.000000
191.029208,184.610011,10.000000,10.000000
191.549034,185.623119,10.000000,10.000000
191.163404,187.255598,10.000000,10.000000
192.370631,190.970407,10.000000,10.000000
192.387588,194.629273,10.000000,10.000000
191.956919,198.624071,10.000000,10.000000
191.330987,204.954137,10.000000,10.000000
191.239697,211.270319,10.000000,10.000000
190.682736,207.477015,10.000000,10.000000
189.357663,202.764238,10.000000,10.000000
188.597560,197.158225,10.000000,10.000000
186.595376,193.343376,10.065007,10.000000
187.358120,190.026491,10.000000,10.000000
188.264906,188.356342,10.000000,10.000000
188.382281,187.410332,10.000000,10.000000
188.356058,186.096057,10.000000,10.000000
188.537271,185.944898,10.000000,10.000000
188.287285,186.852244,10.000000,10.000000
189.077005,189.135223,10.000000,10.000000
188.513675,194.212993,10.000000,10.000000
187.324641,200.173485,10.000000,10.000000
187.279605,204.804363,10.000000,10.000000
186.604471,211.328499,10.000000,10.000000
184.994009,208.877539,10.000000,10.000000
183.478233,203.835590,10.000000,10.651165
183.602480,199.489278,10.000000,10.000000
180.918530,196.176206,10.000000,10.000000
180.241765,193.171110,10.000000,10.000000
180.337547,191.862230,10.000000,10.000000
180.559937,190.112842,10.000000,10.000000
179.719961,189.690408,10.000000,10.000000
181.384984,190.852537,10.000000,10.000000
182.181430,192.611266,10.161800,10.000000
183.096774,196.381986,10.000000,10.000000
184.420802,202.866028,10.288081,10.367910
185.521216,209.599166,10.000000,10.000000
186.385242,213.307757,10.000000,10.000000
187.791177,208.724149,10.000000,10.000000
185.945805,201.997895,10.000000,10.000000
186.780039,198.810144,10.000000,10.000000
187.033824,195.595944,10.000000,10.000000
188.232586,193.110075,10.000000,10.000000
189.184122,191.880111,10.000000,10.000000
190.392120,190.727068,10.000000,10.000000
192.116730,190.216049,10.000000,10.000000
192.702231,191.237916,10.000000,10.000000
192.528326,194.049530,10.174342,10.000000
193.794035,196.644804,10.547273,10.307304
195.129795,201.028690,10.000000,10.000000
195.411321,206.518452,10.000000,10.000000
195.712920,211.661374,10.000000,10.000000
194.702364,212.932441,10.000000,10.000000
193.970125,208.651546,10.000000,10.000000
193.420859,203.959193,10.000000,10.000000
192.361338,201.102007,10.000000,10.000000
192.470722,199.176146,10.000000,10.000000
192.620823,197.445099,10.000000,10.000000
191.919196,196.077425,10.000000,10.000000
192.014007,195.123902,10.000000,10.000000
191.057041,195.257557,10.000000,10.000000
190.450315,194.928473,10.000000,10.000000
189.857992,195.092941,10.000000,10.000000
188.290814,194.894444,10.000000,10.000000
188.713061,194.274973,10.000000,10.000000
188.537282,192.847078,10.000000,10.000000
189.083355,190.538702,10.000000,10.000000
191.130303,188.207307,10.000000,10.000000
192.675358,186.174512,10.000000,10.000000
193.977852,184.805679,10.000000,10.000000
194.512160,182.966293,10.595798,10.000000
199.202335,183.608986,10.000000,10.000000
202.823010,185.163756,10.000000,10.000000
206.051441,188.069640,10.000000,10.000000
209.745700,190.815716,10.000000,10.000000
213.400763,193.787987,10.000000,10.000000
217.670946,196.513210,10.000000,10.000000
221.039639,190.476755,12.734751,11.252632
223.569342,190.992748,12.642149,11.696720
229.789602,191.392371,10.005309,10.000000
228.738827,200.543260,10.000000,10.000000
229.213542,195.191303,10.000000,10.000000
231.845125,192.906906,10.000000,10.000000
232.912803,189.137677,10.000000,10.000000
234.495210,186.231109,10.000000,10.000000
236.361092,183.953459,10.000000,10.000000
237.866469,181.787281,10.000000,10.000000
238.792277,179.820051,10.000000,10.000000
240.415419,179.161568,10.000000,10.000000
242.366957,178.568817,10.000000,10.000000
243.972917,178.119576,10.000000,10.000000
244.757370,178.640374,10.000000,10.000000
246.297075,179.041559,10.000000,10.000000
248.017738,181.114073,10.000000,10.000000
249.138070,182.479753,10.000000,10.000000
249.707559,183.864657,10.000000,10.000000
249.509444,183.766023,10.000000,10.000000
249.941704,183.346628,10.000000,10.000000
250.637643,183.827378,10.000000,10.000000
251.401601,182.390526,10.000000,10.000000
252.339745,181.622172,10.000000,10.000000
253.373924,177.827496,12.121342,10.000000
252.769886,176.895124,13.071868,10.522843
252.418822,173.882117,12.791728,10.000000
252.519160,172.275695,10.000000,10.000000
253.015493,171.310844,10.124701,10.000000
253.654711,169.064736,12.534799,10.000000
254.999040,168.352510,12.021393,10.000000
255.202371,168.489675,10.718178,10.009193
255.514750,168.858186,11.732817,10.000000
255.107715,168.559482,13.832592,12.969724
254.682770,169.056489,13.540068,12.206358
254.600724,171.219596,13.436631,12.000485
254.917671,171.564410,11.648729,11.870760
255.371750,175.307198,10.829546,10.390005
255.546298,177.105985,11.067060,10.000000
255.506604,178.404348,10.000000,10.000000
255.258053,180.331544,10.045046,10.000000
255.501469,180.349542,10.000000,10.000000
255.164415,180.844005,10.000000,10.000000
255.237375,180.144900,10.000000,10.000000
254.332517,180.050196,10.000000,10.000000
253.391661,178.599668,10.267279,10.000000
252.412978,177.371053,12.703096,10.070599
250.855975,176.395450,10.000000,10.000000
250.885961,174.635628,12.513915,10.000000
250.653780,173.763451,12.486259,11.177048
253.685376,171.854652,10.754333,10.748541
250.271891,169.008165,10.000000,10.032268
250.712522,167.335564,10.000000,10.000000
252.770223,165.875240,10.671315,10.200861
253.642497,160.457642,10.000000,10.000000
255.455036,155.919804,10.000000,10.000000
259.338355,149.763947,10.000000,10.000000
263.539981,143.919210,10.000000,10.000000
267.002726,138.753861,10.000000,10.000000
271.506163,132.942149,10.000000,10.000000
275.545986,128.564512,10.000000,10.000000
280.079610,124.062821,10.000000,10.000000
284.825023,120.704897,10.000000,10.000000
288.824250,117.147979,10.000000,10.000000
292.265873,115.014956,10.000000,10.000000
297.866103,112.324044,10.000000,10.000000
301.789091,110.887453,10.000000,10.000000
305.881958,109.094921,10.000000,10.000000
310.171968,108.201503,10.000000,10.000000
315.410090,107.866576,10.000000,10.000000
319.583288,107.399659,10.000000,10.000000
322.985612,108.610620,10.000000,10.000000
328.933507,108.704630,10.000000,10.000000
332.638235,109.974213,10.000000,10.000000
336.835526,112.066867,10.000000,10.126461
334.326437,103.564968,10.878200,10.520098
333.192129,104.014154,15.052752,12.141356
332.586401,102.535432,26.100359,17.422062
353.813659,123.974760,11.324829,10.616663
359.741478,128.573695,10.009398,10.000000
364.376962,133.104028,10.000000,10.000000
369.263755,138.454000,10.000000,10.000000
373.031128,144.328774,10.049154,10.000000
377.325266,149.949250,10.000000,10.000000
372.307372,151.737949,21.352739,15.625011
392.239538,139.852945,10.378446,10.828926
392.811215,139.374912,14.788359,11.593338
390.157358,138.113582,13.945447,12.220757
391.327141,139.738329,10.529808,10.762687
392.298487,139.064808,15.828548,11.657354
391.446301,138.657294,13.049597,11.834413
388.771399,139.547210,13.034937,11.342191
391.348939,139.175219,19.616858,13.407464
387.604753,137.858453,21.200466,15.209606
392.127707,140.263058,11.463457,11.619299
392.627971,139.924850,11.240946,10.182544
393.560860,139.792857,12.719807,10.516365
397.310692,139.347992,11.576095,11.199144
388.640334,139.284658,13.580477,11.243918
393.837031,139.961569,15.487395,12.568027
387.885740,138.435014,16.281887,13.726432
387.039967,134.336992,22.988762,17.568565
388.689151,133.393098,22.359789,19.173317
387.860976,129.595413,22.864939,21.311785
374.819311,110.516319,24.434345,27.315655
381.130691,125.052711,27.846949,21.975201
382.308949,124.167482,18.292290,17.617424
378.084808,122.284232,14.806053,15.322704
378.359163,122.910784,21.762844,17.758512
376.531038,124.758892,33.942516,23.163805
387.700726,132.044613,25.345535,22.823038
379.365396,120.310951,33.034916,29.631769
389.650805,137.431849,15.333879,14.788137
391.270369,140.242954,11.723502,11.315735
390.793189,138.856365,13.848109,11.495852
390.840829,137.516837,18.871389,14.130738
387.776807,136.419578,20.891054,15.391715
392.520382,139.007342,16.590298,13.190347
389.771217,139.691485,12.106713,10.923670
390.010761,139.302422,18.050426,12.290190
392.866334,138.590559,15.598840,13.020113
389.257737,136.523217,14.679057,13.671051
387.744558,135.777755,15.125913,12.561915
390.274862,139.693845,17.148151,13.482483
388.098383,135.731894,21.862877,15.536767
397.070018,139.259450,11.910902,10.551395
390.073694,139.369220,11.323172,10.895629
391.927436,139.872927,12.324192,11.088460
390.013920,138.281867,15.686929,13.090940
387.962323,136.623661,19.686176,14.916578
386.513732,136.680891,16.602993,15.403239
388.007084,138.904949,18.601000,15.101935
388.774249,140.317619,15.634167,14.147667
381.202707,139.254147,15.284510,23.424322
365.045899,138.994972,17.505363,21.772240
349.960835,136.127662,17.355539,19.441956
327.651206,131.881547,24.117085,29.015850
310.206346,137.586198,29.581818,35.179348
292.153767,134.100271,31.238886,38.329807
266.660691,130.858556,38.527084,41.685642
260.312770,118.754457,33.895123,35.384319
247.900057,118.340526,29.441038,25.375038
218.597638,116.964956,40.990341,39.208347
213.598901,115.862533,27.860817,27.705505
197.387395,114.608448,30.214447,26.941450
186.258517,114.644968,26.473072,23.914118
176.929128,114.264016,30.223312,25.690693
157.234652,131.628695,22.223913,24.323244
145.975587,131.023945,26.252815,23.556593
162.475631,118.297916,19.261120,21.307396
158.906273,114.567725,16.823053,17.824127
150.361635,115.769921,23.660265,22.274115
144.309573,108.941859,39.858780,23.917389
133.382239,108.664823,44.205002,32.264492
142.451232,113.718612,20.310837,21.216896
131.393266,109.696897,41.565929,26.609638
129.528417,108.898613,47.291157,27.280928
135.252639,110.785032,26.641556,21.222874
125.419120,108.374658,46.092392,25.648113
120.720120,112.336131,44.579639,27.821709
172.653870,112.228781,11.886717,13.805941
172.761652,112.679093,10.000000,10.000000
174.458366,112.430250,10.000000,10.000000
175.383497,112.336751,10.000000,10.000000
175.181420,112.039228,10.000000,10.083122
173.421507,111.734299,10.000000,10.000000
172.162283,111.887281,10.000000,10.378286
171.434303,113.363189,10.000000,10.000000
171.028754,115.332819,10.000000,10.000000
170.314621,113.344932,10.000000,10.000000
170.751305,114.012811,10.000000,10.000000
170.130990,115.419925,10.000000,10.000000
170.936554,113.424437,10.000000,10.000000
171.564665,114.413005,10.000000,10.000000
171.926019,114.756113,10.000000,10.000000
172.238444,112.686233,10.000000,10.000000
173.814319,115.013034,10.000000,10.000000
174.806096,113.561671,10.000000,10.000000
175.692440,114.458426,10.000000,10.000000
178.079959,115.317484,10.000000,10.000000
180.264095,115.886483,10.000000,10.000000
182.224013,115.154599,10.000000,10.000000
184.793643,115.190977,10.000000,10.000000
186.218252,113.819122,10.000000,10.000000
186.984730,113.628129,10.000000,10.464914
188.446805,115.205421,10.000000,10.000000
189.694160,114.255642,10.000000,10.000000
189.157992,115.233756,10.000000,10.000000
189.743289,115.016610,10.000000,10.000000
189.754012,113.708503,10.000000,10.000000
189.267559,113.664495,10.000000,10.000000
191.170947,114.492632,10.000000,10.000000
190.607153,115.043571,10.000000,10.000000
189.992575,112.357862,10.000000,10.000000
191.976211,115.272195,10.000000,10.000000
192.340020,113.903648,10.000000,10.000000
189.860977,109.833769,10.187628,10.940951
193.152810,113.530785,10.000000,10.000000
193.428585,114.258753,10.000000,10.000000
193.948563,114.885147,10.000000,10.000000
193.226480,113.498991,10.000000,10.000000
194.501792,114.492121,10.000000,10.000000
194.475204,114.285391,10.000000,10.000000
195.870562,113.155454,10.000000,10.000000
196.712862,114.058031,10.000000,10.000000
197.132467,113.316883,10.000000,10.000000
199.497733,115.540318,10.000000,10.000000
201.080607,112.650093,10.000000,10.000000
202.304365,114.266320,10.000000,10.000000
202.447592,112.798024,10.000000,10.422030
204.191763,112.853901,10.000000,10.000000
206.040524,113.348370,10.000000,10.000000
207.206069,114.612180,10.000000,10.000000
208.912098,113.540118,10.000000,10.000000
209.312773,113.131259,10.000000,10.000000
211.276536,114.178873,10.000000,10.000000
210.261408,111.756759,10.000000,10.000000
212.976613,113.018704,10.000000,10.000000
213.405830,113.236676,10.000000,10.000000
215.013253,114.197042,10.000000,10.000000
215.399557,113.854975,10.000000,10.000000
217.697276,114.347290,10.000000,10.000000
217.094934,114.854202,10.000000,10.000000
218.720289,114.584534,10.000000,10.000000
219.961818,113.391684,10.000000,10.000000
220.610436,114.238672,10.000000,10.000000
220.450465,115.146121,10.000000,10.000000
222.310483,114.370405,10.000000,10.000000
223.206407,115.510948,10.000000,10.000000
224.058145,114.243059,10.000000,10.000000
225.154852,114.589365,10.000000,10.000000
225.807157,113.729326,10.000000,10.000000
226.333158,113.974384,10.000000,10.000000
228.329964,114.184946,10.000000,10.000000
229.571862,114.086174,10.000000,10.000000
231.353819,115.213776,10.000000,10.000000
233.027873,115.009665,10.000000,10.000000
234.858648,115.026677,10.000000,10.000000
236.555331,114.534017,10.000000,10.000000
238.314774,114.463851,10.000000,10.000000
240.918458,115.050146,10.000000,10.000000
243.197575,114.529551,10.000000,10.000000
245.921178,113.998364,10.000000,10.000000
248.816947,114.898541,10.000000,10.000000
251.628875,114.613573,10.000000,10.000000
253.982722,113.923419,10.000000,10.000000
257.361602,114.587962,10.000000,10.000000
260.608605,113.603781,10.000000,10.000000
263.807545,114.379734,10.000000,10.000000
267.745536,116.198387,10.000000,10.000000
270.423703,115.280274,10.000000,10.000000
273.882948,115.006880,10.000000,10.045212
277.239315,114.599772,10.000000,10.000000
280.225975,114.155008,10.000000,10.000000
283.696131,116.098922,10.000000,10.193167
286.274554,115.473149,10.000000,10.000000
287.997463,115.180743,10.000000,10.000000
290.797597,114.661734,10.000000,10.000000
292.991391,115.226181,10.000000,10.000000
295.213987,114.641967,10.000000,10.000000
296.584572,113.153654,10.000000,10.079645
301.102101,114.010480,10.000000,10.000000
304.358899,113.502890,10.000000,10.369311
307.392123,114.598795,10.000000,10.000000
310.486120,113.616970,10.000000,10.000000
313.664535,114.213309,10.000000,10.000000
315.475377,115.913393,10.000000,10.000000
318.303437,116.996174,10.000000,10.000000
320.061754,117.240273,10.000000,10.000000
322.789650,116.834738,10.000000,10.000000
324.662297,116.802948,10.000000,10.000000
327.439839,116.120589,10.000000,10.000000
330.246944,116.304187,10.000000,10.000000
332.870143,116.366744,10.000000,10.000000
334.900499,117.085119,10.000000,10.000000
337.102945,117.327430,10.000000,10.000000
339.792369,117.194137,10.000000,10.000000
341.336606,117.052641,10.000000,10.000000
344.228835,115.139703,10.000000,10.000000
346.550164,116.675043,10.000000,10.000000
348.680356,116.314506,10.000000,10.000000
350.718296,116.595456,10.000000,10.000000
353.684150,116.017681,10.000000,10.000000
354.605569,114.516360,10.000000,10.000000
357.516314,115.277674,10.000000,10.000000
359.401997,117.197353,10.000000,10.000000
362.504744,115.507569,10.000000,10.000000
362.695988,113.313183,10.000000,10.000000
366.172953,114.692437,10.000000,10.000000
368.598420,114.943813,10.000000,10.000000
370.523578,117.152273,10.000000,10.000000
372.038271,114.077911,10.000000,10.186252
375.879460,115.647921,10.000000,10.000000
378.560050,115.038552,10.000000,10.000000
382.062129,116.625449,10.000000,10.000000
384.806157,116.569710,10.000000,10.000000
386.847704,114.019430,10.000000,10.000000
390.200918,114.851771,10.000000,10.000000
393.312619,115.580265,10.000000,10.000000
396.274199,115.063162,10.000000,10.000000
398.963452,115.322460,10.000000,10.000000
401.084428,114.764167,10.000000,10.073937
405.009669,116.639438,10.000000,10.000000
407.747724,115.691189,10.000000,10.000000
410.124908,115.732091,10.000000,10.000000
413.406234,116.830075,10.000000,10.000000
416.574906,117.204789,10.000000,10.000000
418.647997,117.359663,10.000000,10.000000
420.800512,116.176091,10.000000,10.000000
424.613005,116.366708,10.000000,10.115803
427.786763,116.432376,10.000000,10.000000
430.470704,117.035581,10.000000,10.000000
433.420248,115.055057,10.000000,10.000000
435.079357,114.483769,10.000000,10.249945
436.579856,115.116842,10.000000,10.000000
440.541866,116.151431,10.000000,10.000000
443.607941,116.929566,10.000000,10.000000
446.029150,117.028065,10.000000,10.000000
449.127521,117.907104,10.000000,10.000000
450.862528,118.384881,10.000000,10.000000
452.736204,118.903057,10.000000,10.000000
453.462041,118.515540,10.000000,10.000000
455.491209,116.212441,10.000000,10.000000
455.203965,115.656475,10.000000,10.154433
456.558324,117.407259,10.000000,10.000000
456.784471,117.612698,10.000000,10.000000
457.177618,118.981673,10.000000,10.000000
455.183804,118.165614,10.000000,10.000000
455.534030,119.067424,10.000000,10.000000
453.682308,119.986445,10.000000,10.000000
451.491561,120.210619,10.000000,10.000000
448.770332,120.461031,10.000000,10.000000
444.232653,120.520325,10.000000,10.000000
442.282804,119.614626,10.000000,10.000000
438.912992,119.719572,10.000000,10.000000
434.069522,119.193665,10.000000,10.000000
429.578744,119.882719,10.000000,10.000000
423.971718,119.908520,10.000000,10.250322
419.173067,118.276279,10.000000,10.400139
413.873375,118.618221,10.000000,10.537999
409.340303,118.993000,10.000000,10.000000
404.959463,117.291960,10.000000,10.000000
400.203307,116.358956,10.000000,10.577292
396.144580,116.476463,10.000000,11.277771
391.976673,117.535759,10.000000,10.399051
388.468885,119.427721,10.000000,10.739674
385.250441,119.795160,10.000000,10.000000
381.479168,117.738655,10.000000,10.000000
379.280371,118.650067,10.000000,10.000000
376.529397,119.213796,10.000000,10.000000
373.402816,119.065155,10.000000,10.000000
371.689677,117.967934,10.000000,10.000000
368.078669,118.134267,10.182549,10.638021
364.456969,115.801637,12.107396,11.537711
362.318483,118.429742,10.000000,10.000000
361.326082,119.263176,10.000000,10.000000
359.374920,119.515213,10.000000,10.000000
357.400326,118.287209,10.000000,10.000000
355.452080,119.566485,10.000000,10.000000
352.362416,119.099586,10.000000,10.000000
350.242751,119.329066,10.000000,10.000000
346.947574,118.932389,10.000000,10.000000
343.181254,118.447754,10.000000,10.000000
340.559424,119.368007,10.000000,10.000000
336.504914,118.209463,10.000000,10.000000
333.359074,117.785227,10.000000,10.000000
331.189159,118.658180,10.000000,10.000000
328.718638,118.918972,10.000000,10.000000
325.044710,117.326289,10.000000,10.000000
321.571329,119.451348,10.000000,10.310528
318.572298,117.696306,10.000000,10.000000
314.692318,117.880135,10.000000,10.000000
312.338732,118.688501,10.000000,10.000000
310.261987,116.701908,10.000000,10.000000
308.090355,117.980785,10.000000,10.000000
305.603040,118.960709,10.000000,10.000000
301.935108,118.078513,10.000000,10.000000
299.236305,119.107625,10.000000,10.000000
296.781860,118.462032,10.000000,10.000000
293.007577,119.097341,10.000000,10.000000
289.161692,117.236689,10.000000,10.000000
286.352309,118.597868,10.000000,10.000000
282.702257,118.892797,10.000000,10.000000
278.507566,118.663970,10.000000,10.000000
274.303450,116.830525,10.000000,10.000000
272.378813,117.826506,10.000000,10.000000
269.693044,117.778431,10.000000,10.000000
266.588980,118.667328,10.000000,10.000000
263.180500,118.699685,10.000000,10.000000
261.052333,118.130232,10.000000,10.000000
257.179713,117.839657,10.000000,10.000000
254.165940,117.970464,10.000000,10.000000
248.860540,118.920676,10.000000,10.000000
243.214802,118.489966,10.000000,10.000000
239.651405,117.461034,10.000000,10.000000
234.052413,116.749342,10.000000,10.209547
230.264233,117.368734,10.000000,10.000000
225.985759,115.243536,11.989264,11.736693
223.495788,116.665886,10.000000,10.000000
220.880258,116.947369,10.000000,10.000000
216.585226,117.378647,10.000000,10.000000
213.684139,117.534792,10.000000,10.000000
211.123960,117.532904,10.000000,10.000000
208.763900,115.809253,10.000000,10.000000
205.150357,116.059786,10.000000,10.000000
202.659125,116.826768,10.000000,10.000000
199.630291,117.768461,10.000000,10.000000
196.536659,116.925749,10.000000,10.000000
195.519344,117.171330,10.000000,10.000000
194.376162,117.142316,10.000000,10.000000
195.190360,114.969041,10.000000,10.000000
195.776618,116.407373,10.000000,10.000000
196.698150,115.835562,12.562041,11.513844
196.770967,115.228444,10.000000,10.000000
196.932947,115.411674,10.000000,10.000000
198.131638,117.676424,10.000000,10.000000
198.796151,115.312127,10.000000,10.000000
197.433120,114.756941,10.000000,10.029276
197.897223,116.343036,10.000000,10.000000
197.314169,114.861561,12.360146,11.343191
191.795918,110.769000,25.640965,17.551682
191.375712,104.210616,42.148247,25.862785
219.005808,98.294440,22.081154,18.588493
214.918716,102.837729,11.902360,14.969232
213.781696,99.985693,16.259829,11.310277
214.456372,100.689244,17.045475,15.582250
222.345461,102.873575,21.118324,17.869959
215.914356,100.162132,14.871893,14.436812
215.578990,98.767095,12.569550,10.318363
214.983636,99.639533,19.654646,11.850049
224.932813,102.005311,12.730712,10.902755
219.010715,100.932796,18.326746,15.192169
216.593619,101.137804,24.766613,15.993838
217.828244,100.418862,13.922760,12.243732
219.891351,102.679498,16.517473,13.759209
216.967762,102.854675,19.286732,15.231825
209.429162,101.958321,33.109570,25.995253
251.819429,119.492736,11.206659,10.377960
252.746851,120.124684,10.000000,10.000000
252.716263,119.369533,10.335064,10.000000
253.255309,119.390326,11.082709,10.000000
251.645930,118.150058,13.652771,10.941668
253.088721,120.743645,10.000000,10.000000
255.347426,119.239739,10.000000,10.000000
251.058499,116.380639,19.603203,13.942460
252.556231,115.033275,23.026426,16.849293
244.057578,111.472157,34.617100,21.483429
249.859152,112.598812,31.003111,22.781412
237.220817,111.717856,42.924961,26.990009
235.379918,117.788301,22.543495,23.433363
229.820065,120.276679,22.934565,22.499043
222.427585,121.576526,38.615322,25.267818
233.965220,125.921270,23.352825,22.930273
223.789056,120.975477,39.676796,26.755224
218.835084,102.341590,20.296150,18.273815
225.021190,102.268793,13.239856,12.059844
223.125052,101.332359,15.826287,11.837466
227.019903,102.457623,14.911356,12.677889
220.628330,101.960022,18.431120,14.144876
215.608139,101.147534,18.292177,12.942825
213.236830,102.372093,23.092646,16.996065
212.601907,104.276691,23.159199,18.524225
211.717937,102.998851,23.906233,17.510853
214.751719,101.562910,22.730293,19.580702
204.504085,116.858270,13.152504,13.088553
205.497571,117.399222,13.148088,13.527226
212.299263,118.844664,11.090182,10.527524
217.243138,119.160670,11.244908,11.618642
220.297672,119.713398,11.137862,11.361083
223.897471,119.478321,10.638787,11.162219
226.847762,120.267180,10.000000,10.258766
230.363045,120.415153,10.267964,10.000000
231.294272,121.111044,10.891682,10.533564
232.730677,121.343868,10.000000,10.000000
233.460477,121.902263,10.000000,10.000000
235.184705,120.824793,10.000000,10.000000
236.839266,119.115464,11.445346,10.999078
236.942555,119.838234,10.396882,10.734531
236.417185,118.059395,14.448844,12.049129
236.573558,116.607818,14.767731,12.394535
231.906945,114.390061,21.501041,16.364206
235.196981,113.023317,14.345882,14.370949
236.873008,116.097079,14.990074,12.442080
234.589118,115.751322,15.316734,14.545596
230.035288,111.474215,25.581511,18.441797
231.042173,111.400869,36.316032,23.634724
266.578922,107.584511,13.744151,14.422485
257.073131,105.026461,24.384739,22.659338
260.511327,102.571520,13.830315,14.731857
259.664098,103.092126,15.959481,12.532754
255.326785,101.170185,11.306993,10.063637
265.389838,102.064753,12.476000,10.000000
263.222088,100.927567,14.063124,12.289205
255.711886,99.483396,10.069955,10.000000
257.074579,101.188679,23.640936,13.632667
257.879959,101.814926,20.698999,15.206862
253.699727,100.434927,11.674363,10.364867
256.832799,100.920508,19.356350,12.361957
257.511140,103.250507,13.451797,14.524048
259.537847,103.807770,14.318287,14.482131
257.096451,103.053128,14.971328,14.060493
256.669715,102.857265,13.875920,14.547836
257.783626,103.895250,23.203854,16.988972
257.580313,105.494656,14.028410,15.395735
254.518960,105.344805,15.154706,16.820934
254.465540,104.128838,16.824266,17.254858
257.013550,106.727054,18.964697,16.063835
259.205171,104.584430,20.877338,18.461464
267.207469,107.977124,12.212921,14.098379
260.396746,107.895766,18.956121,16.806036
261.450577,107.384149,19.088816,18.397232
258.073302,105.106214,22.281248,20.258148
257.778400,104.443350,16.684101,18.182259
264.009363,105.562512,16.081808,16.429720
260.282078,106.755819,20.007044,17.379021
256.877580,103.667666,18.068405,16.232382
257.356394,104.390949,19.991400,14.304774
267.882163,108.906085,11.462124,12.877164
257.706684,104.156585,14.612102,15.642672
255.793273,104.274201,18.257927,14.801523
259.903421,103.565808,15.264690,13.022986
267.559831,105.572965,11.946796,16.158794
261.607792,103.209362,14.120986,15.114673
262.880876,103.931029,16.565155,15.176307
253.558954,102.305134,12.671844,11.533936
264.554104,104.490566,14.107661,10.803707
266.611106,103.301080,13.859280,12.587866
269.977609,104.780238,19.219025,14.929380
256.255283,103.232066,13.286098,14.369375
266.398683,105.493745,12.338218,11.310311
263.292273,104.665818,16.141562,11.628255
259.600234,104.196488,20.275021,11.926757
261.747650,105.085161,17.640146,16.930004
268.135919,105.368622,14.686676,12.965805
262.748100,101.820249,33.345173,24.450069
265.781212,101.563977,25.947100,17.421621
259.171771,105.214619,20.270863,17.424116
258.814801,103.867280,24.893013,19.267118
260.614557,104.339847,18.550819,17.608315
263.239133,104.985435,25.044350,17.914810
292.944270,124.439014,10.000000,10.000000
292.135552,123.172802,10.537792,10.000000
293.010147,123.365150,10.000000,10.000000
293.051994,123.258728,10.000000,10.000000
293.336386,123.256364,10.000000,10.000000
292.910443,122.717969,10.386672,10.000000
292.735706,123.306500,10.000000,10.000000
293.012778,123.747273,10.000000,10.000000
293.145773,122.146685,11.295969,10.138405
293.128716,123.314141,10.000000,10.000000
291.693493,122.209291,12.930334,11.789343
292.897971,122.733526,10.000000,10.000000
293.043910,122.279838,10.438622,10.000000
293.151214,122.991638,10.000000,10.000000
293.379213,123.069138,10.000000,10.000000
293.700356,123.097252,10.000000,10.000000
291.236826,122.261894,13.240252,11.306457
292.130577,123.084663,11.846581,10.954464
293.271902,122.429715,11.727362,10.260420
292.038082,122.371501,11.565972,10.505166
292.377622,123.700889,10.666121,10.171028
291.532286,122.082006,13.053079,11.466747
290.763301,122.806152,12.038994,10.758767
289.878598,121.850150,13.785228,11.469239
289.499998,120.224098,16.806116,13.642604
287.601792,119.899388,19.548927,16.448298
286.750862,122.465516,17.798227,14.284440
291.554858,122.579805,12.151042,10.434587
289.535892,120.954639,15.596053,12.667332
284.470219,118.920408,21.471130,16.067669
275.769283,117.864770,30.232653,22.930967
266.324385,108.060645,17.821156,20.958254
256.196478,102.820854,13.203260,13.875400
251.944270,104.104741,17.826443,14.991231
251.815748,102.986337,25.642714,17.529041
256.368823,104.933198,30.553150,23.218115
261.407816,108.391413,20.300200,19.550753
256.200165,103.304086,18.348574,17.489048
260.364864,106.101434,22.711939,18.615520
246.004545,100.350837,29.823915,21.563639
236.533655,96.670266,10.655954,11.816465
236.429072,97.751390,11.931229,11.647682
237.392930,97.355807,10.986664,12.395079
239.241950,97.525431,16.316437,12.522624
236.879346,98.728575,14.120373,16.865658
236.522285,110.435268,10.000000,10.016083
233.668396,108.573811,16.613050,13.338214
232.349043,108.570470,25.267107,20.655031
238.065233,110.610773,31.438593,22.863396
266.067880,108.459749,13.851237,15.442986
259.551174,105.154310,15.281176,12.870350
256.379652,104.166438,19.104132,12.871083
263.095683,106.276234,12.513599,10.426828
255.081514,104.378825,10.362126,10.000000
252.549883,102.776496,18.046780,12.681633
247.067484,98.255280,17.743774,14.343466
254.540977,104.569429,14.348683,12.405917
245.351305,96.830468,13.277371,12.761712
255.546539,103.417036,10.822962,10.862921
254.105301,102.622017,16.795254,12.792140
263.528541,105.483240,12.282820,12.021971
263.878303,104.332439,12.151402,10.423134
259.460676,104.162141,15.129354,12.687962
261.031475,103.875192,16.392578,13.444762
262.478458,105.664141,14.196550,13.816996
263.608311,105.052788,11.509121,10.742492
258.909545,103.152532,13.701240,11.611999
263.900799,104.989814,11.933927,10.347074
259.362710,102.785684,14.432886,13.441967
262.748698,104.759309,11.749979,10.000000
261.934045,103.622496,13.764891,12.722547
262.990746,104.587042,14.523056,10.789614
262.282632,104.613800,12.418993,10.095003
264.951469,105.531593,11.302670,10.000000
264.146891,103.894129,12.556530,10.673793
263.861008,104.223941,12.751285,10.121350
265.208983,104.995744,12.347710,10.000000
264.954308,105.939751,11.884273,10.038828
265.275079,104.211007,11.490823,10.027445
265.102997,105.036547,10.036648,10.000000
265.334426,104.071337,10.000000,10.094021
257.385772,97.380158,12.782705,14.533893
259.733574,98.652777,12.803720,12.274283
267.492451,104.571892,10.170265,10.000000
266.525332,105.605173,10.625744,10.000000
263.484955,103.086827,18.320723,13.909660
260.551230,97.376649,12.708622,12.500685
254.879852,104.030463,10.000000,10.000000
254.431984,101.819806,14.494101,11.012047
254.168626,104.002549,10.000000,10.000000
254.921062,103.287561,10.000000,10.000000
254.387918,103.771341,10.000000,10.000000
255.538106,103.424385,10.000000,10.000000
254.514149,104.575655,10.000000,10.000000
254.556064,103.555617,10.245204,10.000000
254.904106,104.228850,10.860333,10.000000
254.747459,104.176546,10.786848,10.000000
254.471331,104.159412,11.142639,10.000000
254.148680,103.691273,13.533795,10.000000
253.704831,104.566347,10.375092,10.000000
260.068507,105.060645,10.916191,10.000000
258.685282,104.750326,12.130041,10.000000
261.715030,105.845977,11.669806,10.000000
257.540721,105.099633,14.485222,11.343618
264.409337,104.944664,10.000000,10.000000
263.622489,105.241277,10.369389,10.000000
262.939653,104.666999,11.859621,10.000000
263.774672,105.102392,11.043290,10.000000
263.928491,104.596536,11.080404,10.000000
264.211674,104.354567,12.784931,10.000000
262.371567,105.233491,13.357708,11.088046
263.679770,105.691250,11.754048,10.367279
263.357352,104.827737,14.075935,11.730497
256.972463,103.290977,11.537615,10.000000
257.010607,103.289711,10.170896,10.000000
255.942655,103.520442,11.133139,10.000000
258.554679,103.718008,15.298107,11.399362
264.942942,104.938255,13.379852,10.422965
258.554391,105.472672,15.339542,11.505718
257.227261,104.393688,16.297825,12.714895
259.462912,103.225493,15.946922,12.317662
259.587498,104.866470,17.179607,15.480983
259.692219,105.165532,16.801571,16.280960
254.301011,103.725816,32.619053,25.050039
294.335880,124.793011,11.498031,10.316316
294.662165,121.958403,14.269227,11.549076
283.204298,120.263673,27.005602,18.811279
260.016358,112.305230,59.611843,42.098450
293.262904,113.996528,32.967354,27.721163
297.039373,122.569878,14.009279,12.885148
291.027607,121.688925,17.441648,14.013494
279.763101,132.120940,16.940355,17.017551
265.875973,119.430629,46.225666,31.549459
294.023441,120.761169,12.384925,13.912856
293.146695,124.093844,11.820820,10.532403
291.429174,121.976518,14.947405,12.973807
289.919739,117.644674,18.902193,15.204641
287.435941,115.677581,21.768759,18.280361
294.248818,124.733410,10.130273,10.000000
294.653350,124.694859,10.000000,10.000000
292.363376,120.948802,15.074272,13.531566
284.301836,118.250272,25.516882,19.043770
294.922762,123.280746,11.971220,10.763712
294.281517,122.630173,11.042724,10.000000
294.085070,124.620348,11.391191,10.322042
294.020487,123.806115,12.168665,10.433497
293.708938,123.072491,11.548350,10.321709
294.406986,125.154233,10.929927,10.355346
293.204610,123.664655,12.461129,11.224898
293.591223,121.948055,13.314826,11.703497
292.823608,122.544257,14.474434,12.034290
300.590762,110.744124,11.045053,12.237239
294.312852,98.359536,11.883747,12.978858
294.039096,97.088920,14.600071,12.998706
296.097683,99.355900,16.400244,17.920687
290.833089,97.868106,26.768925,23.735943
291.003009,97.315350,18.201538,22.884758
291.800431,97.836897,20.181341,19.760878
283.184856,95.388228,32.794792,21.793140
293.763026,94.968344,17.314478,16.264072
296.822240,96.812802,15.668980,15.877313
293.604269,98.361246,22.216021,20.724028
288.150712,97.199482,33.880077,27.672686
296.049110,97.498007,15.439933,28.801405
287.055625,110.215944,27.231987,24.945066
288.708413,112.482477,32.468861,23.765669
293.266099,123.812120,13.618465,12.883108
293.909397,124.484756,10.187483,10.000000
294.074444,123.339520,10.929931,10.000000
291.622106,122.821416,14.479900,11.505100
283.909682,119.731743,22.811422,16.084959
282.269916,113.140385,31.606434,22.517017
280.134179,116.913202,34.468437,22.182375
260.504813,109.881593,61.574879,43.906193
270.155818,107.450061,44.582211,35.179749
301.411505,93.755380,15.432775,21.778246
304.223927,97.944012,14.710192,16.104015
304.139157,98.082934,16.947580,13.473019
299.893839,97.319793,24.607244,17.752142
308.518640,97.419776,10.749962,11.178574
309.465044,97.502807,10.086699,11.145895
311.537114,97.726165,10.000000,10.654574
307.580696,97.892592,13.589669,11.905773
311.769291,97.921805,10.717718,11.064633
313.730665,98.093897,10.732515,10.091867
315.239139,97.712790,10.581907,10.000000
316.126920,97.677235,10.000000,10.000000
314.213925,96.957631,11.683891,11.004058
312.303571,95.604830,18.339025,14.161408
306.570737,95.577276,24.962166,21.264391
303.980141,88.526378,45.329430,29.989798
316.730173,95.180365,16.225531,15.160811
314.536232,92.611717,28.808596,19.659847
318.662839,89.692396,39.109856,28.344887
328.221437,97.248401,29.370771,27.208387
318.818593,121.743129,16.821579,13.228865
319.502841,122.403198,14.907131,13.615350
326.274485,123.934638,10.081402,10.000000
330.491829,124.582908,10.000000,10.000000
334.303530,124.244755,10.062961,10.000000
338.916916,123.905872,10.434342,10.000000
344.010881,123.940417,11.797917,11.036509
343.783258,121.525951,15.025827,13.396614
337.621121,114.895308,21.551750,17.530447
321.958285,105.766166,15.376900,16.422417
327.344109,106.992808,19.613392,20.345812
331.486307,106.047156,20.727501,18.269976
328.366663,103.002543,37.217270,27.224237
348.093598,103.658139,29.191715,23.131428
342.556774,109.254024,13.222356,12.797005
342.175108,107.734966,20.094643,20.468525
325.457906,122.109779,12.424704,13.567089
330.010698,124.346869,10.000000,10.000000
333.899170,125.046930,10.000000,10.000000
337.226198,125.247506,10.000000,10.000000
340.514026,125.815522,10.000000,10.000000
339.877262,121.739599,11.389629,10.969305
347.620274,125.006656,10.000000,10.000000
349.838080,125.602527,10.000000,10.000000
352.538526,123.951343,10.000000,10.000000
354.472245,124.191146,10.000000,10.000000
354.187677,122.564198,11.473060,10.000000
360.284562,123.574106,10.000000,10.000000
363.141442,124.561644,10.000000,10.000000
365.261659,124.242865,10.000000,10.000000
366.204186,122.755831,10.000000,10.000000
369.150801,122.610885,10.000000,10.044936
371.916800,124.713600,10.000000,10.000000
372.391759,124.276269,10.000000,10.000000
372.865197,124.208843,10.242566,10.000000
377.209767,125.659378,10.000000,10.000000
378.648860,125.785599,10.000000,10.000000
379.170845,125.457438,10.000000,10.000000
380.561308,125.989841,10.000000,10.000000
381.410506,127.455937,10.000000,10.000000
381.381985,126.484071,10.000000,10.000000
381.669580,126.225798,10.000000,10.000000
379.430155,124.966607,10.000000,10.000000
