109.000000,104.000000,23.000000,20.000000
108.043227,103.309269,23.581263,18.942055
109.162116,103.781684,23.135790,18.819956
108.891906,103.658049,22.851473,18.868893
109.413956,103.744410,22.955269,18.905064
109.030183,104.014842,22.910360,18.751551
109.018542,103.690412,23.341486,18.900175
109.149719,103.483187,23.429108,19.087040
109.300744,103.615601,23.450247,18.954063
108.255500,103.568888,23.816431,19.098316
108.961382,104.408133,23.688923,18.712009
109.167706,104.434352,23.780096,19.005800
108.664348,104.109028,24.107355,19.173248
108.421968,103.905103,24.037916,19.159605
109.411655,104.814578,23.681534,19.345667
109.200440,104.738753,23.910978,19.419397
108.539001,104.182494,23.785707,19.702501
108.431301,103.752656,24.142479,19.911566
108.392637,104.276748,23.734402,19.554575
108.403336,104.050409,24.031616,19.851620
109.161902,104.659652,23.855417,19.577684
108.085321,104.811806,24.297436,19.426048
108.147556,105.014684,24.371437,19.373640
108.416466,105.277144,24.117188,19.521662
108.480506,104.445733,24.375498,20.163099
108.863192,105.246716,24.302387,19.862152
108.337137,105.288336,24.573414,20.111423
108.409857,104.792906,24.683361,20.454449
108.180364,105.165414,24.317350,20.224134
108.046279,104.911922,24.739710,20.436586
108.810413,105.561096,24.445572,20.145554
107.464477,105.653672,25.142176,20.304335
107.784130,105.985545,24.931099,20.262072
108.348032,105.945095,25.081081,20.273102
108.574594,105.532047,25.151953,20.114204
108.265509,105.591256,24.984608,20.294058
108.440741,106.422913,24.967442,20.210587
107.665543,105.497498,25.442734,20.495697
108.629380,105.841203,24.668188,20.489782
107.867444,105.984762,25.066534,20.796162
108.663385,106.436360,24.613285,20.893408
108.422019,106.655147,25.147440,20.896006
107.865040,106.631050,25.400230,20.786781
107.483706,106.682791,25.249811,20.713734
107.774563,106.872906,25.534531,20.648788
107.378700,107.162970,25.248787,20.529308
107.923844,107.518313,25.043051,20.499147
107.787447,107.329609,25.240459,20.767609
108.212584,106.520386,25.245686,21.239685
108.164080,106.755102,25.178967,21.135876
107.962092,107.080751,25.334879,21.075565
107.538443,107.417009,25.589451,21.187870
107.593129,107.319121,25.871618,21.200357
106.880836,107.340889,25.895241,21.377174
107.634232,107.101578,25.959587,21.285835
107.534149,108.328108,25.619606,21.034267
107.361564,108.295167,25.608812,21.416655
107.324098,107.863416,26.133352,21.523626
107.354605,108.151801,25.447750,21.424860
106.876973,107.735361,26.459333,21.711506
106.930666,107.594042,26.253979,21.818485
107.089153,107.800136,25.951813,21.707186
106.672370,108.626539,25.931383,21.731892
106.960236,108.792417,26.364464,21.605803
106.915041,108.341516,26.810291,21.764776
106.894289,108.607784,26.108379,21.820961
106.590019,108.319901,26.735062,21.872137
107.460349,108.814242,26.311647,21.838793
106.359303,108.397565,26.482582,22.483473
106.453761,108.456504,26.555269,22.674074
107.179962,109.231963,26.442673,22.818369
106.678301,109.366504,26.888386,22.363237
106.494627,109.610967,26.911610,22.111975
106.835885,109.250077,26.757330,22.345587
106.869736,110.276103,27.145851,22.364473
106.770421,109.418335,26.535078,23.100601
106.986331,109.848699,26.384745,22.733404
107.145130,110.207349,26.624634,22.825796
106.989914,110.013386,26.539398,23.023422
106.833851,110.229642,26.882553,22.812513
107.237565,110.074525,26.968252,22.940496
106.671320,110.036686,26.755131,22.940910
106.961793,110.208141,26.922506,22.852715
107.298944,110.458848,27.083609,22.932867
106.724904,110.736590,27.259085,23.365480
106.725554,110.937376,27.277834,23.479420
107.264367,110.899853,27.617262,23.210037
106.932368,110.856415,27.577875,23.290535
106.725623,111.104397,27.110758,23.172729
106.787007,111.968957,27.539335,23.516790
106.264760,111.395898,27.790831,23.896551
107.325568,112.381614,27.240961,23.552668
106.854465,111.916185,27.792717,23.975002
106.726909,111.831105,27.909052,23.981688
106.859995,112.170349,27.793056,23.795433
107.213523,112.341043,28.188883,23.767851
107.426161,113.222921,28.036098,23.776546
107.964818,112.769946,27.936300,24.032160
107.253311,112.475622,28.211342,24.266216
107.251372,113.108361,28.299929,24.398222
107.989405,113.483763,28.155804,24.365597
106.742482,113.510454,28.778639,24.314045
107.860463,113.183309,28.372663,24.224188
107.468850,113.543734,28.335814,24.331577
107.568682,113.615726,28.452686,24.433594
107.705587,113.603850,28.610600,24.869287
107.426599,113.494269,28.632032,24.874353
108.651573,114.752870,28.251686,24.640142
108.154773,114.549239,28.700289,24.837450
108.590346,115.353693,28.700083,24.660961
108.619345,114.660128,29.458904,25.287113
108.923282,115.201242,29.377939,24.964024
108.813125,114.957433,29.136713,25.299788
108.715750,115.300968,29.263103,25.301315
108.566971,116.076232,29.557823,24.914934
108.568020,115.739900,29.680733,24.845961
108.500900,115.305682,30.043869,25.174898
109.197183,116.304810,29.476744,25.293709
109.170938,115.693249,29.817862,25.688042
108.824594,115.992240,29.795422,25.722361
109.614103,116.913691,30.022404,25.304462
109.550422,116.652824,30.176775,25.229210
109.616618,116.573466,30.385492,25.319796
110.072767,116.651813,30.593464,25.436563
110.555567,117.710887,29.973484,25.331133
110.067921,116.742187,30.481628,25.885584
109.894581,117.385160,30.589478,25.736866
109.933045,116.714830,30.659163,26.022358
110.155869,118.019059,30.709167,25.222296
110.089031,117.489547,30.647118,25.440210
111.078967,118.445989,31.223757,25.344526
110.787081,117.509475,31.282635,25.741190
111.522449,118.996095,30.771820,25.320791
111.047458,117.587852,30.997042,25.901781
111.096703,117.632257,30.811172,26.263922
110.924669,117.773446,31.013554,26.559027
111.387218,117.623879,31.742859,26.571241
111.278814,119.026177,31.797115,26.288176
111.653833,118.143615,32.808010,27.048479
111.978752,118.232194,31.677490,26.646513
112.530748,118.963499,31.814846,26.415722
112.911596,118.936369,31.666752,26.911243
112.691562,118.468972,31.886698,27.139196
112.132957,119.020414,32.561668,27.093990
112.616278,118.440188,32.446476,27.845415
112.733429,118.614897,33.286797,27.744137
113.676315,119.421038,32.434845,27.430660
113.051102,120.031562,32.676498,26.721758
113.552731,119.486663,32.512375,27.411066
113.542665,120.077184,32.874477,27.079809
113.430426,119.305231,33.565479,27.590855
114.001972,119.949542,33.638565,27.454454
113.949720,119.581823,33.486691,27.899555
114.413944,119.976820,33.775391,28.195728
114.805384,120.198601,33.570560,28.095139
114.512751,119.656609,33.693623,28.360184
115.348131,120.735566,33.672398,27.367666
115.263945,121.089447,33.846508,27.791054
114.819780,120.957734,34.075283,28.491308
115.619457,120.308214,34.209091,28.495701
115.865103,120.603720,33.998188,28.674206
116.099337,120.916679,34.383472,28.652222
115.959494,120.747638,34.833904,29.283976
116.265236,120.950959,34.974617,29.344282
116.413748,121.134201,34.858974,29.311096
116.002142,120.604838,35.346195,29.652910
116.570364,121.849499,34.833378,28.904800
117.161604,121.416671,35.511585,28.825747
116.436680,120.971033,36.168343,29.616062
117.361395,122.123500,35.254505,28.859362
117.324091,121.081522,35.596951,29.772495
117.386541,122.268043,35.158558,29.606241
117.607878,121.956050,35.931980,29.760180
117.824718,122.428684,36.160011,29.606934
118.384203,121.660116,36.397091,29.791714
117.836842,121.764791,36.419945,29.733885
118.747730,122.061427,36.284187,29.692019
118.959608,122.690146,36.049702,29.661905
119.397545,122.696997,36.892426,29.866375
119.477028,122.682947,36.640640,30.266071
119.188602,122.350487,36.451103,30.533760
119.827162,122.482698,37.134556,30.173100
120.100214,122.467092,37.154034,30.634535
120.122736,123.004228,36.832684,30.749685
120.382311,122.412033,37.368847,31.280891
120.120924,121.845654,37.025928,31.716339
120.629446,122.323645,36.994099,31.453472
120.419815,121.892838,37.666687,31.904793
120.559340,123.163523,38.116673,31.245899
121.153381,122.644142,38.087784,32.241463
121.767376,122.877991,37.334511,32.034996
121.783762,123.165247,37.960430,32.153248
121.696354,123.416712,38.083504,32.083210
121.991644,123.586712,38.296162,32.304214
122.396042,123.586952,37.990341,32.176353
122.908409,122.670542,39.051758,32.533482
123.198442,124.138299,38.497524,31.936209
123.102249,123.028948,38.579803,32.051929
123.261486,123.517824,38.722633,32.231495
123.474140,123.366549,38.906700,32.647266
124.185482,123.834553,39.372810,32.795761
123.759497,124.160906,39.495380,32.488560
123.796024,124.235987,39.388725,32.723957
124.385826,123.403788,40.683792,32.779224
124.915684,124.361002,39.984779,33.024052
124.557913,123.509514,40.429493,33.916847
125.331991,123.885445,40.666050,33.767036
125.557068,124.201380,40.601852,33.736423
125.967916,123.528366,41.074589,33.434837
125.792360,123.587469,40.658993,33.939739
125.557743,124.263422,41.098442,33.892780
126.431204,124.408669,41.404621,34.097542
126.288132,124.184402,41.112869,34.409599
127.054882,124.416012,41.831642,34.102417
127.155079,125.152910,41.644768,34.082157
127.557220,124.357718,42.350388,34.407833
127.682352,124.794033,41.893154,34.777786
127.959450,124.674849,42.692780,34.435543
128.591726,124.770529,42.283268,34.817547
128.157415,125.125423,42.398808,34.710190
128.986042,125.302496,42.759361,34.965221
128.826729,125.531225,43.012573,34.703335
128.915508,125.666603,43.397057,35.052696
129.152494,124.425661,43.731876,35.529591
129.247112,125.035538,43.465508,36.038841
129.895653,124.519766,44.310928,35.611782
129.804491,125.010841,43.360592,35.933708
130.734480,125.016031,44.319508,36.284855
130.670841,124.829372,44.667900,36.379852
130.533180,125.531767,44.506287,36.140285
131.159054,125.271641,45.106956,36.462784
131.166218,125.171099,45.258537,36.709690
131.141262,124.527359,45.454170,37.076271
132.031538,124.685095,45.960377,37.377209
131.788189,125.277035,45.909752,37.903427
132.268644,124.621555,46.302586,38.085693
132.806269,124.477329,46.534603,38.459839
133.004539,124.760447,46.454224,38.774143
133.549614,125.280443,46.686264,38.579105
133.574799,124.332914,46.828949,38.879238
135.031807,125.286892,46.403931,39.202179
133.854790,125.049603,46.937759,39.833267
134.453415,125.598234,47.115845,39.210064
134.924463,125.086546,47.713100,39.410076
134.957573,124.891937,48.085999,39.552879
134.779690,125.497614,47.573174,39.588047
134.934980,125.691935,49.308872,39.918766
135.396936,124.706583,48.656094,40.852726
136.995646,125.137543,48.651470,40.286629
136.806276,125.514620,48.816387,41.403187
137.363939,125.695141,49.305965,41.252563
136.577467,124.880978,50.024387,42.125763
137.002193,125.585302,50.275108,41.428951
137.309071,125.664682,50.509407,41.642750
137.964201,126.491590,49.840244,41.307095
138.019835,126.323599,51.737080,41.986523
139.382530,125.569029,51.289795,42.224728
138.516548,125.938213,51.123779,43.164688
139.418234,125.628860,52.440647,42.666435
139.074648,126.039824,52.203838,43.112148
140.333147,125.575750,52.876553,43.256817
139.726526,126.307570,52.756084,42.974422
141.092857,126.736385,52.658218,43.403488
141.589930,126.854248,53.823132,43.968208
141.043983,127.018900,54.436691,44.150654
141.890127,125.765276,54.089436,44.813374
142.902687,126.032286,54.842804,44.789196
142.350609,126.606834,54.919693,44.563759
142.886902,126.930777,54.829437,45.018795
143.041338,126.278572,55.327084,46.194954
144.823963,126.483641,54.593483,46.354107
144.595512,126.032980,55.076553,47.163876
144.572355,126.308666,55.936375,47.442429
145.357132,126.333561,55.818008,47.557602
144.687243,126.351604,57.025829,48.200211
146.897465,127.363798,56.618233,48.511044
146.412634,126.383072,57.263920,48.716728
146.912018,127.519735,57.518158,48.327084
147.092150,128.168980,58.699139,48.563507
149.230799,128.288431,57.963680,48.774693
147.752934,128.505344,60.321053,48.268555
147.955345,128.345602,61.240479,48.210415
148.041906,128.983398,61.420887,49.159218
148.429434,127.997892,61.616718,49.195827
149.255802,128.787615,61.787056,49.827656
149.821201,128.377028,61.918159,50.118572
150.368004,129.127172,63.080276,50.174129
150.490921,129.665167,62.790436,49.812756
150.274616,128.876085,64.272453,50.661396
152.196072,129.345232,62.880608,50.849079
152.037941,129.824757,64.399536,51.683807
151.891460,129.696903,65.156166,51.917526
152.347893,129.656090,68.213516,52.562218
153.636036,129.175901,65.860710,53.014919
153.269421,129.759426,67.307930,53.456055
153.782688,129.944042,67.551903,53.949600
153.396175,129.827396,68.669807,53.318054
155.169094,129.959429,68.454750,53.555592
155.280231,130.072241,68.748970,54.572079
155.466461,130.250809,69.467850,55.225426
155.331257,129.471489,71.223518,55.701057
156.114609,130.210297,71.204971,55.800957
156.445282,129.253136,72.150223,56.603203
156.785229,128.918941,71.020058,57.183655
157.143810,129.490997,73.370552,57.632866
157.781521,128.746544,74.024879,58.551247
158.203545,129.527271,73.170517,57.976120
158.367725,129.137218,75.883446,58.776642
158.656261,127.851543,75.789558,59.307648
158.477207,127.456593,77.443169,60.011398
158.007690,125.796757,76.933167,60.986008
158.428539,122.663210,78.970772,62.193470
158.373917,117.736404,78.312836,64.416130
157.855766,112.395271,78.928482,64.768562
157.771980,104.569942,81.363968,66.209015
158.502594,97.900856,81.223083,66.021706
156.967598,91.142464,83.556564,67.207283
159.187260,83.781002,83.085686,67.619690
159.313007,75.656631,83.492577,69.293053
160.663349,69.051750,82.811150,69.084450
159.758152,62.207794,85.631248,68.920586
161.083931,55.279385,85.575607,70.059784
163.998550,55.095898,83.496582,66.939117
165.339195,53.386421,83.969864,66.457130
166.784046,53.239052,84.559502,67.448891
167.708527,52.647827,85.612244,68.036736
167.112362,50.325871,88.430122,69.296646
167.759174,51.041374,89.395287,69.589119
168.848145,50.824642,90.067627,70.276245
169.580482,50.967487,91.877670,70.672897
170.402050,50.992290,92.145699,72.189209
170.901627,51.212055,93.764862,72.520706
172.227531,51.905155,93.573898,74.088608
172.384247,51.746559,95.472931,74.771400
173.415825,52.707378,96.615799,75.600616
173.283672,51.799896,98.043922,76.276909
173.618031,52.111629,100.042809,78.116882
173.890648,52.657444,101.671005,78.758102
174.842819,52.958332,102.764771,78.826492
176.007889,52.423908,104.054321,80.332047
177.351063,52.365658,105.231651,82.103333
178.433388,53.878609,106.166275,83.381447
179.702702,53.518585,107.757896,83.052788
180.361237,52.578835,109.144958,85.370827
182.730049,53.777939,108.875504,86.181877
182.017750,53.306156,111.427147,87.390762
181.263836,52.955276,114.056892,88.497581
181.286163,54.830036,115.222504,88.544296
181.846291,55.216469,115.763962,88.036934
179.769047,55.768322,117.324455,89.478546
178.787670,54.780914,119.958229,90.496971
176.372131,54.783257,122.275818,91.803535
174.893482,54.875343,123.614891,93.619514
174.896927,55.467415,124.800262,95.875069
172.211140,55.288147,127.599968,97.895958
167.010796,55.041386,129.232620,98.438522
164.524811,54.443722,131.722717,101.377594
158.005524,53.240887,132.495056,102.378540
148.712456,53.000534,136.186630,104.107262
140.420509,51.792820,138.551590,105.418472
128.327644,50.892464,143.506516,107.570076
117.789719,51.995598,146.782471,108.763618
107.596329,51.432220,148.789215,112.319969
98.869957,49.907566,148.746597,114.649368
86.637764,50.507462,152.750381,115.718010
76.052208,50.838539,155.347397,117.290840
64.284859,49.493347,159.522903,120.125023
53.005554,47.369843,162.064972,121.524254
40.243279,49.092667,166.380234,121.682487
29.486313,48.487835,170.869629,123.785461
19.206070,48.865208,175.297485,125.166946
13.335648,48.337864,180.073059,127.364578
8.927818,48.431927,181.545456,130.353088
