170.000000,88.000000,29.000000,50.000000
169.715563,86.804661,29.974880,51.441582
170.071879,84.777672,29.811060,52.555847
171.162896,84.980658,29.735060,52.182484
171.515102,84.694946,29.110313,53.127335
172.441208,84.806883,28.292343,52.824299
172.962451,84.295395,27.988764,52.793945
173.227033,84.322800,27.686743,53.280060
173.366555,84.358379,27.765623,53.277351
173.617975,83.855734,27.466351,54.120289
173.385707,84.641989,27.267389,53.523960
173.387905,84.882502,27.248665,52.900661
173.871467,85.253073,27.462435,53.004307
174.179502,85.041363,26.990177,51.956459
173.297713,84.292189,27.019152,52.987202
174.173856,84.796190,26.676168,51.972256
173.362271,85.328316,27.567251,51.658173
172.852588,84.632999,27.675791,50.856911
174.499784,84.280117,26.673788,51.295021
173.313527,84.381100,27.216146,51.369225
173.283702,84.527464,27.465662,50.934666
173.089904,84.908318,27.130114,50.763153
173.044211,84.533140,27.428301,50.756184
172.229831,84.607239,27.515360,51.218460
173.497874,84.677702,27.202188,51.274281
172.503177,84.694876,27.776423,51.137684
172.692740,83.839090,28.002428,50.821056
172.615768,83.694532,29.549362,51.898533
173.362733,84.805599,28.868345,50.692955
172.595233,83.787380,29.451960,51.584694
173.159842,83.094873,31.148973,51.078426
172.704540,82.926056,29.893013,51.906570
172.648705,82.893549,30.839659,52.021648
172.294888,84.223942,28.927313,51.271263
172.334845,84.146372,32.807850,52.293865
171.804286,83.807995,30.029581,51.825096
171.735126,82.799158,27.910044,52.053875
170.577526,83.966143,33.031837,52.467037
170.987446,82.943224,31.745323,52.221523
171.639536,82.365089,31.039532,52.810013
169.807421,82.598917,30.501080,53.073055
169.391509,83.693573,29.658937,51.389099
169.554997,83.544930,28.062490,51.757156
169.752249,82.696753,29.156681,52.376789
168.066855,83.300201,30.018999,52.083145
167.705919,82.720257,29.307781,52.457558
166.697346,83.819674,29.894432,51.090160
167.281235,83.118029,28.976898,50.924404
164.895093,82.988977,30.891775,51.292233
166.987097,82.953152,28.948994,49.853371
164.516800,83.950436,30.524643,50.020485
165.927277,84.531645,28.214523,49.100437
161.137892,83.496536,30.928379,49.788269
162.932306,83.253113,28.713955,50.051895
159.857980,83.434645,30.628294,50.382542
158.312106,82.047653,30.836771,49.950562
158.560675,81.176422,29.983204,50.230591
155.593263,81.492729,30.595366,50.615768
157.273914,80.621870,29.004295,49.433445
155.143240,80.521610,30.071095,49.952995
154.682818,79.903650,29.768930,51.060131
152.397193,79.767883,29.824465,50.297577
153.399241,79.341730,28.618265,50.787136
151.582409,78.932505,29.678429,50.085690
150.247081,78.374889,29.852045,50.786415
149.728873,77.488785,29.848482,49.959747
149.232077,76.935383,29.021275,50.823189
146.926016,76.808352,29.445972,49.774502
145.832707,75.478313,29.869711,50.616920
146.294846,74.647310,28.574402,50.709499
145.097333,73.777214,29.328222,50.080261
144.366515,73.632208,29.342043,51.021000
143.351493,73.109770,29.475298,51.056339
143.806227,72.669186,28.847218,50.239876
142.671246,72.330433,29.106972,50.570045
143.260838,71.599667,28.702797,49.985817
142.130282,70.718494,29.137186,50.523827
141.899072,70.194908,28.722609,50.246384
142.575159,69.910221,28.251232,51.267769
142.286012,69.499063,28.779905,50.362423
142.881824,69.652540,28.025261,51.228291
142.489433,70.065495,28.116547,50.687630
141.629606,70.565247,28.573643,50.720215
142.702996,70.583057,27.874525,51.092155
142.543036,70.137932,28.097721,50.214462
142.156200,70.106651,28.515877,51.469025
142.823249,70.769585,28.096239,51.309982
141.875671,71.729204,28.557861,50.931561
142.128362,71.515053,28.019247,50.019318
142.290096,71.407480,27.714302,51.413418
142.471525,71.850163,27.511906,50.489662
141.799466,72.309937,28.271536,50.925537
142.197296,72.202330,27.192947,51.108067
142.146598,72.402588,27.184282,50.981384
142.159082,73.188118,27.516003,51.056519
142.670185,72.947557,26.900032,50.420513
141.564732,73.426558,28.389259,50.519489
141.867040,72.896685,27.601522,50.225536
141.444496,73.067612,28.078583,50.247528
141.730711,73.546200,27.755878,50.688148
141.207579,74.095547,28.661991,51.188164
141.103128,74.117128,28.494946,49.980145
141.524890,74.160801,28.272928,50.396111
140.961446,74.610212,29.174551,51.152134
141.683344,75.101696,28.556347,50.320564
140.949104,76.041107,29.247986,51.183350
141.638930,76.466843,28.388277,50.599152
141.963944,76.475983,27.768202,50.808273
142.177376,77.110098,28.043808,50.589771
141.555986,76.853828,27.834637,50.537643
141.763778,76.601179,28.075014,50.805958
141.734336,76.852179,27.786409,50.277912
141.583187,76.850342,27.546074,50.799316
141.762995,77.120760,27.964962,50.969662
141.989942,77.628849,27.428442,50.585899
141.282876,79.013168,28.588026,50.804382
141.921250,79.131571,28.008726,50.228680
141.777195,79.562065,28.054436,51.233429
141.285238,80.815300,28.197819,50.022034
141.235161,81.388241,28.219360,50.861427
141.964228,81.067099,28.104382,50.323643
141.582467,81.189838,27.610975,49.788872
141.838578,80.710207,27.914640,50.609158
142.002396,80.616533,27.949387,50.436703
141.440141,81.190639,28.363966,50.721657
141.171711,80.613092,28.321342,50.364758
141.638962,80.900537,28.167221,50.595760
141.755250,81.594154,27.933271,50.343658
142.577199,81.435476,27.627966,50.349140
142.680728,80.819256,27.961893,49.961662
142.695301,81.233797,26.749077,50.081783
142.013221,81.002924,27.774599,49.526119
141.913280,81.105677,28.179787,50.806484
140.404087,80.343721,29.592430,50.018215
141.703135,80.594326,28.149271,50.433983
142.550133,80.768108,27.402451,50.104240
141.632143,80.816296,27.438595,50.049904
142.000125,80.530718,27.511026,50.535442
140.995698,79.929874,28.181944,49.716423
141.161374,79.637684,27.841177,50.498436
140.521650,79.504416,28.454502,50.138706
140.235729,79.259779,28.442635,49.669651
141.156141,79.046810,27.694233,50.237724
141.779114,79.459005,27.290024,50.200230
141.111622,79.111607,28.032219,50.099419
140.763027,78.867853,28.308769,50.033901
141.575317,78.877300,27.792221,50.267525
141.614242,78.322996,28.148653,49.795704
140.570729,78.443266,28.290655,49.685276
140.859613,77.919861,28.054958,49.643250
140.811020,77.341787,28.401306,49.936207
140.697775,77.618208,28.051502,49.193470
140.700776,77.452015,28.501707,50.294304
140.856809,77.167229,28.238989,49.766953
140.868062,77.501923,28.198629,50.151672
141.460447,77.583427,27.999531,50.017593
141.520527,77.001112,28.109184,50.010029
139.551071,77.477123,28.876434,50.430168
141.400601,77.395279,27.705282,50.617050
141.378263,76.955114,28.051884,50.374760
140.756067,77.126209,28.282162,50.082664
141.830283,77.020082,27.728182,50.109676
139.663684,77.557629,28.636881,50.472816
141.611107,77.465269,27.516556,50.748020
141.418476,77.350346,27.918022,49.767006
141.030627,77.738522,27.969370,50.353981
139.702686,77.820042,28.176476,50.027962
141.060786,77.643202,27.754648,50.456409
140.735912,77.409618,27.832497,49.531700
140.851997,77.079592,27.997131,49.759640
139.616919,77.423208,28.307926,50.505894
140.320477,76.992952,27.853460,50.091183
140.106175,77.208950,28.204473,50.870308
140.271805,77.007826,28.132904,50.060551
139.821569,77.062044,28.141575,49.905331
139.839984,77.170162,28.003626,50.772530
140.574763,77.326496,27.933878,50.315331
138.480865,77.594742,28.860857,50.013641
138.809887,76.686028,28.986275,49.543045
140.228733,77.165361,27.853584,50.027279
139.797822,76.924372,28.143034,49.457043
140.046498,76.342400,27.604406,49.554367
138.803753,76.630974,28.679634,50.596161
139.774601,76.849152,27.734077,50.024109
139.681635,76.720402,28.231930,50.092171
140.437820,76.574911,27.561813,50.355488
140.004681,76.183186,28.233437,49.634483
139.906342,76.174421,27.865417,50.486729
139.404625,75.839500,28.714111,50.183960
138.766779,75.655640,28.325924,49.502151
138.484084,76.109852,28.434038,49.615486
139.504099,75.989973,27.800030,50.153965
139.885870,75.763027,27.899082,49.612541
139.620878,75.621954,28.153736,49.422291
138.692462,76.025368,28.263590,50.015366
139.771569,75.226507,27.901991,49.891560
139.134642,75.894304,28.106678,50.050976
139.498961,75.822063,28.085756,50.206413
139.644858,75.988449,28.188219,49.786514
139.567980,75.526426,27.775219,49.587070
138.718922,75.310417,29.097038,49.747543
138.361302,75.717024,29.221869,49.914204
139.748162,76.015272,28.343565,51.291370
140.357745,76.458372,28.018717,50.275379
139.162561,77.058752,28.473034,50.377247
139.996590,77.452543,28.097488,50.762196
139.983109,77.460983,27.680542,49.442245
139.189878,77.587337,28.355183,50.478416
140.066427,77.259199,27.897282,49.960117
139.604615,78.030735,28.049955,49.841103
139.246363,77.595655,28.004269,49.568958
139.694388,77.741547,27.996904,50.206757
139.136182,77.466154,28.093161,49.730076
139.981230,77.784887,27.706409,50.227650
139.194326,77.613960,28.270023,49.668732
139.997624,77.680222,27.691870,50.290482
137.743101,77.109644,29.849277,49.957043
138.284811,76.319998,29.248142,50.061695
139.013932,76.639849,27.770750,50.225201
137.888638,75.793844,28.870125,49.587666
139.385336,74.897482,27.384785,50.454334
138.013496,74.548048,28.851624,49.639301
139.708949,74.848593,27.707026,50.403873
137.414411,74.551683,29.310247,50.202984
138.883045,73.850622,28.332497,49.975422
139.388703,73.952387,27.628157,49.709103
139.487521,73.496725,28.019983,50.028767
140.212490,72.239973,27.932289,49.845280
140.050347,72.483217,27.880873,50.226147
139.190968,71.624538,28.815498,49.749184
138.191829,72.405891,29.026377,49.615479
138.544695,71.906652,28.698513,50.227741
139.092910,71.578766,28.332125,50.869339
140.308800,72.155113,27.490952,50.673355
138.270298,72.895363,28.938652,50.398087
138.572509,71.911171,28.668139,50.614944
139.287424,72.129427,28.065060,50.273022
138.109048,72.236219,28.756102,49.941578
138.379305,73.007681,28.739910,50.441837
138.184525,72.376532,28.776457,49.868137
137.012117,72.972633,28.494106,49.628967
137.614133,72.912655,27.987677,49.782524
137.496325,72.172577,28.145733,49.945084
136.898838,72.695459,28.437279,50.117779
137.184767,72.011133,28.564930,50.567135
137.956499,72.467247,27.737621,49.961395
137.651618,72.630930,28.342928,49.437588
136.968383,73.029451,28.370058,50.104336
137.657760,72.055931,27.711962,50.004715
138.294351,71.781837,27.626295,50.404236
138.120319,72.021585,28.064110,50.435253
136.968344,71.782990,28.954395,49.800446
138.599832,70.847198,27.757246,50.605881
138.801727,70.683598,28.051956,50.135612
137.797917,70.026110,29.428854,49.782116
137.411108,68.418768,29.428303,49.630939
138.742908,67.017899,28.094919,50.285767
138.673623,66.532177,28.801725,49.645943
139.349061,66.354513,27.765684,50.617893
137.264717,65.385139,29.157074,49.797150
136.760974,65.554548,28.135447,49.855228
133.889406,66.282333,28.917980,49.868210
131.523139,66.297710,29.147570,50.113274
127.681520,66.448765,28.868147,49.819572
122.399701,67.096371,30.217520,50.668892
117.704718,67.872423,30.208576,50.110958
115.199647,68.926615,28.565992,48.764111
112.234525,69.198072,29.097372,50.043186
111.577370,68.064486,28.262070,50.140636
112.592705,66.863623,28.080795,49.701923
112.418550,65.135752,29.206875,50.044003
114.088596,62.694357,28.321114,50.509007
115.138490,59.475666,28.803602,50.862984
115.967346,55.547817,28.955124,50.667336
118.613761,51.686964,29.294405,50.379841
120.268525,50.140079,29.904737,49.789940
122.994278,48.081425,29.765747,50.141228
127.602122,48.036776,28.840479,50.572842
128.827069,48.788651,29.008947,50.557129
131.787686,50.484140,29.650595,50.651974
131.839670,52.639528,28.486568,50.231838
130.786355,54.693316,28.125685,50.097301
126.786890,57.730623,29.655956,51.306362
124.395796,59.650385,29.293232,49.783504
120.912319,61.847033,28.774467,50.401257
118.991324,62.548267,28.795000,50.583061
117.768385,64.785101,28.470005,50.049320
117.606701,65.355898,29.213448,51.078854
118.333596,67.752314,29.614546,50.256359
119.052646,69.568666,30.831232,49.978085
124.033072,68.923534,29.399769,50.228081
125.200027,68.074051,30.690536,49.794632
130.189383,67.202717,29.840397,50.677162
132.782313,64.676966,30.583200,49.542599
137.569209,63.351873,29.206995,50.372166
139.540308,61.124540,29.736752,49.369297
141.626599,58.761377,30.241888,49.751842
144.069677,56.314333,28.534107,49.624233
145.151131,53.224133,28.950607,50.228355
146.151830,49.232073,29.931662,50.570873
148.215051,44.462765,30.290892,50.249046
150.388088,41.465231,29.842613,50.033176
153.436916,40.339645,29.514870,49.969131
155.093806,41.860653,29.454569,49.205376
156.196726,42.502571,28.720104,50.748093
155.895255,45.538733,28.481936,50.626637
155.193436,47.831026,28.929886,50.314342
155.367766,51.977444,28.983675,51.377754
156.060820,55.204931,28.715565,50.006901
156.785337,58.790710,28.819630,50.749237
156.110957,61.217237,29.758234,49.967640
157.070283,64.262909,31.376158,50.769989
158.673994,67.666586,30.358707,51.522221
162.043480,71.216133,29.627441,50.037415
162.858694,73.021074,30.517277,49.940304
165.593885,73.948040,29.900578,49.747398
169.340224,73.051691,30.311495,49.760632
173.357589,71.485662,30.469667,50.486820
177.641064,71.959854,30.987755,49.717453
183.035703,71.821884,30.795568,48.650101
188.862371,71.205004,29.217884,48.802486
192.269361,71.018988,30.022282,49.801594
194.694368,71.300726,29.343700,49.401035
198.467006,68.943384,28.872583,49.064983
199.719545,66.280752,30.579327,49.620075
202.292892,63.337290,30.643509,49.408367
205.593323,61.767496,29.253357,49.011654
208.309793,62.620281,29.998638,49.928246
210.292397,63.465004,28.755295,49.898285
211.321022,66.561251,27.394424,49.849483
208.159082,69.585211,30.080837,50.945881
208.504318,73.440214,28.917160,50.695972
206.358331,78.702782,30.285673,50.822617
206.075457,82.623995,28.784756,49.604412
200.403197,86.565283,31.036074,50.862186
196.469229,88.906305,30.088413,49.174450
190.086633,89.054556,30.851042,50.301304
188.537732,88.675968,28.696859,49.782967
187.066021,87.013391,29.255272,49.400463
187.668838,85.582907,28.210451,49.367756
186.944975,82.315477,29.359364,49.859890
189.164474,79.535305,27.986374,49.756874
190.484256,77.123955,28.927958,49.026199
192.709269,75.577345,28.480129,48.469227
193.710463,74.577295,29.845951,49.066906
195.446964,74.373255,30.535896,49.622555
200.151711,76.115170,28.723251,48.548363
201.345406,78.584930,28.987900,50.279984
198.421367,81.437927,29.951242,49.747192
193.556931,82.831463,30.859770,48.915108
185.043327,82.329269,32.627182,49.815491
175.778830,81.756878,33.294102,49.367821
174.091175,81.295872,28.661552,48.887352
171.519289,79.617271,29.253109,50.107254
173.605959,76.940788,28.667309,49.106064
175.885243,73.182402,29.775869,49.736851
177.228037,69.320236,31.459148,49.060211
181.995790,65.706421,30.679348,48.482193
186.080936,63.221518,31.180901,48.845310
191.677711,61.055944,31.415987,49.073872
198.967792,59.737717,29.641184,49.108353
204.611329,59.415743,28.899763,49.529751
207.676636,59.803232,30.516022,49.504925
212.412327,59.099827,28.941765,49.615013
213.458128,60.073557,28.305607,50.391033
211.136713,62.452620,29.014370,48.939274
210.804676,64.601887,28.186043,48.849770
206.143602,64.624804,29.669811,49.753338
196.682146,65.731077,32.471539,49.273899
191.891541,68.051380,31.272202,49.869225
185.330635,69.048733,31.823318,50.136787
181.113592,71.524635,30.747349,49.654282
178.389400,74.978373,29.026375,51.254757
175.037916,80.234238,30.650242,51.837891
173.744436,86.462545,28.641392,51.324863
169.478762,90.448057,29.975704,51.455509
168.784279,94.369425,28.731491,50.104641
167.110429,95.640173,29.623899,50.425846
169.180274,95.601416,29.203356,49.967167
171.629278,94.624870,28.431248,49.749298
172.636639,94.428823,29.816628,49.089497
174.654256,93.198730,28.426306,50.448624
176.333735,93.249290,30.620510,49.150711
180.895611,92.338083,30.001152,50.036129
184.366315,93.547081,29.447271,49.845566
183.250599,95.378851,29.186623,49.076221
178.765347,96.339285,30.094414,50.237598
174.010715,98.275103,30.934410,49.509396
167.738487,99.497316,32.148987,50.542522
164.498946,102.607187,29.816439,50.767132
161.019732,105.835867,30.040096,50.554768
160.044483,109.032135,29.176933,50.886475
159.845733,112.394547,29.217607,50.433960
159.910286,115.607388,28.374359,49.818687
158.496162,117.162432,29.043823,49.966747
159.391619,117.248804,28.427410,50.170132
160.013931,116.892035,28.811371,49.870869
160.651544,115.896597,29.388487,49.430927
161.077971,114.232065,29.069965,49.397884
161.085323,112.452772,28.750481,49.681797
160.566790,110.991152,29.798687,49.533169
161.663733,108.487705,28.742771,49.321800
159.421096,106.508490,29.471376,49.585697
160.718509,103.979706,28.805521,49.466141
160.468395,102.767031,29.076866,49.225307
161.017572,102.271284,28.514584,49.567661
159.336226,101.967216,29.455021,49.254532
160.053783,102.184748,28.661247,50.468853
159.533093,103.424265,29.404043,50.148663
160.115022,105.508915,28.718580,50.633156
160.360215,106.215408,28.275282,50.060623
158.836606,106.619249,29.020178,49.102367
157.125713,107.094900,29.259102,50.212818
154.858241,108.553137,29.414698,49.894840
150.583405,109.521641,30.049223,49.423332
146.534447,110.040688,30.167267,50.022614
141.164401,109.673819,30.655985,50.619038
139.265240,109.507059,28.813240,49.501675
137.176568,109.219646,28.566710,49.687126
137.425861,108.673409,29.026237,49.864822
137.002668,109.527548,29.710072,50.508442
138.091262,110.209984,28.408602,51.141846
138.193327,110.923105,28.161854,50.014065
137.578232,111.094742,28.604263,49.725861
137.441688,111.713631,29.395906,50.498062
137.896393,112.803066,28.578186,49.868233
138.091921,112.279398,28.597363,50.122295
138.278784,111.684616,28.633015,49.598282
136.408523,108.589426,30.176714,50.004360
138.551401,105.043715,28.879162,49.810047
137.338257,101.054525,30.315750,50.366718
138.400788,96.409040,28.882505,50.967091
137.109699,92.136379,29.968880,50.306175
137.976123,90.679218,28.941462,49.450905
138.441214,90.197870,28.450397,49.728649
137.995386,90.686266,28.324657,49.783642
137.082655,91.983713,28.729572,50.017376
137.856993,92.936131,28.495502,50.674767
136.538408,93.588280,28.435345,49.721466
137.713011,93.186741,27.931675,50.043419
134.643311,91.375498,29.209976,50.510006
136.728757,87.700727,27.986135,51.058475
135.558901,85.000805,29.619915,50.026482
137.439606,83.066843,28.123856,49.054867
135.509822,82.498041,29.207666,50.363598
136.865905,82.706694,27.632372,50.002354
135.566462,84.298389,29.062954,50.601326
136.105235,84.104961,28.687174,49.634285
136.168955,84.470922,27.936230,49.804630
136.163063,83.692362,28.510605,49.791210
135.125422,81.964708,28.602016,49.366360
135.583290,79.216328,28.411377,49.136848
135.641158,76.510656,28.275576,49.275578
135.584877,75.416380,28.692245,49.485508
136.956705,75.061174,28.011501,50.253201
136.563359,76.257603,28.003775,49.754814
135.444753,76.700523,28.231222,49.793442
134.541900,75.002407,28.628710,50.321068
135.393421,73.274729,28.579002,49.669598
134.119851,69.556463,29.879210,50.120625
133.713507,66.844421,29.551685,50.207932
134.801805,64.888380,28.923033,49.445057
135.174245,63.028755,28.696463,49.521484
134.931476,63.903175,28.459375,49.487045
135.860750,63.926872,27.575985,49.636978
134.043509,63.385504,29.219561,49.892857
134.927787,62.031351,28.620241,49.907497
135.054404,60.175201,28.378054,49.257690
133.608895,58.234159,28.923368,50.318562
132.879101,56.775297,28.979454,49.542896
134.119625,55.775986,28.592094,49.607529
132.856208,56.691879,29.680742,50.276733
133.839816,57.327761,28.947672,50.759823
134.112210,58.337730,28.332769,50.065536
132.192243,59.011063,29.022207,49.999619
132.991698,59.110407,28.029573,49.733364
131.031034,60.190910,28.962210,50.169739
131.103590,61.252384,28.569111,49.968102
129.561094,62.522142,29.522861,49.348049
130.359633,62.810446,28.370684,49.075092
127.385631,63.689543,30.100489,50.055073
128.172627,63.685169,30.418493,50.070808
128.401434,64.522852,28.593266,49.759457
127.298444,65.217939,29.871496,48.960957
126.039551,64.947086,29.290649,48.995659
125.328450,64.328850,29.752829,48.595474
125.243722,63.737019,29.353025,49.331932
126.202909,64.025303,29.337744,49.824760
126.214941,62.451002,29.601749,51.564045
124.017385,61.913727,30.227957,51.933578
125.281955,61.683693,29.562098,52.434204
125.004022,62.086473,30.163679,50.293011
125.854712,59.860596,30.133318,52.733917
125.932122,61.294601,28.835218,50.428558
126.203938,59.990284,29.613609,50.470924
127.044009,59.833794,27.916788,50.575775
125.768999,58.603958,30.214245,50.042374
126.618581,57.932671,29.865423,49.980713
127.020733,57.614565,29.735893,50.297207
126.961272,57.632278,29.997927,49.120468
126.703925,56.900320,29.293535,49.806538
125.656143,57.117851,29.250275,49.507278
125.723249,56.909367,29.186512,48.723839
125.322371,55.599268,30.471027,49.592052
125.454990,55.025009,30.333397,50.086151
125.101604,53.909216,31.156181,49.852192
125.166113,52.767876,29.524464,49.548798
126.565736,51.681286,28.457579,49.441414
125.856514,50.226503,29.567154,48.535259
126.084530,48.722492,28.585823,50.388298
127.335007,47.545635,28.592911,49.187340
125.640883,46.697371,29.032564,49.659626
126.287094,45.833237,28.815140,49.829468
127.115134,45.533115,27.691759,49.258018
126.235692,45.522207,28.702337,49.657795
125.290817,45.343145,29.026718,50.113941
128.092191,44.965235,27.586294,50.958035
126.612005,45.194645,27.961445,50.395775
126.985670,45.165293,28.244709,50.141216
126.727244,45.478991,27.826883,50.118160
126.092361,46.538197,28.319580,50.117546
127.368096,48.022694,28.128828,51.145897
128.570981,48.694567,27.987005,50.648251
128.590739,49.235651,28.045282,49.880596
128.306749,49.880400,28.286724,49.855640
129.279276,49.811487,27.931423,49.917751
129.904859,49.489836,27.823080,49.821537
130.111952,50.036518,28.088001,50.648796
130.270036,50.716478,27.710371,49.710583
130.973914,51.675055,27.486513,50.587772
131.077916,52.204552,27.830420,50.236649
131.575068,52.405668,28.225016,50.492222
132.450637,51.954723,28.146349,50.405067
134.382720,51.924402,27.542650,50.470043
134.325554,52.796989,28.064789,50.781433
135.369060,52.970188,27.819941,50.669395
136.724663,53.058886,27.303131,50.466427
136.651577,53.686106,28.226204,51.003139
137.828654,54.229038,28.011438,50.891899
139.083682,54.098211,27.971582,50.443623
140.226308,54.333584,27.289831,50.003624
140.130965,54.309614,28.164141,49.976231
141.100715,54.161905,27.677736,49.638897
141.882060,54.044218,27.896646,50.229053
142.276362,53.540012,27.534678,49.970375
141.601043,53.454044,28.311815,49.364510
142.007781,53.721067,28.347368,50.085148
142.426064,53.783655,27.823790,49.696087
142.099497,53.568714,28.186199,49.595909
142.400749,53.781652,28.047012,49.826817
143.169561,53.515165,27.471195,49.649494
142.312774,53.951181,28.194628,49.588955
142.913363,53.346264,27.652111,49.563988
141.891787,53.165440,28.512463,49.346428
141.279917,54.212265,28.454800,49.151474
141.791056,53.308416,27.582363,49.505116
141.497394,53.474234,28.135233,49.545994
142.006930,53.691931,27.703836,49.720280
143.155004,53.243513,27.187460,49.984837
141.367163,53.091860,28.313251,50.855801
142.038013,52.487404,27.629890,50.398407
142.447701,52.787548,27.420776,50.112434
140.899179,53.501438,28.625547,50.400780
142.423000,52.644751,27.471367,50.380711
140.736890,53.550686,28.567999,49.948158
142.414919,52.455734,27.104366,50.449127
141.683990,52.527374,28.016848,50.444946
142.220058,53.104771,27.864479,50.372231
141.995880,53.319508,28.009476,50.426445
142.101295,53.259777,27.457872,50.194252
142.506976,52.920130,27.196527,50.337124
141.062065,52.797529,28.038727,51.115330
142.012817,53.042986,27.013901,50.528286
140.774039,52.977924,28.046358,50.926613
141.430997,53.087505,27.349600,50.197655
140.883854,52.603106,27.207039,50.082043
142.317661,52.715130,26.417870,50.028297
140.246352,52.653597,27.737932,51.241268
140.648927,53.315361,27.203993,50.064499
141.902854,54.002394,26.689119,50.540394
140.911839,53.641607,27.260780,50.159824
141.045180,53.228466,26.800005,50.358635
141.401913,52.373459,26.868980,49.802094
142.109125,50.821262,26.583477,49.800148
140.385429,49.693598,28.600403,49.296688
142.438222,48.434858,26.094061,50.346439
142.349325,47.753338,26.340794,49.371162
142.016137,45.859749,26.766111,50.682358
143.050632,44.996944,26.318459,49.513100
141.327823,42.480358,26.693857,50.654015
140.452649,39.536819,27.420980,50.771332
140.520779,36.908781,27.280846,50.930347
141.114116,35.079998,26.924311,50.691475
140.666142,33.133747,26.821539,50.443016
141.648184,31.317497,25.950794,51.400284
142.282498,31.599695,25.206167,49.563000
140.145000,31.572754,27.014490,49.284332
141.029291,29.809443,25.984814,51.500332
140.938189,28.124731,25.870403,52.225956
140.477794,27.629885,26.552637,52.022167
142.177126,26.438461,25.028072,52.331268
141.223294,23.973980,25.856787,54.264442
141.161609,24.726130,25.943842,51.626461
141.447311,23.342291,24.809525,54.069706
142.894468,26.090185,24.635532,49.401814
141.879259,21.476366,24.979290,52.463680
141.358071,23.363373,24.812361,53.273834
140.929608,24.835127,25.501730,49.436665
141.344285,26.401241,26.258711,48.575447
140.903998,22.975023,26.661165,50.527828
141.302037,20.735857,25.479269,51.148815
141.303205,24.307714,24.367071,47.140171
141.135664,22.813101,24.862492,48.023960
138.990034,23.032291,25.591694,47.311501
139.519757,22.234409,25.049047,46.886101
139.564110,22.112581,25.256790,47.686443
137.123610,22.872808,26.826405,48.043659
136.295075,23.627003,26.518888,46.713020
137.877553,24.361128,25.332983,46.486149
136.819081,21.816597,25.424719,48.524887
137.180311,23.032829,26.129704,46.522629
137.927571,24.050793,25.985449,46.421822
138.356156,21.844543,25.965956,48.837250
137.717496,23.110748,25.751623,46.363358
138.217669,22.504055,26.318996,47.619286
140.497552,23.230919,24.974501,46.230652
140.331351,21.972630,25.812380,47.181862
141.406070,20.711033,25.756433,48.076149
141.607261,20.982286,25.612597,48.899715
141.660912,21.110918,27.275696,50.041775
142.935588,20.318588,27.634470,50.722458
144.137653,19.849079,26.606377,51.591133
145.018110,19.889669,26.655033,53.069477
146.098084,20.190491,26.241636,54.056061
147.341253,20.013451,26.027195,51.362122
147.595183,20.993723,26.939348,57.040798
147.907972,21.669966,26.932163,50.133610
150.462092,23.183247,26.407434,56.376579
152.290846,23.130539,26.129398,56.235947
153.947777,24.021116,25.518921,55.351246
155.539018,24.606752,25.428221,53.999584
155.877296,24.702723,26.023911,53.597912
158.394061,25.386469,25.019571,53.146069
160.408120,25.273590,25.005476,49.625168
161.243540,25.988981,25.128078,44.841404
161.514439,26.558222,27.315651,56.119320
162.575584,20.840824,28.210052,61.280220
163.075941,24.772791,26.318653,59.122845
165.518566,29.246944,26.378868,53.716545
166.330688,26.834831,26.749086,55.039612
166.795970,27.229277,25.994135,56.682301
168.733408,25.977222,26.319729,56.070808
169.312444,26.162395,25.273443,55.632759
169.979064,25.271391,26.045519,55.101749
170.535249,23.618200,25.407560,55.702122
170.877481,23.166307,25.948606,55.024197
172.272473,21.756662,25.971228,53.916683
172.776131,20.314579,25.952698,54.491753
172.782992,19.873880,26.729670,55.130566
172.785750,19.993351,26.949633,54.535240
173.846089,18.567568,27.249578,54.491405
173.257269,17.414213,26.422291,53.820759
172.480844,16.146765,26.608381,52.727146
172.796220,25.860750,24.279814,43.127453
173.350844,29.662083,23.895555,40.947899
173.228951,29.347492,25.036848,40.233681
173.378602,22.183661,25.396879,50.592663
172.307831,26.928432,25.246521,47.177887
173.666238,21.714790,25.694456,52.542091
173.089787,21.618034,26.508675,53.335060
173.102660,20.084440,27.293520,55.921429
174.276190,23.536011,27.326588,53.474892
175.523436,24.086580,27.350773,55.257343
176.977880,25.564030,26.708561,56.620163
178.296549,27.704479,26.559994,54.104202
179.433290,28.602142,25.939970,52.823418
181.471809,28.467638,26.363403,52.523716
183.743288,29.976749,26.478146,54.641327
185.819660,31.913483,26.269478,52.765785
186.762267,32.042713,27.147753,53.879944
188.365815,33.664145,26.833769,55.697353
190.636930,38.328056,25.243979,51.938866
192.393367,36.218426,26.223459,55.854980
193.896190,39.876448,26.399179,53.377483
195.799158,43.208977,26.201550,52.333900
198.597218,41.980862,26.493736,52.686569
199.609751,42.591448,26.754925,55.082172
200.952666,43.746439,27.398897,55.064564
202.703662,46.180405,26.315119,53.233040
203.802720,42.216602,27.712217,56.481094
205.744935,42.361069,27.441893,57.146507
206.724456,43.958702,27.622637,56.875954
208.659992,43.134586,28.061317,55.484818
209.568842,43.287331,27.704586,57.971703
211.080678,43.005247,27.769934,58.017574
212.574451,42.802359,27.856544,58.700802
213.498073,43.724304,27.227243,58.099541
215.313833,43.265852,27.511311,56.561565
215.740988,43.745562,28.271091,58.569340
217.634610,43.151770,28.471807,59.677959
219.187173,43.968189,28.413496,59.325348
220.868301,42.380991,27.478699,59.536411
221.971163,42.172989,27.692699,59.874474
222.111421,40.913832,28.687056,60.035595
223.498769,42.452194,28.912893,58.710503
223.165974,39.814148,29.855415,60.632484
224.665523,37.879824,28.355265,59.430210
225.305296,37.488710,28.958698,60.112309
225.197943,37.009405,29.128986,61.478024
225.978261,36.926893,27.957449,60.197582
226.687580,36.731596,28.931175,59.563900
225.671338,37.333830,29.920553,60.646160
226.789056,37.313927,29.725233,60.989693
227.028291,37.492271,30.295027,61.378441
227.668344,37.314215,29.485561,61.131115
228.962605,37.692947,28.967169,61.043510
229.222881,37.785902,29.228477,61.176159
229.569515,39.505558,29.092720,60.347687
229.183700,40.456306,29.788759,59.350212
228.309700,42.732569,30.977661,59.390430
228.893538,44.420702,30.716936,60.300755
230.476655,44.730339,30.402143,60.076469
232.198849,46.676481,29.823524,58.289059
232.610436,46.590254,29.043669,62.479977
234.075868,45.493994,30.008009,63.674267
235.126879,50.624813,30.223125,57.262222
236.889191,50.844656,29.790207,59.138683
238.359993,50.106579,30.093307,61.069107
240.110572,48.388279,30.440752,63.091721
240.777820,47.892509,31.099894,65.700005
241.998616,48.196634,30.868200,62.372761
243.137401,48.921844,31.873392,65.232628
243.414919,49.230404,31.753521,64.916718
246.206334,49.760651,30.150381,64.024788
246.960629,50.059280,31.028067,63.575172
248.603140,49.736393,29.939762,64.845367
248.434585,49.757298,30.976397,64.349701
249.024555,52.335783,32.862053,61.001385
249.847189,49.537033,33.671894,63.395607
250.763699,48.691908,33.788109,63.970470
251.184734,47.854614,33.309120,66.334373
252.319214,47.062511,34.466141,65.502014
252.712360,47.416111,34.237053,66.673294
253.573643,47.852615,33.851524,67.060417
255.038422,46.902946,33.699356,68.256020
254.755047,46.376839,33.919518,62.619682
256.032167,44.350431,34.619656,63.496136
254.728842,41.786139,35.645161,59.427578
235.227598,27.898104,34.548512,63.600163
256.938374,35.673344,33.154579,66.496597
250.588007,32.780704,39.579479,62.346832
256.625484,36.228027,34.210304,70.828712
242.916842,17.815241,37.821270,62.790333
245.616186,13.737799,33.894871,57.672680
251.007677,14.548618,38.257397,69.227020
253.222885,11.553617,44.232544,59.325100
256.940289,10.698225,37.741096,59.334866
261.245466,9.535982,35.675617,59.720417
265.146978,8.720470,33.614506,59.815048
266.692341,9.186977,34.995628,61.883743
273.472714,7.679535,30.561956,62.756279
276.763445,7.579456,31.111904,66.899673
278.760187,5.886566,35.358807,71.300850
277.803766,5.477036,50.133572,69.900185
345.812560,54.237169,30.955675,53.743687
351.614368,53.044035,34.546349,54.756512
358.531092,51.202127,31.454739,51.205097
362.996531,45.280815,36.475414,48.266579
371.090046,42.158508,32.941856,47.232628
314.788153,0.115217,27.864227,50.812328
317.165010,0.226500,28.588142,48.991726
321.384899,0.000000,27.915607,45.864664
325.158950,0.000000,26.655668,42.595225
328.010117,0.000000,25.834560,39.916236
330.386443,0.335848,26.316908,36.978008
333.043042,0.062149,25.957415,34.793137
334.955975,0.000000,25.516499,32.741178
336.879887,0.141020,25.802303,31.194437
339.195938,0.000000,24.923801,28.351117
342.365396,0.000000,23.556618,25.749578
344.574526,0.034690,23.517113,24.566360
347.556774,0.000000,24.359524,21.771641
350.886945,0.000000,24.964495,21.692277
376.634171,32.416401,25.554575,25.668222
381.450473,26.632964,28.145002,40.989193
387.900714,20.836323,28.150480,42.935150
392.322929,15.754029,30.595036,46.595955
396.813406,10.164508,32.602913,46.365803
402.498783,3.954083,29.658932,51.522003
405.826071,1.123830,31.155266,50.982635
411.868950,0.000000,33.686756,45.678721
416.621233,0.000000,30.358231,41.826396
419.609641,0.000000,30.668127,37.228578
424.966779,0.000000,31.329737,32.578732
430.049482,0.000000,29.689934,29.243423
437.735082,0.000000,25.263224,23.300494
443.988723,0.000000,23.574987,23.355380
449.870275,0.000000,23.628313,15.580084
456.092212,0.000000,25.585394,19.128118
455.896074,0.000000,43.565620,41.572323
473.395735,11.664133,33.440857,79.357246
402.534986,20.195143,76.508362,100.991669
328.849760,20.976790,145.672760,109.689941
253.816549,37.685099,79.221909,92.142159
269.779142,56.187838,54.183594,66.566704
277.756889,56.838927,44.599606,58.522400
281.976883,50.770989,44.647076,62.407162
283.924688,48.754797,67.752899,91.864075
248.385366,38.909739,140.334351,119.199272
311.842348,71.750334,89.891884,129.200027
246.664137,21.659785,138.345383,127.391869
271.695219,49.073485,137.792007,165.908890
240.412214,29.380461,161.916000,164.737625
287.315046,76.396513,142.906052,133.660477
252.334856,64.346655,105.612862,123.389038
236.127207,49.130690,118.218864,108.644974
260.493029,72.554060,64.448952,79.319199
258.465967,54.268553,73.951164,86.723373
272.493172,68.957163,51.812527,57.768791
277.578508,52.463541,48.756371,66.192085
276.479147,47.810732,52.938614,70.560356
276.300577,61.853802,51.893456,55.156101
277.492348,40.037356,54.688931,75.340370
280.282719,51.196436,53.490055,61.149040
281.929636,47.274714,50.808861,65.436256
283.601109,48.007973,51.077351,59.041317
283.483660,50.858141,47.450996,57.737801
282.915131,49.161261,44.919292,60.224823
284.459621,49.819538,44.840153,58.189442
288.833544,46.936190,43.723778,61.924904
292.754766,43.773524,44.690750,62.668327
290.469406,44.371952,46.875454,58.792225
296.251871,46.501311,43.554909,60.927338
279.093910,34.276850,60.305126,83.011986
278.556408,33.909628,60.831852,81.986786
282.235790,44.745795,57.664616,75.902679
282.089895,62.452866,51.401840,63.499554
283.044798,57.082377,50.914658,69.039833
281.894739,46.427954,56.025475,80.900391
285.034956,62.767283,51.061264,67.472466
284.799009,55.741473,56.908401,83.682137
283.888897,75.781279,56.201374,67.131180
298.172174,80.107382,42.147545,59.514359
291.045370,81.063284,53.445557,65.458069
292.780706,76.966025,53.639297,72.092377
293.802351,82.879805,51.051270,72.057114
304.662148,82.188925,43.040478,70.785126
303.221479,84.431773,43.318314,80.507362
309.213497,85.177042,40.431156,73.729088
