294.000000,125.000000,60.000000,95.000000
301.346460,124.712391,60.532299,90.065666
305.621323,126.401867,64.030457,88.952034
313.040525,128.394985,63.454105,89.786995
322.255199,130.217701,60.381966,89.321373
336.915739,130.770664,50.887943,89.042320
353.230175,131.996078,44.943245,87.731567
356.534229,131.063290,51.955406,88.391045
363.731190,129.663208,52.827507,90.623734
367.909506,128.429962,56.060261,91.662003
372.877193,126.811165,56.772224,92.420563
377.100063,126.525169,57.362617,91.828735
383.061157,127.891926,60.529327,91.697060
390.863997,130.854881,61.334171,90.964478
404.740093,131.773827,54.427773,93.718231
422.801939,132.869110,37.425236,88.264938
432.110571,133.445107,35.336155,89.234680
434.205894,132.252708,43.005142,86.908051
435.329140,131.615845,51.747177,89.296631
438.938442,129.386127,56.115639,92.972649
443.982847,129.250435,59.333225,90.320389
449.001345,131.044518,60.266506,89.040451
457.405519,134.932087,54.594481,89.293144
458.992934,133.211452,51.486485,89.590858
458.655637,135.201984,50.781380,86.449608
457.185525,136.362938,47.809769,85.727463
449.840470,136.464825,50.290695,86.212746
434.395156,135.604755,53.301716,86.635216
420.766850,132.523548,52.292809,85.609978
409.122905,130.902691,53.430431,86.816109
395.786010,129.157135,55.871281,87.172974
381.929994,129.209564,58.129532,86.027954
384.257049,132.221478,47.244801,85.815376
369.858405,132.971428,53.872456,85.259933
362.459672,133.707626,44.566101,84.626038
355.343373,134.543549,37.065788,84.256760
343.912709,132.975060,38.411873,82.010895
326.797814,133.946014,45.879868,83.922241
312.869895,133.921780,52.095905,83.878716
303.266397,135.773151,54.351196,84.197273
287.360755,137.654545,63.805653,84.303780
274.467298,139.163300,69.306648,83.575668
277.384576,142.527672,54.365677,82.851593
275.762679,143.193722,48.006565,82.782677
273.945903,143.757530,47.751369,82.247177
273.925500,144.059971,45.190140,81.309593
265.623776,143.303978,48.486748,83.096344
258.570682,141.013260,50.755032,83.328888
254.901435,140.661129,50.131947,85.142067
249.685279,140.606960,51.477650,81.923439
247.700101,140.424541,50.105263,82.506783
246.641623,141.838875,49.117954,83.438339
247.253402,143.744774,44.676029,80.934219
252.668548,144.406033,36.538624,80.707176
255.700357,145.204159,30.732084,79.499687
250.935611,144.329647,35.926571,79.891762
245.673606,142.974552,42.229725,81.650902
241.579261,143.223000,46.374699,82.632263
237.780753,142.782742,49.427265,79.174004
235.627423,143.839199,53.615074,80.196632
235.736472,148.371689,54.072300,80.204895
238.019330,150.528061,51.480705,80.333588
240.478597,151.169403,49.472145,79.064453
249.158504,153.558098,43.866512,78.628265
253.827157,154.829811,42.136597,77.891922
253.572824,155.013733,44.095428,79.325165
251.212403,156.506275,46.100693,81.361397
249.127841,159.470058,47.459179,81.971001
248.552073,165.229015,49.877117,78.872063
255.707553,168.986275,45.204800,77.961853
258.181312,172.132965,43.659931,78.498199
264.890252,174.798405,37.790726,79.154793
274.579898,178.094841,31.121716,76.639435
282.088956,180.736713,26.269997,74.551903
282.484862,182.326542,30.240589,72.414009
279.937448,181.225365,36.881729,73.072495
281.821040,179.651165,41.322018,74.839272
284.942544,177.369549,43.174438,75.927925
288.577939,175.635113,46.292091,76.076057
291.641541,172.288563,47.611649,76.697456
298.501698,172.208694,44.518349,77.996582
307.432969,174.115112,40.775620,76.918701
317.838483,174.480057,40.645653,74.542099
324.887790,170.524231,38.568890,74.685532
325.956212,164.972069,40.414360,75.921021
329.481011,159.454536,41.422714,76.492599
333.405311,152.998699,41.127323,77.928947
336.802890,147.924965,42.190716,73.632309
341.921712,141.675461,40.013924,74.174667
344.462333,137.704189,39.640247,73.636421
343.891809,133.428570,40.248489,73.985680
352.675342,126.867718,29.925304,72.467934
356.146458,118.428516,26.175196,73.663033
350.741994,109.133110,30.119560,74.459595
343.586701,97.807510,34.879547,75.439835
336.799582,90.423454,38.020969,76.324799
328.128318,88.244675,41.191517,71.951538
320.650584,88.274994,42.716381,72.863892
313.010680,88.307495,42.408451,72.894470
305.075034,89.258995,41.414783,73.188202
300.054606,90.233509,40.659359,71.363350
295.591571,89.619919,40.585873,70.791367
291.312074,89.103226,40.024429,71.432434
282.922351,88.625225,38.580181,71.397316
275.471118,87.499367,37.894360,72.264923
267.275924,84.844471,36.244495,73.737709
258.871160,84.530849,37.842506,70.959480
252.728620,84.533936,35.552467,69.439758
246.017392,85.311562,34.240761,69.929489
242.941600,87.770695,29.353619,68.757805
237.238797,88.404137,28.168373,68.016525
234.366085,88.082085,27.153727,68.299393
225.215012,86.102051,30.440889,68.438217
220.615765,85.204895,31.656855,69.110611
219.457673,84.205402,34.084015,69.271782
221.176734,84.208553,36.024464,65.946953
223.314822,84.092102,37.668362,66.444107
226.219874,85.537708,37.795635,67.304070
231.074677,87.449139,36.941284,68.029778
238.123597,88.968227,34.332275,66.472099
246.825564,89.689796,32.013699,66.649078
250.052461,89.092480,32.141571,66.185555
253.699337,88.763992,30.171717,67.017410
257.010546,87.885052,30.877562,68.349266
261.280179,86.933731,31.360771,69.313507
263.372468,88.128643,32.229446,64.972588
267.985474,88.097725,30.774920,64.753845
272.047381,89.787998,28.624249,65.771690
277.369195,90.894238,27.301147,64.917839
281.137671,91.853844,25.363758,64.116562
287.104458,91.617550,22.949060,64.007057
289.719526,90.622177,24.142157,64.922806
290.584119,89.861992,28.319298,65.900223
292.942873,89.454258,30.934767,66.995033
295.117234,89.066063,32.914764,64.646835
298.638356,88.959908,34.573204,62.833130
303.249070,89.102066,33.775146,65.205551
307.045213,90.453220,34.251389,64.356728
315.143779,91.799538,28.548077,62.048676
321.937730,92.736712,27.689499,61.816204
324.055506,91.258698,29.014738,62.891876
326.845009,90.774639,28.444414,64.038887
329.233183,89.463779,28.359823,64.899742
333.317491,88.726631,28.737076,64.891220
335.007441,87.863274,29.527357,62.671539
337.090851,88.956913,29.283068,61.565254
337.950163,89.602703,31.215994,63.029121
345.426969,91.562849,26.233665,61.824345
350.014619,92.757961,23.267120,60.819649
355.153897,90.969109,21.863487,61.121231
357.558379,90.749807,22.281834,61.467197
358.473622,89.366526,25.832619,62.613781
359.486304,87.943069,28.367481,64.056686
361.758505,88.115662,29.938452,62.037033
364.897670,87.415596,29.844387,60.026520
368.090836,89.210699,29.198198,61.570255
372.284960,89.773129,27.355543,60.829414
378.866816,91.112316,26.461348,59.860298
383.670766,92.203724,25.446861,58.589806
385.869567,91.123770,26.478367,59.443974
388.133282,90.864388,27.073709,60.373169
390.351567,88.528038,28.054527,62.272781
394.394159,88.110502,25.966352,61.770924
396.724613,89.203058,24.632639,59.217113
399.588631,88.868206,23.211763,58.635994
402.948513,89.989006,21.635798,59.414688
404.086352,90.341135,23.215816,57.579510
406.888843,91.182953,21.853985,56.993698
409.997284,90.957697,20.706530,56.624828
411.827308,89.723541,20.996113,58.328659
413.651241,83.480068,22.909861,64.533195
416.160275,84.143934,23.981651,62.663425
414.251490,82.625505,25.944838,62.595287
409.684827,85.843016,27.767387,58.235600
406.346818,87.270750,27.224731,58.076588
401.857038,87.024040,27.479408,57.845062
396.542699,87.530104,27.346458,56.116718
392.395515,87.056454,27.060427,56.897911
387.514393,87.821720,27.150919,55.890465
381.448921,84.080784,26.959002,59.913048
376.049200,80.000160,27.437750,62.670456
365.099693,74.313992,31.287203,66.663002
360.353339,73.095945,30.723423,60.082478
351.948527,73.235075,26.703945,55.530674
362.243514,84.423840,23.622044,54.699165
358.772536,81.344887,24.172443,59.741913
357.978856,84.601471,23.719505,55.440689
359.927108,86.617823,21.644627,55.476360
361.786060,86.582075,20.414423,55.313190
363.127142,84.312149,21.678564,58.004303
363.835726,85.134960,22.447966,56.969948
366.085856,83.069128,25.039135,56.807240
369.377289,84.752113,26.104784,54.244064
372.537674,85.570362,23.872942,55.443520
377.140935,86.212996,22.792580,54.473576
378.894573,87.060577,23.660959,53.189667
380.754208,86.947206,24.089396,52.709087
382.807155,86.604435,24.395931,53.240623
383.598592,85.472233,23.887260,54.523018
385.405279,84.971348,24.591299,55.039238
386.725884,84.625793,25.133774,55.288330
389.086009,84.262327,24.762737,52.001377
362.202897,73.959652,21.255554,53.079819
394.548777,85.256708,21.616484,53.685825
395.231498,85.882124,21.549824,52.360867
397.445934,86.567772,20.781366,51.221779
400.711151,86.210939,19.869188,51.757618
367.068657,74.288469,19.308607,52.527828
402.797771,84.207567,20.703863,53.822079
403.759668,84.311117,20.513224,53.486454
404.515956,83.465635,20.746300,51.249332
407.264654,83.739347,21.129808,51.478611
408.384192,85.746422,20.809374,50.187836
410.690486,85.844217,20.791847,50.262478
412.845529,86.310410,21.897762,50.025269
414.601196,86.499252,21.480558,50.078613
415.059260,85.788813,21.795097,49.957485
415.781854,84.722517,21.576839,51.422382
416.767414,84.156046,21.535238,52.296810
418.418947,82.807579,21.443857,51.764709
420.182636,82.844646,20.975103,49.659218
421.145507,82.867437,20.299393,50.089573
422.678773,83.919075,20.242992,50.389450
423.256886,84.973600,20.212362,49.243702
424.914238,85.208059,19.147123,48.776997
427.056969,85.035948,18.416594,49.097248
428.020539,84.270761,18.704449,50.003521
428.876638,82.359074,19.208590,51.794907
429.959272,82.551670,19.415758,50.885750
430.551893,82.030241,19.555590,49.987713
433.028730,82.070810,19.245852,49.339611
434.431629,83.442982,19.089926,47.741623
436.377455,84.269756,18.559481,47.755287
437.073501,84.559925,20.494453,47.943741
439.075968,84.251245,20.602785,47.895306
439.550690,83.892000,20.379835,48.563107
439.225882,83.453884,20.718515,49.239098
440.049989,82.161320,20.082966,50.316765
441.193080,81.673742,19.953140,49.590023
442.556956,81.616247,19.636810,47.862446
442.453067,81.268314,19.902794,47.510605
443.548600,82.382259,19.048092,46.797211
443.250604,82.483355,19.025303,47.427731
442.299200,83.091976,19.335016,47.019989
441.523305,83.195854,20.718998,47.340561
441.219135,81.761496,20.429434,48.064381
441.433776,81.082661,19.275955,48.435028
439.345019,80.891966,19.568657,48.591854
438.208132,80.922682,19.912020,48.866848
435.083821,79.799011,19.719372,49.526917
433.638608,79.690844,20.076481,49.821003
431.485866,80.477314,21.559395,47.336731
431.068812,81.973272,20.191063,47.100338
429.784408,81.556749,19.817268,46.576252
427.456616,80.969606,19.495228,46.738949
426.231478,80.160414,18.627039,47.200649
424.465430,79.802053,18.731339,48.415089
422.519045,77.661366,18.735659,49.612267
421.039245,78.816319,17.774033,48.369659
418.952166,78.897017,17.702967,45.087612
416.248501,79.459797,18.383062,46.558517
414.828392,79.633202,18.333601,45.039238
412.245973,79.611534,18.707432,45.364204
409.244816,79.494745,18.550787,45.287571
405.913944,79.471584,18.073492,46.523941
403.392468,77.893566,17.619328,46.721497
400.393504,77.301168,17.522179,46.805607
397.657456,77.338745,17.428204,46.887253
394.248202,77.099201,18.195320,50.012009
392.662560,76.920551,17.294971,45.562553
390.333915,78.254957,17.893585,47.508533
387.091415,77.795565,18.597692,45.604687
384.476600,78.944426,19.013519,44.299114
382.056636,78.284266,18.289238,43.968815
379.116744,77.927526,17.782036,45.433620
376.282690,75.835884,17.599451,47.348289
374.484128,75.080072,17.404713,45.789425
372.046528,75.726517,17.459013,46.498505
370.165727,75.250484,17.137348,43.533058
368.626829,76.044498,16.682093,43.338646
367.344104,76.002735,16.884491,43.372673
366.390937,76.503027,17.224197,43.182102
365.585762,76.684666,17.036551,42.923561
365.339049,75.488512,16.600060,43.456104
365.055011,75.199097,16.468178,43.789009
365.258816,74.165274,16.650251,44.227291
364.666451,73.437775,16.613247,44.112617
364.697119,73.617813,16.627222,42.843536
363.679886,73.347599,16.741636,42.700516
363.345837,74.268185,17.030943,42.936920
363.592947,74.954809,17.512224,42.738018
362.566657,75.739372,17.828331,41.937134
361.906196,75.138649,17.133347,42.066261
361.637938,74.494888,16.558992,42.157951
360.424764,73.308180,16.585491,42.291637
359.903535,73.266335,16.270527,43.884621
359.113578,72.099407,16.458168,42.444153
359.150901,72.636911,16.073204,41.144581
357.300860,72.371267,16.392838,41.785946
357.443182,72.984344,15.675272,40.738861
356.847608,73.629425,16.142017,40.717026
356.544785,73.708250,16.169516,40.986423
356.411024,72.810171,15.864207,40.684078
356.511952,72.524826,15.857312,41.057060
355.638373,70.727161,16.294960,42.161072
355.988158,71.024940,16.318085,41.671822
355.128806,70.687307,16.342888,40.375912
355.218037,70.888317,16.254591,40.130692
354.896476,71.327778,16.641396,41.210838
354.289422,71.997929,17.054356,40.035744
354.617143,71.456512,16.964420,39.590073
354.398386,71.531265,16.260080,40.032974
354.340677,71.164352,15.420299,40.004440
353.912185,69.904055,15.685309,41.608639
353.218967,69.189919,15.787985,42.240379
353.074133,69.165804,15.459382,40.776836
352.896563,68.582672,15.214593,40.006020
352.096575,69.248627,15.175951,39.952156
352.244417,69.128126,15.035379,39.731960
351.155824,69.771200,15.585238,39.168774
351.600135,69.930813,15.816092,38.886261
350.893239,69.781713,15.725597,39.695286
351.394487,68.366131,15.914943,39.768875
351.759057,67.639259,15.626012,40.429657
351.599978,67.654818,16.063210,40.575794
351.712152,67.602795,16.027416,39.449280
351.869495,67.077974,16.145597,38.087170
351.983513,67.377064,16.038557,38.528053
352.228448,67.361773,16.587826,38.422146
353.215693,68.345604,15.817490,38.018219
353.139688,68.088009,15.472879,37.946510
354.214307,67.462839,14.988124,38.435642
354.236427,66.725594,14.892363,39.678650
354.334935,65.555279,14.678486,40.254669
354.187485,65.103504,14.941221,39.838974
354.470415,65.237803,14.331530,38.368755
354.413101,65.530390,14.087379,37.772289
354.174063,65.240368,14.752404,38.626488
353.794312,65.482288,14.388998,38.144722
353.951961,65.673170,14.519493,37.359310
353.387019,66.207552,15.268608,37.559330
353.295560,65.280188,14.622066,38.118786
352.328188,63.605356,15.054155,39.326740
351.331975,63.212383,15.172199,39.386162
350.177578,62.331322,15.688040,39.142357
349.828792,62.053061,15.230835,37.126125
349.559491,61.833551,15.291462,37.886517
348.089774,62.845842,16.117294,37.565624
347.495046,63.135101,15.829310,37.623444
347.893680,63.005993,14.265502,37.380623
346.025386,62.782211,14.574135,37.568871
346.066579,61.512621,13.963482,38.138020
344.529953,60.975132,13.947515,38.712532
343.690345,59.762600,14.321586,39.507927
343.103311,59.802626,14.337047,37.426411
342.183284,60.514217,14.408669,36.715988
341.387190,60.881630,14.953683,36.989876
341.283741,61.203758,14.904372,36.186989
340.762936,61.293957,14.382452,36.588905
340.729249,61.306376,13.979008,35.942234
341.216919,61.019535,14.942404,36.949593
342.713055,60.564035,14.962019,37.310261
343.911756,59.455793,15.335048,37.368137
346.078036,59.091454,14.890244,36.884979
347.246017,58.581722,14.680532,36.143394
348.559580,58.594496,14.916398,36.804409
349.006830,59.110241,14.692813,36.528282
349.443785,59.573706,15.251206,35.968433
351.368753,59.251623,14.138392,35.849529
351.578327,58.847029,13.986495,36.120762
351.640995,58.735432,13.437758,36.121559
351.969896,57.933100,13.304399,37.287121
350.886082,56.671633,14.207967,37.734509
352.253185,57.184303,13.672782,36.320343
351.870405,57.448196,14.139666,35.756561
351.841050,57.617987,14.520855,35.571705
351.665596,57.580734,14.801443,35.344757
351.886856,58.252287,14.677337,34.753635
350.542306,58.355288,14.713206,34.662724
349.952101,57.794136,15.583567,35.400787
348.662428,56.812243,15.882753,36.547779
347.684804,55.342865,14.963794,36.563896
346.337103,55.089405,14.982775,36.830391
345.425507,55.059732,14.555479,34.611744
344.260345,55.275581,15.002647,35.651520
344.130328,55.293669,14.298562,35.819767
342.835846,55.974623,13.864827,35.203861
342.165537,56.559549,13.117280,34.954151
340.197618,56.613174,13.109645,34.204124
339.568325,55.755461,13.166304,34.816822
338.394733,53.599751,12.889196,36.959160
336.676278,54.038063,13.754757,35.794296
334.995990,54.120333,15.043754,35.310665
333.640515,54.032455,14.897321,33.795792
331.218347,53.590820,16.946964,34.712318
330.807595,54.067087,15.719891,33.617863
329.855072,54.841436,14.296728,32.913631
328.181935,54.889301,13.775220,33.235207
327.717689,53.791315,13.763901,33.885761
326.719248,54.284121,13.963441,33.961475
325.242644,53.180897,13.934158,34.460556
324.223365,52.855837,14.366570,36.187328
323.243934,52.318615,14.182243,33.823395
322.221474,52.463673,14.160948,33.492928
321.063285,52.690706,14.148475,33.208675
319.270864,52.293526,14.035564,33.613365
318.381105,52.872070,13.187021,32.290527
317.663616,52.403215,12.816282,32.574162
315.994773,51.185705,12.367180,33.777813
315.105046,51.520533,12.540073,33.543026
312.639790,50.293863,14.011839,34.511097
310.310013,49.869417,15.120000,33.813839
309.355794,50.650249,15.340488,31.997704
307.402242,49.955729,16.340549,32.632465
306.244011,49.714693,16.725744,32.942005
305.147891,50.689737,14.937126,32.430614
303.574465,50.399851,14.342722,32.973774
302.718195,50.284554,13.640650,33.026314
300.185552,50.214226,14.784671,32.611572
299.309897,48.815359,13.944603,32.835835
298.409091,48.871227,14.143211,33.399811
296.963698,48.278097,13.932716,32.475384
295.652620,47.364527,13.509325,32.416836
294.714228,47.719975,13.942704,32.320312
293.116843,49.029444,13.718690,31.851238
291.528460,48.771393,12.938463,32.061432
290.110065,48.772821,12.743773,31.666492
288.886405,48.942169,12.070563,31.550629
288.164480,47.914686,12.241098,32.354229
285.942415,46.573408,13.476564,33.650875
282.946722,46.314720,15.194613,33.600731
281.085395,45.280012,16.138901,32.024769
279.339317,45.407513,16.739088,31.695976
278.656518,45.481468,16.573498,32.140350
278.235005,46.084049,15.039609,32.131409
275.174093,45.735243,14.521418,32.377781
273.996230,46.463909,13.593789,32.062752
273.012164,45.709990,13.307556,32.772678
270.968381,44.618637,14.004887,33.051964
270.964287,43.855896,13.158148,32.750664
267.275975,43.553818,15.409642,34.642937
266.717865,43.620407,14.826718,37.041183
265.635893,43.260750,14.376634,34.262947
264.912608,43.737274,13.609567,36.519737
261.883556,42.936575,14.727569,37.620228
260.265136,42.965122,15.067328,35.688492
260.164612,43.478922,13.572499,35.009914
258.408021,42.636686,13.760242,35.407566
257.043266,42.032057,14.741705,33.222523
254.786996,41.974407,16.203854,33.371994
252.700107,41.110399,17.343918,35.006130
250.930473,41.748322,16.414961,30.883375
249.757275,41.598516,16.035238,30.633299
249.716043,42.971713,14.922191,29.973978
246.773236,43.128500,15.637165,30.037518
246.187710,41.333993,12.736669,31.064390
244.320404,41.729612,12.567671,30.614651
243.681653,40.433873,12.499660,31.746511
242.225061,40.846299,12.720690,31.729910
240.457698,39.764195,13.385032,31.967558
238.732840,39.691868,13.800142,30.809563
237.559519,39.583797,13.929667,29.882935
235.828583,39.569562,13.608693,30.024855
235.433733,40.674921,12.684977,29.976948
232.991571,41.980032,12.364298,29.654385
229.988574,42.672174,11.533081,30.151867
228.177561,42.316673,11.810411,30.465042
225.596320,41.066404,12.559395,31.163090
222.155715,41.132426,13.542107,31.801531
218.284318,41.540216,14.944583,30.980022
215.799392,41.014575,16.053658,30.732607
214.092454,42.491983,16.433804,29.621258
211.364735,43.564874,16.369413,29.912542
209.849279,43.880151,14.609079,30.884268
205.204961,43.055550,15.169735,32.487160
205.038205,43.673484,12.508739,30.209177
202.385494,43.340642,12.651809,30.496733
200.453761,43.756513,12.584291,30.849005
197.239419,43.892152,13.169910,31.405935
193.965330,44.369890,13.942812,32.760365
190.727483,46.306334,13.761340,36.640324
187.671206,49.912842,15.000658,36.014130
184.434809,53.551756,15.314631,36.446774
179.989890,55.771084,15.511909,35.033844
181.156350,58.236780,14.515942,34.977398
176.584023,58.932962,16.619276,35.911449
175.379844,59.877190,18.561890,36.975021
173.890092,60.797642,19.925091,37.801880
170.804034,62.111639,21.733597,37.725590
170.201401,65.684267,15.235670,33.838947
169.162532,66.144995,16.562447,32.983944
167.603531,65.747810,17.744513,32.071243
166.135055,65.696186,14.982841,32.248802
164.580197,65.388777,12.487226,32.058956
163.738675,65.653898,12.639156,31.578648
162.787438,65.425985,12.731496,31.360851
162.021393,64.266176,12.808096,31.800503
160.640296,62.893188,13.021224,32.523460
158.054938,62.147568,14.249665,32.870926
155.852643,62.212791,14.789722,32.171577
154.933028,61.612125,15.241593,32.205811
153.785620,62.057571,14.991961,31.309044
152.301508,62.806796,14.441674,31.229883
150.769283,62.101701,14.940962,31.836622
151.447706,63.145618,13.679851,30.422630
151.437481,62.643853,12.710721,31.412611
147.624143,61.535635,14.063350,32.588421
142.066348,59.869576,16.667801,32.833656
142.407660,60.372917,18.462427,33.709412
140.080523,60.514511,18.622696,32.907471
146.406907,60.506302,14.563046,31.575706
135.932437,62.065405,13.068604,29.346912
133.231162,61.385496,13.999352,30.306248
132.363433,61.461699,13.613685,29.833439
129.872204,60.163132,14.418523,29.339676
128.311717,60.168862,14.816094,30.202894
128.406929,58.979177,14.066092,30.591612
125.855443,58.632661,14.813015,29.753729
124.537416,58.627052,14.323077,28.391243
122.723413,59.598611,14.336559,28.800642
121.230452,60.305292,11.739313,27.902325
119.467906,59.993610,11.214562,28.168846
117.735559,60.026193,11.081326,27.927748
115.140107,59.682462,12.026325,28.496023
115.012711,58.755608,13.091146,29.483742
112.969358,57.780103,17.139521,30.622953
115.799932,56.851583,17.990808,31.926708
140.634352,56.332848,14.750986,33.960991
148.526190,57.098471,15.530344,33.023685
155.106525,56.285796,17.704947,31.704332
166.718352,55.131514,16.464943,32.693409
177.569717,57.300819,14.426688,31.456322
185.374847,59.072512,12.582792,29.851070
191.555584,59.562301,13.228659,29.767389
200.745681,59.203605,12.551094,30.512171
188.900921,55.945755,16.625837,31.501083
194.805679,54.914009,20.323248,32.982605
203.322965,56.867612,18.844975,31.677153
210.339412,56.831464,17.782211,31.478468
217.717755,57.967082,15.854253,30.422304
224.547044,58.216234,12.596508,30.075001
230.825368,58.085340,12.558772,30.785841
236.444238,56.808915,13.877307,31.347517
243.066244,57.118099,15.069217,29.257912
247.426229,55.846375,17.465410,29.701704
253.504739,55.557549,19.368145,29.444410
259.577182,55.620211,18.663826,29.208973
264.936724,55.728606,18.611368,28.109804
270.946931,56.152408,17.401836,27.026918
275.099225,56.863677,16.170444,27.525293
278.764766,57.257269,13.133872,26.640003
281.017252,56.594533,13.029901,27.459631
284.659509,56.083241,13.416508,28.373383
290.046085,55.395689,13.474920,28.373249
295.596213,54.645581,13.959939,28.478460
299.306423,54.998507,15.256643,27.322557
304.570822,54.842158,16.742098,27.002741
310.111355,56.072502,16.019110,27.419556
315.173247,56.359104,14.524667,26.188255
319.904683,57.185979,12.373852,26.659872
323.905629,57.614777,10.203114,26.193634
327.473330,56.324712,11.169159,27.053114
330.809140,56.254148,12.923557,27.258366
334.620322,55.573070,14.058541,28.126337
336.166896,54.720442,15.909424,28.556553
339.234994,54.614971,17.161472,26.844170
342.177794,55.057669,17.849670,26.985134
346.008789,55.240578,17.383184,26.586914
348.971648,55.865771,15.261498,26.706697
351.488148,56.277369,13.334372,26.539265
352.888061,56.394545,12.538733,26.005985
353.441674,55.801663,14.561672,27.066015
355.568278,55.355108,16.684166,28.405827
360.451182,53.621152,15.644097,29.722563
364.173865,54.113560,15.141023,29.443779
367.321254,54.679688,15.907226,29.403410
370.457489,54.096741,14.325131,29.819847
374.243757,54.618139,14.314357,28.563198
377.618008,55.819876,15.909460,28.980343
381.782144,55.681680,11.202235,26.513494
384.662405,55.497713,10.848048,26.432796
388.283911,53.437237,12.417452,27.214119
392.055300,53.352817,14.198007,27.780870
392.919549,52.860594,17.073681,27.409466
393.383382,52.271711,20.815464,28.614620
398.061276,51.696995,20.649860,28.690971
403.342664,53.328025,18.848820,28.167315
408.486283,53.096685,15.499378,28.311855
411.539920,54.485786,12.918335,27.510765
413.065124,54.071089,12.657889,28.043575
415.622231,53.893473,13.837872,27.877918
417.122124,53.139902,14.325346,28.536777
418.238097,51.872150,16.556793,29.107506
414.401118,51.659190,22.787224,29.848169
416.799212,51.718854,24.590517,29.602003
419.958351,51.529097,19.392973,28.398762
422.438094,52.055757,15.061844,27.970800
426.626365,52.249289,11.299156,27.579021
428.236234,51.908404,10.434963,28.003054
430.682889,52.502317,11.852245,28.168705
432.368146,50.150414,14.190731,29.412191
435.935428,49.696486,16.612915,30.937916
435.685585,49.239784,18.819403,30.878067
435.383810,49.720195,22.137346,30.674723
437.981284,49.768706,17.928299,26.791986
440.992522,50.534276,16.718262,27.229765
445.248544,50.007044,12.975307,27.626522
446.808434,51.358189,12.476179,26.290527
447.771039,51.679965,11.756755,25.877176
448.840998,50.886242,11.999697,26.492844
449.040333,50.488504,12.978033,26.911793
447.026258,50.191077,13.960245,27.014528
444.452749,48.683181,15.091250,26.496317
441.510209,49.652718,15.431065,25.222496
437.441854,48.889030,16.139818,26.945871
434.276519,50.187941,14.579834,26.780216
429.763054,50.171345,12.091131,26.144455
424.917822,51.678391,10.569574,25.636162
419.245634,51.752225,10.310153,25.635832
414.887653,50.097245,11.847938,26.364992
410.993169,48.394359,13.743603,27.496405
406.763293,48.528411,15.784295,26.827024
404.635800,47.867062,17.075657,25.606007
402.342798,45.889255,18.646875,25.612722
401.836028,46.227886,17.366959,25.283573
401.528846,47.226586,14.575179,24.698450
399.708620,47.529829,12.331225,25.121933
397.059544,47.222594,11.176054,25.297262
394.035254,46.396935,11.909328,26.305180
392.933971,45.826672,13.489421,26.468449
388.483577,45.009708,15.967068,27.968487
388.345914,44.157539,15.226776,29.178951
386.971264,44.181978,15.434664,29.054901
384.932430,45.226899,15.274905,28.015474
383.294236,45.208833,12.767433,27.779703
381.367936,45.767597,13.881042,27.537533
379.931825,45.413931,13.712989,27.442215
378.063952,45.652012,11.168637,24.861172
376.037339,44.342024,12.116246,25.294983
372.965361,42.573565,14.070078,28.040388
370.730491,40.879854,15.928841,28.024498
368.252615,42.518422,16.261850,26.025515
365.532520,42.845480,17.586699,24.988556
364.893105,43.693619,16.532118,24.593464
363.494247,44.654396,14.493742,23.823147
362.400937,44.516178,11.977185,24.314617
358.866071,44.648540,11.342052,24.562084
355.562289,44.534054,13.054092,25.102085
352.799832,43.272736,13.019612,25.606312
350.251330,43.757481,14.151108,24.789333
346.761046,42.943492,15.164787,24.485647
343.234236,44.063604,16.697618,24.759384
339.722461,45.925966,16.501389,24.493095
338.193547,47.288951,15.046345,25.184187
335.962580,50.220217,12.625588,24.589119
334.296245,53.163226,10.000000,26.145658
331.182999,55.791811,11.085497,24.954239
329.808741,56.720735,12.441731,24.988626
325.955043,57.847680,13.512173,26.602625
321.319848,59.251153,16.406441,26.817698
316.982331,59.250645,18.469795,27.101017
315.722741,60.341341,18.282242,27.364792
314.686896,63.159984,16.367840,26.942694
312.427814,65.132101,14.250483,26.253151
308.724486,68.458382,11.796947,25.749081
305.387726,70.973495,13.408381,26.480251
303.749302,72.246703,14.764154,27.718840
301.115714,74.832189,16.391376,28.369967
298.662741,77.674638,18.831709,28.588747
296.221262,80.290504,15.363845,25.919407
293.575234,80.797896,16.387924,25.577719
291.592513,79.252929,13.889584,26.023062
290.314245,78.886369,15.047835,27.070986
289.079696,80.200226,12.426617,26.594280
287.275929,79.663399,10.112953,25.613743
285.049271,79.743007,10.321103,24.836714
283.889369,77.291800,11.558796,26.407061
281.232479,78.383014,13.420267,25.884630
279.459763,77.483375,14.679651,25.490526
275.086884,77.341070,17.420677,25.562061
274.193664,76.214242,16.759205,25.428572
272.785191,77.667105,16.701235,24.294987
270.761078,78.021132,15.295809,24.254305
270.168674,76.813498,12.482730,25.613613
267.988910,77.140282,10.461933,24.882210
264.142112,77.524379,11.926471,25.096163
262.583898,76.993652,13.172577,25.133705
260.527374,75.820460,13.835108,25.724321
258.779517,74.931092,15.058148,24.688719
256.143892,75.751741,16.603849,24.516918
253.522510,74.750357,16.738529,24.894947
252.966461,75.883556,11.668376,25.741806
251.088418,75.070904,11.891731,25.480453
249.380891,75.793310,11.454421,24.807003
247.564301,75.211249,10.322976,25.529436
245.297067,74.860367,11.914405,25.653603
243.188559,73.286871,13.019757,25.242886
238.100139,72.968908,16.765446,25.740559
236.745559,70.858641,18.101505,27.193012
236.081028,70.799959,14.538476,26.403004
234.697570,69.976729,10.999935,26.275782
232.837114,70.189390,11.416601,25.368557
231.632864,70.216085,12.858649,25.182507
228.729712,67.647448,14.685202,27.265316
225.522725,64.616015,16.881462,30.250788
224.500874,65.401011,18.547251,29.638788
222.693357,66.666566,14.427259,26.334669
220.671264,65.212087,14.313685,25.859541
218.207167,64.858544,16.564169,25.495192
216.030521,65.918893,16.655519,25.315565
215.259028,67.110346,11.077572,23.466816
213.828955,67.677909,12.460588,23.949167
212.206135,67.208626,10.019934,24.300423
210.008549,65.547209,10.000000,25.320435
207.211095,64.483705,11.331007,25.962732
205.924174,64.218880,12.369349,25.279827
201.320759,63.074390,15.119674,25.602680
199.365853,62.317087,16.718657,24.603920
195.874846,59.278134,18.889950,27.147142
195.510673,60.626975,16.885241,27.133574
194.853977,62.053268,15.016953,24.191181
193.411805,61.809034,10.198829,24.611511
190.769827,61.456108,11.012786,24.659374
189.522320,59.774008,11.132854,24.800655
186.929832,58.396528,12.508585,25.350254
184.739763,57.507754,14.496525,25.934565
183.561114,56.243959,14.300798,25.908077
179.814044,55.741638,17.168001,24.246681
178.982301,53.395859,16.696539,26.245583
177.049347,50.431680,16.456535,27.270185
175.745535,50.787864,12.970141,25.103579
174.155416,51.263098,10.979543,25.525509
170.517447,52.170595,12.514839,23.993755
169.028658,52.268508,12.800934,24.296381
167.697663,50.246982,13.294986,25.976244
165.965291,48.918513,14.411120,25.936213
162.640481,47.536045,17.107355,26.137375
158.862770,46.319661,17.346951,27.695089
157.150926,46.834171,17.737566,28.332764
154.564403,46.834546,19.321272,30.119879
149.342986,49.060352,19.831472,32.440903
144.171045,47.093315,27.826180,37.331650
141.118500,48.463230,22.659473,42.082649
140.488120,47.110289,23.308638,42.887981
138.005577,47.616186,25.362514,41.671955
133.971013,47.568502,29.848772,41.524555
128.505479,46.838741,31.683283,40.793465
128.542265,46.863735,28.873322,42.196754
130.782248,43.304052,36.563110,45.883823
122.528334,43.842358,45.569916,45.395073
71.191431,27.243416,41.934776,60.127975
18.054859,48.200453,14.261272,33.566761
38.472323,40.914381,11.999160,26.392918
37.672056,41.591715,12.428033,26.470470
36.133955,41.701663,14.359870,26.764261
34.782085,40.808720,14.801319,27.092613
35.096735,41.617817,15.153816,26.693794
37.279841,42.001699,14.296247,26.894573
38.365953,41.383093,14.867455,26.939228
41.142723,41.876298,13.633954,26.551680
44.064869,41.284484,13.371600,25.890589
47.439291,40.721006,11.907784,26.662273
48.322589,40.563490,15.150136,29.043438
55.894278,40.610092,12.482437,27.670586
55.060974,39.148354,17.127430,34.013252
61.357969,40.003286,16.753662,36.059422
65.186131,39.568157,17.322498,39.595520
68.450311,39.766603,16.889444,42.715214
69.307947,39.593651,16.242752,43.040199
73.514793,39.590740,16.255260,42.886246
75.211501,37.845810,17.403730,45.258553
80.684850,38.840765,17.277063,43.592075
84.861100,40.799620,15.941791,41.647877
89.503582,37.038683,15.393039,45.916058
95.225088,39.902746,15.205032,43.621403
100.018899,37.673756,15.464685,44.992165
105.160973,41.342283,15.522723,41.159023
109.165171,37.845318,15.646728,40.625946
112.951144,40.248621,17.464933,41.504612
115.598749,40.670304,17.342728,31.511396
119.603488,41.448714,17.847418,27.133989
123.946835,40.357531,16.531002,26.988026
128.209693,40.908051,16.964437,32.216492
132.951591,40.514421,16.969707,37.249287
133.761245,41.356995,15.477445,26.550117
139.534168,41.122725,13.085255,27.088314
138.435040,41.091831,14.267436,27.966080
143.781555,46.358694,20.985600,32.764095
150.033827,51.892594,13.303986,31.656210
152.857862,53.128061,13.835793,30.788410
141.123735,40.697349,16.256138,27.031187
142.686569,41.562705,14.561112,25.612921
143.763401,42.124599,14.165284,25.548229
145.530640,42.089282,13.907333,25.394361
147.212182,41.358954,13.057364,25.524618
146.980506,40.448117,12.861642,26.647326
148.905367,41.375362,11.105212,25.647274
150.532926,40.067784,10.000000,27.124063
148.881176,39.692105,14.182445,27.692369
147.034747,38.473892,29.507475,31.457188
189.128483,43.958602,12.409021,28.124121
189.162497,44.654738,12.779830,26.328970
188.795302,45.414454,13.228666,25.308563
188.926637,45.732090,15.328408,24.782269
188.308175,46.116226,16.802378,23.051144
188.679950,46.172870,17.195415,21.997328
186.433270,42.317513,19.595842,38.861576
187.436762,43.246908,16.855703,35.394699
189.277112,44.097998,13.967081,37.051193
191.988451,44.288219,13.430557,39.574078
191.748611,44.249544,13.266354,27.048759
191.947142,45.003413,11.181578,23.844488
190.704338,45.297836,12.609630,23.954655
189.683711,45.776550,16.191206,23.966084
189.149904,45.636899,17.190987,23.331347
189.308439,44.611406,16.869110,24.216591
190.743943,44.778268,15.598672,24.605227
191.454264,45.136778,12.334921,23.604179
191.166158,46.453456,10.691734,23.297667
189.256221,45.937107,11.840637,23.702812
189.784659,44.243167,12.808504,24.680506
189.533473,44.180130,13.559175,24.638878
188.414860,45.235862,15.332251,23.099123
186.858556,44.693617,17.434933,23.773075
186.825199,44.074019,17.109467,24.188799
189.637589,45.175429,14.315602,21.814478
178.201413,40.879764,20.118288,27.421412
180.662382,41.770363,20.499008,27.222702
183.032902,41.321033,20.780451,28.277016
185.015697,41.238985,20.236568,28.169765
187.676022,41.117149,19.303286,28.383469
190.681174,41.153951,20.556814,28.497114
191.680388,41.661100,19.563444,26.200970
192.128467,41.894529,18.279881,25.635494
193.616854,42.541267,15.656943,25.138306
197.627422,42.365287,10.685566,24.857729
196.915433,43.286557,11.911415,24.284002
197.772233,43.691832,11.150558,23.984936
198.795632,42.927807,12.077661,24.467445
200.250780,42.519851,12.406653,24.260210
201.068621,41.471123,13.212835,24.831581
201.367589,42.067502,14.628929,25.068136
202.660383,41.261885,20.560074,25.422176
203.423698,41.881994,19.447987,24.266911
205.867881,42.629560,11.364742,23.147520
208.284305,42.656360,11.903295,23.865290
209.762541,42.405310,10.695045,24.094372
209.636575,42.311033,11.377915,24.146442
211.596663,41.777516,11.718192,24.392591
212.989572,41.682089,13.888435,24.188236
212.339771,41.153321,16.246754,23.956579
212.312689,40.346284,17.640356,24.678236
214.195820,40.185472,16.520960,24.237583
214.960704,40.075012,16.981060,25.106392
217.121852,40.961738,13.330800,24.435808
217.903860,41.435801,11.874268,23.521297
217.028137,40.988379,12.922236,24.282810
218.675333,40.380806,12.272156,24.268608
219.447700,39.969311,12.682232,24.587646
218.690769,39.719992,13.965869,24.807140
217.680316,39.697164,13.020481,24.731153
215.491641,39.422980,16.981703,25.327951
215.837073,38.793360,13.074918,24.870014
215.669985,39.532537,15.295835,24.636694
216.114029,40.690114,10.261194,23.849722
214.488239,40.964395,10.000000,23.821711
213.522871,40.484119,10.745903,23.953579
211.328963,39.782899,13.033926,24.386560
210.055104,39.514604,13.736002,24.159349
208.722016,38.964333,15.619158,24.287388
206.476765,37.844668,17.372936,25.538244
207.637827,39.172866,16.727776,23.708860
209.906429,39.584602,14.728222,23.124607
212.789516,39.716288,12.123403,23.583649
214.513688,39.554485,10.685252,23.190746
216.264794,39.600716,11.759593,23.667931
217.828575,39.162037,12.424977,24.657463
219.973032,39.347314,13.479651,23.892591
220.973616,39.013397,14.818221,24.257965
221.928097,38.161766,17.308895,24.350212
223.230048,37.683044,18.160048,24.560402
224.846453,39.072640,17.073219,24.064306
226.487719,38.314250,16.471146,24.694994
229.289219,38.978803,12.217235,24.392027
230.538701,39.234016,12.812007,24.275841
232.674824,38.109505,11.265705,24.910500
235.287087,38.078323,11.933741,24.639305
235.359008,38.467898,13.125097,24.566538
235.123804,37.704820,15.158280,24.801237
235.737366,37.265927,17.000843,25.750776
238.651235,37.797931,17.021456,25.215319
238.641502,36.406971,19.104839,26.823280
240.968800,37.702641,12.794780,25.077408
241.679070,38.792418,11.024845,23.825434
240.941171,38.057349,11.496206,24.565996
241.614690,37.850139,13.279599,24.956911
242.003654,36.434214,14.865457,25.178440
243.730638,36.891068,14.681097,24.693748
242.696890,36.306610,17.381252,24.301369
243.551293,36.774795,17.416983,24.270678
245.558826,38.113597,12.890237,23.248995
247.393379,37.870258,12.644470,23.358894
248.811867,38.126149,12.555213,23.972082
249.829162,38.256783,11.083246,23.453369
249.890133,38.485429,11.896324,23.601919
251.736798,37.647838,12.071677,23.961435
252.179465,36.684310,13.436617,24.740435
250.875549,35.593180,16.401169,24.433018
250.516798,36.308151,16.893261,24.239212
251.674656,36.043589,16.982933,24.824474
251.844027,37.587872,15.581669,22.604141
253.826025,37.017588,11.733219,23.166172
253.389491,36.886518,11.918924,23.104696
254.972020,36.570223,11.700964,23.959179
256.420733,36.216136,12.610239,23.927401
256.165549,35.675283,13.931689,24.810642
255.608576,34.947456,14.747616,24.612900
255.965913,35.144544,17.623663,24.815710
256.931017,34.459816,17.753460,25.355087
257.924861,34.837939,17.163523,24.497263
259.456283,35.487459,15.692445,23.571590
259.780893,36.027599,12.205975,23.524040
259.864350,36.154919,12.041830,23.228813
261.142208,35.790200,12.206872,24.265310
262.443549,35.336370,12.463266,24.674574
263.550797,34.705493,13.625525,24.092707
262.908433,34.511284,16.333113,24.471924
264.069279,33.598017,16.937767,24.502491
265.317155,34.168104,16.197485,25.359447
268.650740,33.927196,13.326138,25.080980
270.140136,35.850380,11.404512,23.931580
269.742191,35.394996,10.061830,24.536470
268.818002,35.266571,11.680815,24.301186
268.455575,34.826524,12.612799,24.641005
268.537456,33.340294,14.040545,24.944008
267.559694,34.157137,16.164570,23.588070
266.608802,33.474544,17.372683,24.320780
264.679248,33.541659,17.529650,24.396051
264.293414,34.463442,15.801578,23.821453
263.969412,35.155673,12.374141,23.202394
262.309746,34.524119,10.463959,23.665216
258.989387,34.537668,11.117116,23.857254
256.218784,34.441363,12.246441,23.842543
255.028519,33.604069,12.614551,24.181789
253.256206,32.693521,14.280332,24.574137
249.795586,33.093130,15.163135,24.753891
248.146649,32.926188,15.247355,24.153242
246.164594,31.662170,13.498323,24.840839
244.606797,32.151387,10.960605,24.914927
242.733048,32.591675,10.000000,23.930195
239.783662,31.805553,10.000000,24.282856
237.369044,32.302302,11.976007,24.189142
232.856822,30.310195,15.479249,25.789515
231.781614,29.847212,15.811014,26.384350
229.865416,30.252727,16.401636,25.642214
227.699591,29.898417,17.193544,25.251833
227.434247,30.687398,15.773496,24.423697
225.697124,31.821304,14.125608,24.427559
224.725724,31.303743,12.841587,23.890087
220.305180,31.326591,11.551985,24.037645
217.575875,30.894535,12.965630,24.143181
215.995229,30.941743,13.401947,24.658583
214.635508,29.718002,14.558058,24.524086
212.874714,30.046511,15.082346,23.667904
212.327531,29.979801,14.433082,22.396797
206.253601,29.688162,17.228456,31.235249
205.764964,30.208441,14.712361,30.424366
205.027710,30.447830,14.640566,35.700867
204.386366,31.733850,12.097876,25.144085
203.415291,31.042822,13.669724,25.704052
202.363337,29.644587,13.362897,24.965168
203.667825,28.743526,13.237884,24.612017
201.980252,26.594879,15.818620,25.496231
200.777900,26.528991,16.985081,27.007051
199.341730,27.861979,17.266516,25.450130
198.154484,27.899048,15.720751,25.947388
195.933163,29.735579,14.399957,24.727007
194.865196,29.474127,10.637110,24.167645
191.153301,29.470372,10.990539,23.932318
186.893243,28.743361,14.281406,24.158089
186.106874,28.734227,13.587543,24.468019
183.657644,27.860161,15.500110,25.505947
178.015635,26.757731,18.935402,26.093481
175.864180,27.996148,19.480433,24.985498
175.452540,27.742547,17.942596,24.959558
174.836166,27.488008,11.869323,24.966539
174.419316,29.291631,11.413288,23.902246
171.916275,28.006310,12.156019,24.884403
169.628808,28.536531,14.477130,24.922058
167.023377,27.532899,16.590191,25.213030
165.222621,26.493986,15.362082,25.889740
161.826878,26.303331,16.618078,27.017418
158.417034,25.926949,20.160070,26.694530
157.452163,25.808144,18.232536,25.161938
156.338065,27.758713,14.536500,23.900845
155.702058,27.861861,12.599766,23.462080
153.128221,27.447488,11.089584,24.074266
149.928014,27.816308,11.625874,23.848429
147.908277,26.361346,13.684489,24.838888
145.562605,25.624064,14.356447,25.209829
