258.000000,72.000000,23.000000,79.000000
256.801080,70.538242,21.482664,76.770424
255.205673,70.256687,21.586304,75.531883
253.265210,67.570213,21.654577,76.227707
251.991841,68.342529,22.045675,76.638306
253.759153,69.358543,22.347294,77.269608
257.981815,72.681931,22.162453,77.171753
259.324276,74.650604,22.247993,76.419128
261.968849,76.633804,22.526016,77.859131
268.908238,82.669842,22.830938,75.927910
274.992908,88.230309,21.543190,75.609573
277.334633,87.040508,22.825287,77.889076
278.276187,86.613655,21.956614,75.688324
279.319541,79.799690,22.608782,77.730011
281.431440,73.158089,23.092045,77.207642
289.299534,69.610432,22.458702,76.071587
290.815786,66.230747,22.147038,75.901024
294.929891,68.667053,23.501364,77.460434
301.304959,75.202457,22.343817,77.069450
306.222237,85.725132,22.848999,77.548637
309.487324,96.390633,23.349739,77.378433
310.534926,106.058575,24.051409,77.288887
310.084988,115.585155,23.616508,76.966499
304.267970,119.809082,23.203363,77.165146
296.580171,122.373127,23.385176,77.116692
290.453167,119.416332,23.279854,77.980537
284.334724,115.658615,22.843140,76.564117
276.314301,107.909885,22.870832,76.139061
270.419461,98.020092,23.198294,77.639580
269.691131,90.799049,22.118288,77.095154
270.628952,86.004887,21.174255,76.263649
268.846745,80.636612,23.322151,76.365799
264.345016,76.484451,26.886093,75.619690
262.184227,72.314026,29.134384,76.155197
257.725729,71.066883,34.453114,76.136864
256.364422,68.673836,37.424431,79.049164
256.793701,72.375984,37.849625,77.477188
258.661407,73.845364,38.318420,78.000786
258.463785,75.841820,38.405834,77.323929
255.347651,73.090641,38.308590,79.641655
254.853508,77.188755,32.462357,76.178627
253.213621,76.989361,25.677418,75.311119
253.997018,77.073940,21.255568,76.272240
249.474144,78.659973,21.299866,76.041153
243.888070,81.433365,24.843214,74.517624
237.661646,83.136242,30.699261,73.186516
229.404366,84.567226,38.864746,74.112389
226.072470,85.381283,41.475376,75.747200
225.800928,86.242268,43.875698,75.539558
225.435381,85.641766,43.889721,75.777275
224.883638,85.415577,37.555141,75.416161
224.831242,83.955925,32.811760,77.314484
226.236861,83.190708,26.299364,76.822456
225.763867,81.031265,22.759237,78.422150
222.914874,82.416702,22.468592,78.589691
218.536519,85.014576,27.186178,79.639961
212.366379,87.619953,33.219742,78.415382
209.384951,88.064384,39.147137,79.495850
208.409122,89.126003,41.467628,80.069740
208.548527,90.458435,40.140694,77.280640
209.256182,90.024822,38.299343,76.668861
210.211552,88.566772,34.832146,76.711044
214.208858,87.936798,27.683342,76.356567
216.622508,84.462711,21.411341,77.527596
215.480098,84.245903,21.401804,75.941116
214.141321,83.068493,24.261898,77.862755
208.817263,82.279041,29.415005,77.150429
203.804838,82.723991,36.618702,76.211670
202.595671,81.040726,40.415592,77.353302
202.637241,80.047577,41.638893,75.499680
207.728546,80.243229,41.434097,74.627312
209.756495,78.068813,38.226894,76.173592
214.867836,79.359840,31.272324,76.389114
214.442167,78.409794,27.955219,76.849373
216.284710,79.607262,24.167854,76.921127
213.974752,80.164055,25.221973,77.657547
211.653757,82.935837,27.154568,77.221008
205.922213,85.389084,32.825420,77.211960
204.010906,86.121544,36.068108,77.604156
203.013235,85.682140,35.053944,78.313133
203.216595,85.312046,33.784859,78.393105
203.333624,85.416885,32.581440,76.723267
204.810592,84.494293,31.588137,77.003098
205.449346,85.489376,31.584784,75.640236
208.211254,82.936481,29.944115,76.574654
209.791510,80.467552,29.469257,78.125214
210.241235,78.649124,29.638716,78.054001
210.864795,78.957985,31.035440,76.396500
211.009226,76.199226,33.811214,77.929932
212.976704,77.176544,34.811913,77.350571
213.560961,75.027649,33.951839,79.007080
214.673088,74.792526,32.411026,77.516312
214.175371,74.334587,31.481625,78.356659
213.403939,73.094490,30.589415,78.608047
212.371037,72.959358,29.622459,78.066498
210.938788,74.210812,29.577761,79.350212
210.008434,74.443623,30.276466,77.936714
207.061169,76.110916,30.503578,76.819199
207.567235,75.888546,28.626669,76.053444
207.537272,75.440170,26.824076,75.911957
207.947822,73.589180,27.099276,75.381607
207.453317,74.402489,23.991056,73.525238
207.659535,75.223419,25.431448,74.056519
204.656964,75.731159,26.395391,77.177574
201.356574,77.968479,29.793077,75.516563
199.443863,78.840740,33.699814,75.309761
196.852882,79.064400,36.347595,75.570374
191.219828,76.282303,36.454556,75.734711
186.297724,74.004387,38.047298,75.933548
184.391533,72.332031,36.492722,75.668716
186.088045,71.690540,31.450405,75.739281
188.193488,70.932777,29.545107,76.073486
194.186962,70.520336,26.169945,77.624977
197.156215,73.838776,23.046122,75.647491
196.489143,73.677322,26.433014,76.006775
194.400932,72.128090,30.759918,77.489349
190.447374,71.698540,37.713863,76.210129
187.450283,71.282097,43.217171,74.786331
186.081657,70.900318,44.551758,75.057549
187.423504,71.267151,42.726280,77.976761
190.129377,73.389835,40.736378,77.895897
194.915611,77.695335,35.793854,76.126755
198.659029,77.616493,30.393368,76.476822
201.609832,77.523884,25.740602,75.732521
205.740694,76.430077,22.745663,74.936371
205.739321,73.645641,24.902493,77.253746
204.397777,74.119720,30.812098,77.525452
203.266708,73.472065,37.048386,77.887749
204.020718,75.077892,41.159843,76.993950
202.681761,75.975231,42.903263,78.142097
204.005026,78.985142,42.168736,77.255363
205.774418,78.664715,39.565758,78.788429
209.052929,79.871300,33.878166,77.395660
214.087885,79.684036,26.969540,77.488007
217.530931,78.358051,23.169201,78.416405
220.917507,80.155865,22.543999,78.691139
221.095982,80.142452,25.833458,77.938271
220.775310,80.744408,30.039850,77.623199
220.757262,81.984383,31.794115,76.365540
219.799015,83.669117,36.894447,75.236458
219.138626,84.619202,37.571823,74.307861
219.614346,84.831898,36.368813,74.615593
222.371712,78.763279,34.069290,78.111366
224.346830,77.593006,32.880405,80.128441
226.790443,76.308475,25.535080,77.993156
231.350173,75.359879,23.139269,77.410324
233.950426,76.470264,21.071560,77.745888
234.153172,77.645531,23.517920,79.475174
234.888516,78.534943,28.656820,78.136551
233.714779,81.404873,33.459267,76.170738
233.973625,81.976746,35.900131,77.069199
233.008785,81.595234,37.026497,77.435844
231.227661,80.740120,37.406265,78.149857
234.937805,81.241364,32.811203,76.456696
233.001698,77.648354,34.429482,80.007416
235.930309,78.364334,32.329918,78.540787
238.688528,77.468216,31.334751,78.737167
241.159533,77.379314,29.587902,78.682060
242.468894,77.945835,30.052233,78.670097
242.540724,77.525803,29.832905,79.070404
241.891855,77.444946,29.680523,78.370224
241.931460,77.069553,29.393747,79.155037
240.539803,76.576050,28.472031,79.978821
240.279470,76.233692,27.552097,79.492455
239.134882,77.117908,26.198620,78.594215
240.050012,77.511177,24.374525,78.320526
239.268309,77.495853,22.793400,77.873253
239.838986,76.555080,21.204962,77.738487
239.163966,75.418633,21.438715,78.146545
238.709270,75.185791,21.215082,78.715057
238.983786,74.790462,21.339893,78.042168
238.849963,75.311565,20.678186,77.012108
240.117657,75.095619,21.506676,78.331970
241.807003,76.602505,22.024864,77.082817
243.518117,76.525963,21.978170,76.905289
244.720800,76.965202,22.222584,76.638977
244.532378,75.112949,21.729448,76.382683
247.119816,74.583706,21.625954,76.841988
248.993970,75.660477,21.466848,77.131775
251.846733,77.155369,21.317215,77.192223
254.778491,79.978951,20.938745,76.265503
256.252481,80.024475,20.208113,76.928619
257.643594,80.422237,19.870558,76.652870
257.877521,79.665504,19.070307,75.772202
257.957919,78.686985,19.191172,75.399803
258.817225,77.597485,19.091196,75.366478
260.015652,76.807819,19.665642,76.827370
259.324449,79.509617,20.729445,74.820747
259.975474,78.399616,21.910700,77.165260
257.705682,79.231617,26.009169,77.260506
254.990992,79.245785,27.744045,76.599709
255.787081,81.697491,27.990215,74.945335
253.645443,80.800205,29.232567,76.532799
257.169888,82.635345,26.718239,74.940170
254.420320,83.826870,28.628263,74.307167
254.668581,86.291977,28.118816,72.554764
253.823280,81.905968,27.439789,74.897385
250.965814,80.704575,25.397413,72.445099
253.245165,78.411854,22.808392,70.421379
253.973065,76.357227,22.646872,70.912117
255.004229,75.375542,21.117992,71.453354
251.419999,73.180832,22.179152,74.969864
249.236217,73.928799,23.756676,73.230415
245.767603,76.142872,27.094204,73.765099
246.261736,76.898785,28.206768,73.928429
246.315072,78.162155,28.964766,73.914673
245.433603,79.537006,29.001705,72.317345
246.069786,76.925510,27.175308,73.960747
245.453864,76.213955,27.400713,72.967186
246.241669,77.226765,23.976654,71.264519
245.098063,77.459919,24.174829,70.546303
242.833351,77.193832,26.183136,70.707840
241.242060,79.826801,28.314220,71.415581
242.057231,79.291534,26.606226,71.116348
236.551398,79.136116,30.637682,71.562775
233.108818,82.774628,31.392761,66.067963
233.219255,81.904507,30.272274,68.138206
233.185882,79.924561,31.134005,70.597702
232.723100,83.769867,25.833677,64.846573
233.682204,79.164581,25.901979,69.879272
231.200096,77.991901,25.497467,70.033119
232.704848,76.972404,22.452471,69.895798
234.170652,74.306942,20.021442,71.263985
230.225664,74.257809,21.753170,71.317924
224.165881,74.303383,25.360804,70.772659
218.093081,74.468880,30.496502,70.460938
214.075344,74.223110,36.672112,72.122139
215.099670,75.307781,36.475357,71.395988
214.258532,74.900448,36.942211,70.904762
213.303322,73.228828,36.072952,69.832199
215.277210,72.574207,30.586266,69.119682
214.442951,72.245487,26.843391,69.880165
214.578728,72.484356,23.646103,68.548637
213.546046,71.859730,25.277491,68.628395
212.022541,72.128792,25.564964,69.179535
211.406487,72.540741,27.070694,69.766754
208.804728,73.584198,29.899319,70.372559
205.731685,74.602650,31.855310,69.449364
207.140407,75.132481,31.750788,68.937279
206.472550,75.785038,30.800978,68.205132
206.962504,75.754715,30.050684,69.446320
207.013323,75.426506,28.536907,69.596313
207.409029,74.121979,25.441906,68.032639
206.764887,73.969933,24.124126,67.197769
210.013992,73.858776,21.934479,65.170235
210.284582,73.173214,21.740009,67.600609
212.197017,74.145008,20.183832,64.577217
207.271410,74.327267,23.952282,66.421150
204.767570,72.561176,28.117464,65.871880
207.498981,72.552723,26.561516,68.390358
209.043439,71.525219,24.761755,68.398323
209.511228,70.781559,24.364370,67.016106
209.827868,69.557690,23.579403,66.129021
208.958301,68.061287,23.109766,67.808838
208.667528,67.889683,22.861980,65.524895
207.808887,67.758545,23.077005,66.243134
207.726450,68.445393,23.689602,64.239738
207.042352,70.166222,25.442762,62.775711
205.167980,69.998684,28.087120,69.377495
204.530783,71.154900,29.566486,70.921310
205.818693,71.229912,29.647129,70.940094
202.362587,72.126202,31.198486,71.283562
206.238413,73.541798,27.499447,70.702675
202.870725,74.126442,26.625219,64.247086
203.383795,72.561192,24.127033,65.414162
202.177642,72.321560,24.248491,67.805916
202.832789,71.538116,21.754206,64.170105
200.073439,71.873314,24.837513,62.428101
202.465257,72.200808,23.070051,63.749187
202.446995,72.070316,22.126198,64.064095
202.546632,71.384346,21.869612,64.935669
201.344739,72.254196,21.135092,66.186691
200.854441,71.845966,22.493038,64.914467
196.896375,70.621277,24.350729,67.925995
197.611138,71.552826,22.775373,65.974792
197.759560,72.368713,22.811432,64.059937
197.319530,74.130531,22.706230,65.481308
197.093738,75.708973,21.476236,62.805702
197.297168,76.013186,20.987833,61.165768
195.393734,77.264748,20.663307,59.802902
196.317282,76.862659,20.702885,61.959282
193.317552,75.546200,23.629118,69.305611
195.855820,74.531326,20.522339,66.226929
194.185383,73.826374,20.261421,64.692955
192.255450,72.175938,21.287134,65.455589
192.599279,71.019100,20.305912,66.025688
192.382645,71.112049,20.843338,66.795708
191.736824,72.119980,21.599213,66.357544
193.258525,77.370384,21.098307,61.997757
194.011777,73.100117,23.499823,68.067268
192.484485,78.677238,21.369516,63.521729
194.891475,78.433971,17.695154,57.183372
191.687869,75.782745,21.275270,61.274399
192.533756,80.869738,19.109360,53.336071
193.860669,80.491447,17.862074,53.513206
194.203974,83.115860,16.054646,50.176216
194.128304,83.292213,16.370712,50.096207
195.029912,79.277657,17.743658,56.545235
194.696878,82.671202,16.068104,51.927608
194.800261,80.654055,16.706026,53.718197
196.224332,83.014845,15.940916,50.815777
193.149354,82.452080,18.931051,52.855293
195.852887,84.665751,16.575529,48.428722
196.233519,81.909590,18.117329,50.253254
189.144094,82.577904,21.253439,62.804672
190.772121,83.312571,20.678749,54.341518
193.713332,78.929121,22.219332,58.668995
196.541053,83.424984,18.437502,47.839180
190.654255,80.236099,20.730614,64.291504
192.860600,83.495022,20.708122,52.111290
195.368002,84.153778,18.744480,48.200592
198.253785,85.363821,16.115561,43.801327
198.249073,80.836529,16.677727,48.830833
199.852391,79.582376,16.272383,49.311039
191.795521,78.145916,21.693710,60.670921
190.091725,78.486029,24.776899,62.174717
191.917859,81.001732,23.864210,58.145172
193.595504,81.220543,22.096628,62.666702
191.727138,80.439564,24.434771,60.768547
197.167258,86.013367,22.516382,53.850891
194.525288,79.177050,24.272278,63.690884
194.927833,83.838432,23.758844,60.769012
194.737896,81.084339,23.840836,60.518974
194.514881,77.679237,24.117386,64.379578
194.961000,76.913616,25.695988,59.911736
198.969781,77.982237,24.892431,56.208637
199.158562,79.730448,23.493675,57.284542
210.161531,81.085276,19.305607,49.018856
204.564583,80.830723,23.858932,62.692055
214.569267,82.348448,21.709335,53.955479
215.691239,84.846102,21.887129,52.177898
221.448281,82.481066,21.443602,50.379238
228.260670,80.286247,20.310936,48.520782
228.178860,74.093134,23.802788,55.782803
234.752630,70.941986,24.131687,56.893890
233.516819,64.523952,23.645790,51.898262
234.424331,63.762289,29.144991,56.452198
251.300129,61.505869,23.153603,54.801800
257.330987,60.995142,15.703748,49.374279
259.167967,60.732712,17.501186,50.458504
263.654123,63.675678,19.707920,50.518005
269.563840,65.941929,20.856123,56.602448
276.104188,70.197132,24.530722,59.873978
282.532998,73.626087,28.145269,62.370926
283.073079,77.947477,25.471098,62.286556
291.392412,80.570141,22.104069,64.651367
291.802752,82.493393,21.105700,66.456886
289.131533,80.103546,22.996510,67.186134
282.984907,78.397926,21.064022,65.583366
278.551541,76.600365,21.362272,67.484123
272.710522,74.780035,20.168793,63.100582
267.783633,71.000374,22.380922,68.622215
265.125128,73.939705,21.148266,65.513008
262.999071,75.377941,22.993793,68.203598
261.580887,77.081047,22.568748,66.126595
265.217409,76.855843,21.523472,68.707787
261.718683,78.339928,21.847324,65.174278
259.386719,77.726662,23.599373,64.541039
258.444708,79.651127,24.435116,65.445145
259.346264,78.920570,24.122147,63.008202
260.938432,79.551388,24.726416,65.318924
260.225633,79.279400,25.025564,65.558411
261.092863,79.693775,25.991955,68.338226
259.829750,81.208107,26.596748,72.386360
259.603397,80.119118,26.520767,69.039482
255.062785,78.235451,26.441225,69.137321
255.938094,78.113014,25.989908,67.260414
256.903294,79.930981,25.233780,70.073822
256.195491,83.864166,27.036013,70.131676
255.732335,85.461781,26.898344,68.980545
253.059965,85.007561,26.245037,68.565865
252.460998,82.738636,24.883677,70.787537
249.031120,82.078613,23.793129,68.763832
247.305730,80.888714,24.166929,71.802490
243.303183,79.912579,23.926693,67.359268
243.724319,80.228954,24.440775,67.316650
243.230967,80.944740,23.669636,64.668297
243.271258,82.794159,24.620806,67.189659
243.160955,84.634396,26.069698,65.784821
242.781061,82.758572,27.738041,66.036102
239.525511,82.657490,28.549038,61.307388
240.795529,81.139639,27.433287,63.564297
240.894516,80.032038,27.455971,62.857059
240.736380,78.771069,28.167751,64.823074
241.017856,79.146660,27.784456,64.938454
236.628811,79.505398,33.470200,65.252106
250.198662,79.040855,22.844795,66.844444
252.872947,79.637047,21.760721,65.929543
253.978993,79.212078,22.403959,64.948761
255.107370,80.075706,23.299625,65.442207
255.574243,78.924988,26.366674,67.325920
255.833059,79.156548,27.741375,66.633797
259.054617,79.879694,27.290600,63.381260
258.144251,79.189430,29.919987,65.369179
259.388520,79.340229,30.550817,65.713226
258.917594,78.517784,31.349421,66.877861
258.874760,79.040630,32.081940,66.904419
261.795572,80.234600,30.224018,67.497055
264.203117,81.220905,29.235054,67.467545
266.939548,82.053993,25.513964,67.760414
270.653527,82.549274,23.683126,67.706482
272.474314,82.122593,22.050114,66.412155
274.112413,81.895657,21.147633,66.112259
272.956665,81.618378,22.363136,65.921989
273.304601,81.308247,24.811628,66.109253
273.648067,82.148067,28.604691,67.346771
275.708251,81.261059,31.639521,67.404144
279.096725,82.243111,33.365929,67.338600
280.921831,80.420010,33.525059,69.255035
285.203497,79.584713,33.037212,68.714279
293.067742,81.080578,29.654654,70.136581
301.447515,82.064484,28.867140,69.882576
308.644491,83.204647,26.744274,70.470200
317.961901,86.329777,24.567814,68.150726
326.090188,88.367260,24.903265,65.089813
329.876986,88.915844,27.421635,67.305603
332.243384,89.393002,27.866999,66.743134
330.020212,87.687565,33.479649,67.759140
333.089588,85.205563,35.712799,69.580200
333.042513,86.134010,35.855640,66.531670
335.870361,84.025646,34.339546,67.658310
336.713625,83.300354,35.589527,69.180061
343.290837,83.885395,30.355330,70.227814
352.987282,84.075470,24.764931,70.144997
356.833968,85.989948,23.867472,66.469696
360.620643,86.605839,21.785288,68.825348
361.403848,85.095665,19.422674,70.759331
361.647783,87.394512,18.718235,71.981064
362.806178,86.763069,22.492769,73.980186
359.741844,88.770309,26.630852,73.627815
357.937443,91.491493,33.226059,70.059761
356.102198,91.800751,33.556141,70.353355
358.507866,92.514366,29.784248,69.790154
359.492385,90.358685,26.188379,70.573181
362.511251,87.886505,22.887218,72.890129
361.522088,88.027119,23.890432,71.079483
359.592756,87.260056,26.458248,69.873238
359.422414,89.672367,26.906172,69.167145
359.182892,89.690590,29.930351,69.222328
355.548815,90.095470,33.086216,71.132996
352.469526,92.917149,34.743084,70.233963
349.420918,96.315907,36.295181,68.675201
347.157940,98.165909,36.362442,70.206642
346.931345,100.984440,35.312534,71.350525
345.919590,104.272629,33.042358,71.582130
346.257904,107.673531,29.064888,72.708916
345.491900,111.561211,26.573107,74.897804
344.416864,113.782230,25.132343,75.390366
340.480888,115.438732,24.696861,75.646500
336.633709,115.202549,24.420273,75.209839
332.960425,115.306984,26.257608,75.507423
330.321806,116.225639,28.768414,74.587242
329.001134,117.579769,29.209700,74.457870
329.424276,120.503689,30.435940,73.817093
327.853256,121.983997,30.749260,72.958588
328.033923,122.006187,30.514971,73.513329
326.850244,119.140724,30.822653,75.514091
326.297847,117.968647,30.663012,75.899185
327.628553,117.496185,30.522839,75.609169
330.291686,116.089226,29.022837,75.689613
330.573399,115.456799,28.615997,76.120392
332.046309,115.435329,27.282101,76.078369
330.811860,116.268082,26.633703,75.667717
331.133217,115.557316,25.605415,75.820541
331.936790,115.960705,23.616051,74.329559
331.098616,116.003796,23.448666,74.553864
333.476513,117.431328,22.459396,74.647758
334.978352,116.478573,22.333023,75.178085
336.133696,117.657059,22.586987,74.136192
338.419420,115.979973,22.695774,75.415092
340.042005,116.590084,22.497099,74.687271
342.971700,116.550083,22.529707,75.592438
345.616305,116.789181,22.631273,75.928833
345.474715,116.099625,22.827662,74.638695
347.545100,118.053638,23.597246,74.538376
348.491743,118.745602,24.050304,73.884003
347.876186,117.163860,25.750046,74.661194
345.523238,117.627831,27.440332,74.551384
342.425938,116.568783,30.306427,75.461472
340.429762,116.239223,33.345943,75.464859
338.944450,116.897480,35.246040,75.036850
338.029041,115.767319,36.080292,75.589500
339.550829,115.509525,36.126514,74.967087
341.715792,114.128113,35.758671,75.370689
340.552588,114.207985,36.267132,73.811150
341.832993,113.068474,34.884438,73.425728
342.372533,113.130966,31.383116,73.670219
341.758848,111.073624,26.820187,74.761299
342.327045,110.958042,22.218491,73.179825
339.960727,108.489483,21.088076,74.303955
334.529459,108.056091,23.815449,75.091225
328.228230,106.723984,29.699356,74.774239
320.414791,106.291138,36.900940,75.831596
314.928753,106.576359,42.587036,77.250671
313.688421,108.238392,43.110714,72.888550
312.367582,107.311493,43.505703,73.562492
311.159336,105.409103,41.608948,74.212547
310.449989,102.356136,38.545998,77.237396
310.735272,100.430496,31.275328,79.872490
310.443269,100.295776,25.692877,78.084389
308.552853,99.292259,22.172913,79.156975
304.628664,98.538368,22.967060,79.206367
297.088292,99.427834,28.583250,78.916588
288.333368,98.697777,34.703281,79.144295
282.656809,101.332973,39.584919,76.972336
279.730738,100.930599,40.945103,77.637695
278.855341,101.347691,39.445942,77.761673
276.612825,100.675072,38.276417,78.912743
277.356956,101.130558,34.160866,76.253006
277.359929,99.729218,29.745314,77.189629
277.881605,99.082531,22.397823,76.544067
274.863365,98.231556,21.811760,76.051132
270.224336,95.973667,23.668661,78.325165
262.282200,96.778336,29.317627,77.450096
254.089422,98.199013,38.890621,75.717247
249.523855,96.115253,40.336193,79.025726
248.233566,97.223862,41.061440,76.721321
248.124847,98.263905,41.116676,75.917236
246.317215,96.572651,40.584923,76.817215
246.570473,95.504787,34.692406,79.825836
246.913100,95.989140,29.986444,78.945862
246.240067,95.798828,25.093725,78.029137
243.796636,95.653027,23.782621,78.929092
239.340261,96.084816,25.164366,79.073616
234.397697,96.384071,29.571617,77.887962
227.409023,97.753529,35.023331,76.837585
221.425390,97.673122,39.936916,77.152908
218.158342,95.452885,42.477970,76.754822
216.991301,95.735310,40.738491,76.519852
216.480436,95.675682,39.684170,75.109810
215.799316,95.619270,36.386223,76.183357
215.773218,95.628117,33.934772,75.994751
214.552993,94.544731,27.144266,75.176109
213.446789,92.313324,21.925461,77.130424
211.759736,93.523216,21.535208,75.737495
203.839235,92.186779,25.906422,76.359604
197.039739,91.769875,30.754957,77.862099
190.133360,91.218147,37.592129,77.832649
187.403763,92.248856,38.864555,78.019279
186.330168,92.375019,39.488171,77.175873
184.989191,92.538177,38.118824,77.554298
183.939823,90.703320,35.678909,78.375626
185.152953,91.453995,29.719797,77.313454
184.927330,92.854019,28.960411,76.014168
185.906769,92.364834,25.233711,76.428894
185.326025,91.740627,24.058147,76.694061
182.543216,92.933971,26.240816,75.363937
177.912574,91.412964,28.424524,76.030281
177.212698,90.988892,28.180660,76.876442
177.380968,90.728600,28.266148,77.106255
177.736362,91.047337,27.411470,77.122009
177.859801,90.377533,27.936487,77.420708
176.270955,89.399273,29.061354,79.243927
174.910397,90.384327,29.105179,78.039352
174.178962,90.258938,29.334131,77.772659
172.676250,90.722378,30.520065,78.265579
172.156872,90.974174,30.966827,76.808723
170.519793,91.397125,31.985966,76.384331
170.093443,90.195293,31.575253,76.573837
170.934827,90.734905,30.637236,75.517960
170.667169,89.376797,29.578985,76.607239
171.996586,91.097473,29.748154,76.842094
173.098312,89.157452,27.891548,76.108185
173.359180,89.907284,27.194016,76.593246
175.308274,91.159203,26.614355,74.712730
175.465181,89.649128,28.558643,77.340591
174.272133,89.996391,28.709496,77.302589
176.305911,92.299477,27.188799,73.564201
178.628895,89.739292,25.976807,74.936295
179.005410,91.331196,28.322592,74.163330
181.268031,93.335251,26.062990,72.626259
180.290491,93.117031,26.671513,73.338425
182.047934,93.270412,28.160839,73.982452
179.686671,93.377750,27.897188,73.863617
177.842091,91.510067,32.596191,76.571701
177.366919,91.657337,36.224148,75.318726
177.302511,93.095417,38.803219,73.765732
177.728361,93.242435,39.675777,74.190048
177.122116,92.355450,40.137856,74.854980
180.075874,91.178341,38.416573,75.754608
187.416461,92.259727,31.056047,75.491280
196.295082,90.928974,23.942909,76.940659
197.720291,92.505173,25.509682,75.549187
201.889269,91.778889,23.677006,75.610153
202.071230,91.409801,26.129612,75.289810
202.841310,92.421932,29.142645,75.022141
204.064535,92.077248,33.634731,74.620811
204.813395,93.098049,39.364826,74.311600
204.656567,95.010334,42.422684,74.083160
206.988041,96.606075,41.978668,71.883560
208.063862,96.575729,40.924713,71.503395
211.411316,94.903225,37.738487,73.652466
216.757747,93.912628,31.964663,74.860558
222.769173,93.232731,29.236717,76.505737
230.040786,93.774677,25.042109,75.718292
234.921837,93.846050,25.606865,75.502411
235.286625,93.702019,28.279877,75.532677
235.766518,95.367474,33.926872,74.788330
236.047720,94.795223,39.055431,74.277451
236.466009,93.927753,40.675167,76.650146
238.593252,94.338326,39.873241,77.758186
240.850698,94.606445,39.748730,78.191063
245.696913,95.942417,35.502377,77.549774
252.054986,95.669903,28.986227,77.821854
256.881481,95.068573,25.175812,77.127541
263.019262,95.181641,23.781689,78.635536
266.275897,95.311024,24.815706,78.805298
265.604221,96.896229,29.713425,76.767227
266.954590,98.675701,35.631004,76.073486
264.943943,99.053314,38.427505,75.853996
263.719740,98.770832,40.283504,74.909668
264.585958,97.491669,42.498501,76.416618
266.623840,95.952591,39.631905,73.183022
270.496674,90.791420,35.100304,73.562843
277.126928,86.665234,31.488338,74.630722
284.128787,82.516769,30.856539,78.861687
295.915774,81.562775,25.081850,77.703880
301.519752,81.104137,23.440775,77.589569
306.044974,80.950672,27.053522,79.453430
309.679667,80.727585,35.066059,79.431892
315.357893,83.098183,38.954967,77.755760
318.609200,87.681034,38.905739,74.030594
318.104683,86.151962,40.761925,74.414223
321.287077,84.014015,36.829128,75.585609
327.739843,83.021187,31.977474,78.445488
331.824167,81.777798,30.348743,78.680237
337.015940,80.727364,27.992039,77.236275
343.545276,77.714985,23.902819,77.875778
345.509078,76.740852,24.792337,76.053261
347.823738,76.196163,25.608528,75.544891
347.698440,73.487164,28.318415,77.751160
350.024374,74.579727,28.306271,76.479500
349.941813,74.277927,30.225986,77.734207
350.106336,73.727310,29.964231,77.578087
349.209864,74.684486,28.114277,76.706871
350.267181,75.606537,27.375114,76.536964
348.951365,72.419811,27.096865,78.786118
347.789848,73.207577,24.585045,75.953720
345.933263,70.220520,23.566221,77.450233
344.580383,69.848434,23.420662,77.133400
343.509265,70.421738,24.406771,76.616158
344.062007,69.651691,25.284090,77.218674
343.620483,68.587906,27.451683,78.037926
345.649830,69.875900,27.144257,77.429955
345.744695,69.834236,28.288710,77.504417
345.466407,68.725269,28.402796,78.024002
345.691798,65.387508,28.703951,79.808594
345.166772,63.697659,29.912344,79.505554
344.660604,62.659168,30.654936,79.264282
346.803830,62.270294,29.672636,79.993401
348.986372,64.635559,29.958340,79.263283
351.500653,66.981842,28.532545,78.477455
351.776036,69.377937,27.910231,77.237755
352.582408,70.081375,27.151873,76.956947
351.922097,69.813068,26.961279,76.923523
351.440529,69.853016,27.157188,76.808762
350.453549,70.402523,28.063185,76.606842
349.909964,71.456219,29.200741,76.306183
347.215398,71.431080,30.220137,76.764847
344.539989,72.047642,31.616701,76.287445
343.329643,72.081211,32.264030,75.993820
342.219168,72.983105,33.200512,74.683609
343.491720,74.377316,32.469082,74.425598
343.613602,74.212067,31.859535,74.502449
343.485697,73.571064,31.259464,74.914001
342.708687,74.832523,29.428627,73.978241
341.284467,72.563728,27.181181,75.698845
338.825559,73.347237,27.187193,73.854515
337.274185,71.634968,27.401161,74.588150
334.897399,71.150124,27.249857,75.086128
331.915188,70.728588,27.785950,75.356598
328.770423,71.776070,28.312326,74.624840
325.501589,71.801651,29.913624,74.409187
323.406519,72.342724,30.407948,73.783234
321.642847,72.537594,30.234974,74.469925
320.923906,71.813805,29.391743,75.678886
320.110200,73.131279,28.572363,74.987541
318.903642,74.407822,26.478964,71.452019
317.262853,73.642059,24.407286,71.070946
316.586416,71.510490,21.700985,73.175957
315.946530,71.074951,20.927259,74.465721
315.391385,71.783440,19.508131,74.822289
308.493121,70.731693,23.566317,75.321671
302.756791,73.489445,28.486532,74.447830
298.844701,74.767693,30.101622,70.250084
296.484934,75.949726,32.949619,70.755814
296.135445,77.588379,32.519203,69.250282
296.646814,77.771961,30.907581,68.787399
297.104956,78.260853,30.148525,68.147217
298.390749,79.373611,23.987507,68.474678
297.848349,78.192829,24.075069,69.704956
297.297688,77.709610,24.814468,69.683678
294.222983,78.497601,26.075724,69.074890
294.875594,76.150284,25.106791,71.493614
291.538310,76.906162,26.879244,70.477051
287.105589,77.799343,30.448208,70.300369
283.521519,77.497795,32.997437,71.722038
280.980776,78.847107,33.880772,69.655235
280.533453,78.474308,34.734707,70.626694
279.988997,79.023739,33.082989,69.856888
279.681381,79.254143,28.573479,68.723930
279.768112,78.030663,24.574516,69.381538
281.215001,77.570766,21.776808,67.350555
279.997004,78.528763,21.494572,67.478966
275.753788,76.814625,22.749893,69.525589
269.503554,78.209820,28.146143,68.735703
263.478786,76.937309,32.235809,69.741875
260.256081,76.487591,34.711128,70.526337
259.451279,76.389496,33.918419,69.287315
258.524620,77.103058,34.672783,69.166222
259.495620,77.237534,30.194956,68.616371
257.679623,76.534321,28.333939,69.233948
256.393805,75.532230,27.693966,69.636597
257.982258,75.006912,23.675476,69.571098
254.194963,76.385227,25.313648,67.552811
251.498951,76.201859,26.259247,67.855644
250.782314,75.338341,26.880157,68.707497
249.157722,75.256901,28.719721,69.254501
246.577288,77.498352,30.133244,68.304970
243.619114,77.475224,30.762833,67.922516
241.115744,76.035973,30.402340,68.046242
239.498686,75.893524,29.740993,68.224937
239.080578,75.110619,27.736176,67.768089
239.221384,75.021099,25.816212,67.083145
238.330273,74.374817,24.288773,65.797554
240.076569,73.644455,22.041832,63.685600
238.816806,74.373066,20.550859,64.085068
237.348116,73.250957,21.308384,66.791443
235.473673,72.931587,21.440372,66.719612
235.501883,74.250847,21.665340,68.109215
232.164232,73.353577,22.716373,68.449364
227.836344,73.473499,24.983204,66.446991
228.337932,74.184151,22.415255,64.791100
227.278051,74.664246,22.807003,63.464775
226.321155,74.648138,23.369417,63.950207
222.995586,73.911854,23.133286,67.836777
220.507139,73.791252,25.332302,64.494072
219.082475,71.525562,26.108404,68.209076
216.311601,72.255753,28.926641,69.331474
216.825621,71.592152,26.522152,67.871429
216.843555,71.771336,26.070251,69.541763
216.013561,72.902218,24.710785,66.240417
216.157203,72.539555,23.819757,68.123016
213.233091,72.276249,24.318005,65.414474
213.826037,71.579525,23.527987,68.807587
212.896978,72.310112,23.246655,68.488884
212.217648,72.091549,21.342072,60.859924
213.383977,72.166746,20.770399,61.491543
212.913318,71.677025,20.694628,63.387474
210.852333,70.738804,21.425468,66.794861
210.373174,69.240410,21.410719,65.586464
208.402732,69.631676,22.594110,66.468208
207.354135,68.295372,21.499838,63.116753
207.684907,70.437265,21.002447,61.521488
206.484760,68.891754,22.434586,64.849434
206.051437,67.859560,20.932304,63.970982
206.312636,71.185081,22.226130,63.822777
202.992587,67.721157,23.252718,64.981842
204.952552,69.274490,24.217829,68.693565
204.561241,66.557907,19.307564,65.188255
205.543233,66.793118,20.804380,65.255035
202.000687,66.559647,21.837944,68.010353
204.238176,66.619583,22.304005,64.281502
203.830527,67.114380,24.805735,67.707924
201.096731,66.973835,26.504772,66.303757
202.385198,68.793180,22.207396,62.234188
202.089222,67.087975,22.206192,65.928322
202.935326,70.331856,22.457344,59.336327
202.817932,69.711887,23.428688,62.793716
202.506539,77.501158,20.974569,54.351528
205.587200,78.654331,18.309784,50.209167
200.359639,78.508043,20.131140,53.386173
205.031507,82.700178,15.995047,45.496136
204.553452,79.283237,16.934624,49.037354
199.922615,79.065491,19.100861,53.050529
202.539239,77.368773,19.831022,52.812153
195.294898,79.670565,21.790239,51.896145
199.871834,79.200089,19.370239,49.474030
202.123383,80.003134,19.588608,48.169430
200.635379,79.322159,22.235857,47.641113
205.411187,81.132530,16.428045,44.367767
207.432397,82.539946,14.128224,43.527897
206.448288,80.254679,15.226791,45.829098
205.050992,75.584944,18.997580,50.374126
199.613618,65.571634,24.632193,60.168171
203.123084,68.853207,21.540598,59.097168
211.807817,58.710907,24.861837,55.928955
218.365779,63.254040,23.267122,49.928047
214.635275,61.716991,26.232357,65.663521
219.040748,60.511303,18.217875,49.550835
220.930644,62.521532,15.596216,46.559025
218.888856,70.502262,17.125448,46.266418
209.568503,66.924618,21.287081,56.414696
210.303969,66.283342,21.227510,52.505032
212.119274,66.877832,18.369225,49.247311
210.384880,66.281498,18.036095,48.529724
206.270999,57.714315,20.654284,59.539928
203.392651,54.227036,23.052734,64.060783
207.754138,56.828320,20.483858,61.311279
207.147932,51.972931,21.856579,65.607246
209.231553,55.052170,24.224325,65.731590
210.199105,55.410328,23.639624,64.065536
208.638646,54.687553,23.388060,64.507271
209.830650,53.469589,23.156868,67.582680
207.712548,53.955420,23.446585,61.360775
207.332159,53.012188,25.066860,64.119308
205.992623,52.783730,25.121862,64.179710
206.755059,54.180857,24.324621,62.965977
205.678393,55.277817,25.431047,66.041130
206.684001,55.717579,24.325518,62.421387
205.964087,55.794556,24.985544,65.356194
209.275837,57.228516,24.749512,65.264519
208.672087,57.519726,23.278667,65.481155
210.967449,56.493282,22.717163,66.760300
213.176025,56.901440,22.871544,64.097000
213.101624,57.438322,23.827156,61.857311
212.952206,57.002632,27.111908,63.665352
