286.000000,149.000000,10.000000,10.000000
286.133804,149.699938,10.047215,10.000000
285.479558,149.831424,10.285207,10.000000
286.241322,150.012516,10.141171,10.000000
285.844627,149.232667,10.121228,10.000000
286.459206,149.512450,10.182998,10.000000
286.028611,150.216310,10.010627,10.000000
285.402211,149.921003,10.284659,10.000000
286.468729,150.348820,10.085735,10.000000
286.877895,149.771559,10.233502,10.000000
289.024242,150.341673,10.000000,10.000000
288.985071,151.077729,10.088089,10.000000
290.045251,150.391943,10.288576,10.000000
290.026628,151.335615,10.000000,10.000000
291.597867,151.189851,10.108804,10.000000
291.448928,150.503088,10.109146,10.000000
291.141512,150.128958,10.266582,10.000000
292.462400,149.892511,10.205601,10.000000
292.711220,150.553558,10.165526,10.000000
292.885808,149.909206,10.307310,10.000000
293.197053,150.829875,10.000000,10.000000
293.525611,149.793246,10.006824,10.000000
293.586336,149.192631,10.209612,10.000000
294.651502,148.444071,10.181000,10.000000
294.932498,148.372246,10.343811,10.000000
295.068674,148.422625,10.331022,10.000000
296.044030,148.528936,10.097665,10.000000
296.044154,148.067021,10.372734,10.000000
296.407597,147.312696,10.258370,10.000000
296.872763,146.756537,10.208261,10.000000
298.118119,147.255071,10.115112,10.000000
298.173709,147.645956,10.290955,10.000000
299.714630,150.271620,10.128646,10.000000
301.509687,152.422143,10.000000,10.000000
300.650707,152.955818,10.000000,10.000000
300.091205,150.415465,10.318411,10.000000
300.129180,149.031369,10.378229,10.000000
300.867029,150.416848,10.296513,10.000000
303.072759,155.665064,10.000000,10.000000
307.204515,161.740662,10.000000,10.000000
309.832098,165.561109,10.000000,10.000000
309.178022,165.489137,10.000000,10.000000
307.955778,163.691931,10.000000,10.000000
306.323649,158.415942,10.109776,10.000000
305.590060,155.990194,10.140084,10.000000
306.777772,157.833071,10.252151,10.000000
309.110844,161.655539,10.000000,10.000000
310.888237,164.350008,10.000000,10.000000
312.027086,166.675149,10.000000,10.000000
311.077166,164.838859,10.000000,10.000000
308.543616,160.328570,10.282622,10.000000
307.943544,156.820821,10.048498,10.000000
309.209136,159.464135,10.000000,10.000000
310.732657,164.743146,10.057946,10.000000
313.589863,169.048291,10.000000,10.000000
313.139439,169.963493,10.000000,10.000000
312.711423,167.995341,10.000000,10.000000
311.119726,164.905591,10.080832,10.000000
313.180564,165.535233,10.000000,10.000000
314.533053,169.272683,11.010018,10.244660
316.605055,176.391866,10.382268,10.000000
315.672571,177.320295,12.075613,10.019382
318.270842,163.431656,14.818907,12.798118
314.079556,158.599764,18.197269,18.156366
318.779196,174.947650,19.815844,15.565568
318.565639,174.989149,23.018784,17.388844
311.936009,178.058786,36.662930,22.910206
300.404599,150.299741,15.405163,14.179569
297.996094,150.001044,20.244543,15.209318
295.426987,144.609002,24.369246,18.281530
300.523796,138.453232,15.436042,13.514068
298.756200,134.360599,17.008076,13.862664
299.839837,137.037348,15.555000,13.682016
301.832212,142.659657,14.954851,13.667624
303.016484,147.231425,14.989213,12.788897
302.002168,146.281297,15.450264,12.397901
299.665609,142.360838,18.316896,13.633964
298.516547,134.904758,16.838264,13.940726
298.220580,131.512980,16.709034,14.148515
301.144953,135.216224,15.770070,13.812158
302.804872,140.718774,18.893356,14.306057
301.757136,142.019935,21.133320,15.059983
315.235063,146.813591,15.216545,13.783400
310.379156,154.356288,11.739924,10.053192
310.624385,151.771998,10.628760,10.000000
311.228809,152.712243,10.843024,10.000000
314.050807,159.436479,10.325191,10.000000
312.738417,163.834260,11.819975,10.000000
313.920149,166.944889,10.000000,10.000000
312.301588,165.180249,10.000000,10.000000
312.907811,163.889391,10.000000,10.000000
315.249519,166.589386,10.000000,10.000000
316.958670,170.809734,10.301532,10.000000
316.924207,174.589499,10.000000,10.000000
316.330242,173.890486,10.000000,10.000000
315.628073,170.310899,10.000000,10.000000
311.279969,166.094799,13.174830,10.877840
313.070428,166.974380,11.241794,10.000000
316.276132,173.094035,10.000000,10.000000
317.584952,175.851947,10.000000,10.000000
314.723658,174.549386,10.000000,10.000000
311.779915,170.069252,10.307022,10.000000
311.402217,166.094854,11.132414,10.305989
312.965084,165.147841,11.397225,10.052737
314.029347,168.527709,13.027659,10.359138
312.086711,169.734833,15.228730,11.323663
313.892095,167.435264,11.649842,10.367976
310.954896,162.060439,12.816290,10.809437
310.735601,158.025039,14.648464,11.715098
308.337846,147.157948,21.043886,14.499398
312.865662,151.924330,18.277836,14.299740
299.676670,147.600935,19.886650,14.391298
296.461407,147.150529,15.532455,13.426523
308.744604,147.986612,15.763882,16.171026
306.934028,143.313795,18.076319,15.634953
309.764795,145.269989,17.221012,18.188927
312.199104,148.214314,15.059990,13.105920
312.912034,151.214311,14.725280,13.331125
309.708539,151.085595,17.983259,14.837234
309.187919,157.027116,16.827715,13.512205
305.886871,153.480999,20.912617,14.342712
327.265594,164.812756,15.376523,14.364639
322.256287,155.675240,18.710342,16.125202
314.955947,162.523430,12.061354,10.759259
316.667128,163.862783,10.000000,10.000000
315.781419,160.605937,10.000000,10.000000
315.277044,155.261612,10.377501,10.000000
316.567450,153.601362,10.338766,10.000000
318.848628,156.893454,10.971337,10.000000
321.798841,161.658074,10.220800,10.000000
323.787736,164.684279,10.000000,10.000000
321.979674,163.125782,10.000000,10.000000
318.623133,157.530541,12.438477,10.435849
313.328980,151.096637,17.206806,12.131718
312.992000,150.117681,18.985563,13.062046
301.359151,137.301747,20.962782,14.551512
302.425578,140.483949,17.264217,13.122663
300.727568,140.815108,24.586559,15.988909
303.977308,140.245792,30.841360,21.224075
317.782844,178.833038,14.819010,14.287346
315.634976,177.228136,15.575523,15.754668
315.276910,176.189578,15.008941,14.574174
314.119634,177.919414,15.669139,14.637471
314.599185,178.188534,15.831813,15.416368
315.023606,179.526237,15.700679,15.130428
314.879531,178.615825,15.653533,15.050740
314.328250,177.401267,15.541705,15.082598
314.778582,177.020692,15.231664,14.831306
314.572573,176.854421,15.654636,15.056085
315.956564,177.353770,14.817532,14.464673
315.053115,175.681819,15.558649,15.212613
314.076813,173.743200,16.433361,15.811539
314.079216,171.398115,16.396099,15.401282
314.064113,170.017403,17.318914,16.996828
314.718847,169.817536,17.447268,18.074404
316.177148,169.466979,16.082468,15.141348
316.181596,168.753790,15.520019,15.073763
316.354521,169.474511,16.559547,15.389977
317.603191,170.119162,15.474859,15.069816
319.794323,169.798626,15.298833,14.977037
319.613046,170.506572,14.883390,14.786588
317.925930,171.669038,15.806493,14.894006
317.783984,170.901028,15.175533,15.083235
317.612288,169.701817,15.525081,15.827235
317.893095,170.742934,15.034955,15.152822
318.077195,169.874103,15.089728,15.147183
318.661794,170.143961,14.775965,14.961512
318.270147,169.861659,14.969858,14.762086
317.632073,170.501729,15.376075,15.167494
318.236550,170.282428,15.335739,14.918663
318.344230,170.480253,15.182024,15.476479
318.390693,170.465559,14.675715,14.813314
318.657537,170.783104,14.886374,14.763160
318.507565,170.270895,14.755016,15.041736
318.369637,169.998274,14.643417,14.886622
317.654373,170.871443,15.358968,14.692752
317.677170,169.656636,15.224320,15.440965
317.825227,170.515429,15.784789,15.623938
318.451775,169.919954,14.867680,15.178658
319.000797,170.297810,14.643758,14.781366
318.155790,170.678097,14.803564,14.742633
317.963256,170.347129,14.784502,14.770138
318.332044,169.876141,15.098749,14.859714
317.724163,170.602671,15.366476,14.961108
317.897132,169.453919,15.151724,15.481363
317.994923,170.495564,15.854221,15.460856
318.163086,169.749835,15.264955,15.239091
316.832082,170.600079,16.677771,15.580489
317.219857,169.773832,15.708953,15.939826
317.808614,170.002385,15.287490,15.056241
318.347426,170.420838,14.712688,15.002580
317.859825,169.989577,14.941899,15.026399
318.187324,169.676339,15.268408,14.908040
318.599864,169.953799,14.962215,14.917542
318.201571,170.628355,15.101712,14.966347
318.207633,169.689724,15.169922,15.504892
317.693386,170.809757,15.157563,15.211867
317.437092,169.945702,15.545213,15.803137
316.723148,170.893281,16.306131,15.893239
316.882273,170.202871,16.794369,16.409626
317.266909,169.713317,15.650632,15.783669
317.704243,170.250780,15.008400,15.129424
317.680763,170.400566,15.350366,15.198192
317.897311,170.064195,15.669078,15.387609
318.073983,170.794895,15.148528,15.060677
317.950108,171.094007,15.339471,14.974663
318.184083,172.158601,14.948508,14.614555
317.253182,174.319942,15.803081,15.123044
317.916192,177.321079,16.664410,15.909985
318.757977,180.152732,15.716100,14.315907
319.435974,180.960399,14.925866,14.159153
319.007790,179.909790,17.497372,15.845428
319.514252,180.782267,17.367741,15.857523
319.586687,180.208975,17.407183,15.961733
321.265835,179.755540,16.125622,15.111927
322.320596,179.917511,15.369959,14.634238
322.311891,179.387061,16.890482,15.391816
318.291926,177.944791,23.780933,18.460262
310.362027,187.101452,24.496681,17.949392
314.972824,190.182742,14.944581,14.356600
315.461273,188.898741,16.263117,15.067934
313.744582,187.621393,20.062107,15.946388
316.054778,189.387992,15.549801,14.145786
326.479545,178.211445,15.310481,14.623861
326.350595,176.608749,15.948156,15.403052
326.857563,177.501134,14.894158,14.521176
326.293292,177.968681,15.375168,14.741160
326.595904,177.319518,15.942462,14.792546
325.524576,177.000745,16.181551,14.826535
325.133831,177.845739,16.724062,15.145077
324.362879,177.247020,18.889988,17.468468
317.578092,176.136579,28.051191,20.171040
312.297549,186.949844,24.204472,17.940659
316.876877,189.424569,15.836067,15.053342
309.942159,185.099895,25.325727,18.824291
302.278898,169.345407,10.000000,10.000000
302.530925,170.595442,10.000000,10.000000
301.835383,169.936424,10.000000,10.000000
301.916526,170.123864,10.036631,10.000000
302.692677,169.958241,10.000000,10.000000
301.763658,170.230852,10.000000,10.000000
291.249965,178.315172,15.036888,13.330317
302.471028,170.668130,10.000000,10.000000
302.075006,169.854526,10.346923,10.000000
301.518298,170.599849,10.122276,10.000000
301.738948,170.220947,10.417716,10.000000
302.104593,169.813775,10.411096,10.000000
301.628721,170.516478,10.154600,10.000000
301.957657,170.244291,10.273903,10.000000
302.140100,168.291691,10.000000,10.000000
303.294003,166.311778,10.000000,10.000000
303.988457,165.630192,10.000000,10.000000
303.262863,164.674123,10.000000,10.000000
303.462073,164.384997,10.000000,10.000000
303.390853,164.818239,10.072684,10.000000
302.956998,164.449974,10.014304,10.000000
303.083242,163.831188,10.115812,10.000000
301.561647,164.161096,10.351179,10.000000
301.959623,163.387039,10.317705,10.000000
301.364710,163.617648,10.197523,10.000000
301.617713,163.959021,10.290623,10.000000
301.987768,164.272068,10.236464,10.000000
301.278980,163.504295,10.200221,10.000000
301.528998,163.596622,10.317783,10.000000
301.904464,163.843709,10.223308,10.000000
301.251638,164.063941,10.111075,10.000000
301.625715,163.338690,10.086756,10.000000
301.851856,163.626938,10.233526,10.000000
302.120988,163.849822,10.190925,10.000000
301.346707,164.123910,10.197267,10.000000
301.814158,163.181194,10.096706,10.000000
302.523160,163.477813,10.024358,10.000000
302.205218,163.752753,10.053219,10.000000
301.781063,164.164065,10.157210,10.000000
302.315630,163.468366,10.332192,10.000000
302.624267,164.117126,10.045761,10.000000
303.018300,163.586927,10.116055,10.000000
302.416319,164.222444,10.053034,10.000000
302.710352,163.560722,10.214086,10.000000
303.182031,164.166602,10.018143,10.000000
302.344982,163.509501,10.344896,10.000000
302.818105,164.132992,10.070086,10.000000
303.022927,163.490953,10.257325,10.000000
302.296282,164.054227,10.213471,10.000000
302.670806,163.567202,10.115760,10.000000
303.038850,164.209391,10.049598,10.000000
302.341715,163.644120,10.112001,10.000000
302.754176,164.221700,10.026311,10.000000
303.065049,163.579820,10.075902,10.000000
302.232646,164.215055,10.180142,10.000000
302.632288,163.652435,10.033994,10.000000
302.945060,163.975493,10.071521,10.000000
303.307290,164.225451,10.000000,10.000000
303.132821,163.885439,10.106232,10.000000
302.551235,164.133208,10.000000,10.000000
302.542026,163.669124,10.047848,10.000000
303.104722,164.166931,10.000000,10.000000
303.242449,164.202400,10.048168,10.000000
303.006793,163.770755,10.000000,10.000000
303.049203,163.883980,10.002622,10.000000
302.928037,164.807685,10.000000,10.000000
303.001681,163.978828,10.153623,10.000000
302.609337,164.952957,10.000000,10.000000
302.438023,164.163126,10.004506,10.000000
302.274874,163.796510,10.071828,10.000000
302.067505,164.564122,10.000000,10.000000
302.017233,163.676506,10.265564,10.000000
301.782219,164.299097,10.030556,10.000000
302.601861,163.878117,10.005270,10.000000
302.270168,164.470844,10.070962,10.000000
301.903601,164.103518,10.049442,10.000000
302.762503,163.659725,10.000000,10.000000
301.926488,163.642941,10.012259,10.000000
302.450558,164.117226,10.054108,10.000000
301.909754,163.587436,10.035881,10.000000
302.539337,164.262499,10.000000,10.000000
301.553824,164.183315,10.000000,10.000000
301.605258,164.272150,10.034198,10.000000
302.261238,163.908864,10.037744,10.000000
301.828530,164.815179,10.022099,10.000000
302.582302,164.517718,10.000000,10.000000
301.741763,163.834587,10.000000,10.000000
301.921036,164.075555,10.019094,10.000000
302.680733,163.843353,10.000000,10.000000
301.776494,164.019289,10.000000,10.000000
301.887259,164.282474,10.014570,10.000000
302.654728,163.995128,10.000000,10.000000
301.698177,164.238557,10.018066,10.000000
302.416411,163.982576,10.020793,10.000000
301.978692,164.794064,10.060309,10.000000
301.597453,164.515668,10.000000,10.000000
301.675503,163.679298,10.016751,10.000000
302.529223,164.702540,10.000000,10.000000
302.232652,164.330826,10.000000,10.000000
303.262089,165.284692,10.000000,10.000000
303.159028,166.175069,10.000000,10.000000
302.548433,165.781017,10.000000,10.000000
302.107569,165.312780,10.000000,10.000000
301.575267,165.031250,10.564432,10.000000
302.012188,164.805246,10.000000,10.000000
302.342862,164.431914,10.000000,10.000000
302.599867,164.908637,10.000000,10.000000
301.936672,164.461656,10.000000,10.000000
302.217993,164.948370,10.000000,10.000000
302.547513,164.640394,10.000000,10.000000
301.798155,164.335035,10.000000,10.000000
302.029748,164.881958,10.000000,10.000000
301.307250,165.021797,10.000000,10.000000
299.656528,165.352763,10.000000,10.000000
297.456166,167.916378,10.000000,10.000000
297.345422,167.740232,10.000000,10.000000
294.853957,167.897621,10.763866,10.609771
295.434922,168.950107,10.000000,10.000000
295.483476,168.636497,10.000000,10.000000
295.087788,167.904135,10.000000,10.000000
294.798963,168.205770,10.000000,10.000000
294.674628,168.481164,10.000000,10.000000
294.103086,168.532746,10.000000,10.000000
294.502645,167.540744,10.000000,10.000000
294.018983,167.804327,10.000000,10.000000
294.615954,167.979186,10.000000,10.000000
294.253571,168.319642,10.000000,10.000000
294.924853,168.491609,10.000000,10.000000
294.626775,168.881494,10.000000,10.000000
293.523468,168.147895,10.000000,10.000000
293.149842,167.789628,10.385511,10.000000
294.193046,168.557170,10.000000,10.000000
294.088787,167.638423,10.169670,10.000000
293.857127,168.178785,10.000000,10.000000
293.934860,168.248780,10.000000,10.000000
293.908712,168.646896,10.017816,10.000000
294.826381,168.215313,10.000000,10.000000
293.948483,168.641217,10.101834,10.000000
294.742764,168.266925,10.013741,10.000000
294.566030,167.701795,10.049980,10.000000
294.217519,167.974979,10.090560,10.000000
294.293265,169.004594,10.000000,10.000000
294.335055,168.540747,10.262642,10.000000
294.631783,169.243338,10.000000,10.000000
293.307720,170.254084,10.888986,10.000000
284.790870,176.288085,16.166861,14.982588
269.596564,181.113359,15.803654,14.878181
269.413512,180.385360,15.609462,14.534783
268.695883,180.911358,15.842053,14.998496
268.938176,181.325394,15.287773,14.799605
269.374042,180.990297,15.305812,14.810650
268.297937,180.284714,16.385500,15.167781
264.768476,177.521829,24.332323,18.756281
294.301120,167.675891,10.037909,10.000000
294.318273,168.261138,10.000000,10.000000
294.764077,168.418324,10.000000,10.000000
294.469063,168.581730,10.000000,10.000000
293.517387,167.836403,13.650143,10.000000
295.018791,171.369052,10.000000,10.000000
294.431247,168.825431,10.000000,10.000000
294.696348,167.974688,10.164394,10.000000
294.645500,168.542854,10.167434,10.000000
294.428932,167.967705,10.247429,10.000000
294.305414,168.572177,10.322059,10.000000
294.124235,168.023746,10.368328,10.000000
294.034715,167.424159,10.225796,10.000000
293.886429,167.979118,10.230791,10.000000
293.736488,168.483259,10.069533,10.000000
294.476074,167.946367,10.191524,10.000000
294.263865,168.460883,10.115258,10.000000
294.053359,167.983043,10.203085,10.000000
293.834086,168.525617,10.183564,10.000000
294.591542,167.996294,10.199845,10.000000
294.493831,168.597028,10.046822,10.000000
294.345872,168.040642,10.052494,10.000000
293.910552,167.478974,10.289022,10.000000
293.946558,168.141665,10.010642,10.000000
294.735130,167.612087,10.114246,10.000000
294.583748,168.217213,10.000000,10.000000
293.939800,168.229283,10.000837,10.000000
294.635475,167.586812,10.168000,10.000000
294.165410,168.081808,10.166228,10.000000
293.490416,167.430677,10.128357,10.000000
293.502216,167.554724,10.259519,10.000000
293.407908,167.403461,10.136768,10.000000
292.958549,167.146224,10.171419,10.000000
292.585478,166.885548,10.115571,10.000000
293.296990,167.674795,10.000000,10.000000
293.399111,166.813900,10.009271,10.000000
293.135390,167.620507,10.000000,10.000000
293.356652,166.822335,10.000000,10.000000
293.353482,166.968172,10.015152,10.000000
293.016645,167.816914,10.000000,10.000000
293.102490,166.940143,10.036547,10.000000
292.802993,167.836164,10.000000,10.000000
292.930749,167.058826,10.000000,10.000000
292.986577,167.146914,10.033590,10.000000
292.652228,166.841740,10.000000,10.000000
292.709755,166.962388,10.008598,10.000000
293.230123,167.669313,10.056796,10.000000
292.885573,167.229381,10.000000,10.000000
292.952699,167.477049,10.000000,10.000000
292.992874,167.670655,10.019675,10.000000
292.517872,167.448807,10.089945,10.000000
293.011451,167.032611,10.172413,10.000000
292.666625,166.746237,10.106818,10.000000
293.360984,167.501017,10.000000,10.000000
293.521374,166.711057,10.000000,10.000000
292.782884,166.903198,10.000000,10.000000
292.931478,167.059062,10.015038,10.000000
293.461767,166.712427,10.115828,10.000000
293.099606,167.670351,10.000000,10.000000
293.144528,166.934002,10.000643,10.000000
292.701957,167.784217,10.000000,10.000000
292.790334,167.060877,10.084935,10.000000
293.359435,166.721350,10.261868,10.000000
293.189847,167.667485,10.000000,10.000000
292.960922,166.654356,10.058113,10.000000
292.558899,167.011688,10.000000,10.000000
290.879066,166.837053,10.000000,10.000000
291.433702,166.553358,10.000000,10.000000
291.190510,166.442052,10.000000,10.000000
291.014737,167.294303,10.000000,10.000000
290.753179,167.179395,10.000000,10.000000
290.580282,167.212213,10.000000,10.000000
290.389710,167.107478,10.000000,10.000000
291.076296,167.171811,10.000000,10.000000
290.855952,167.173438,10.000000,10.000000
290.657900,167.098412,10.000000,10.000000
290.418756,167.011823,10.000000,10.000000
290.905293,167.110807,10.000000,10.000000
290.629081,167.072581,10.000000,10.000000
290.371487,166.802867,10.000000,10.000000
290.897759,166.997924,10.000000,10.000000
290.356418,167.125706,10.000000,10.000000
290.148104,167.156909,10.121795,10.000000
290.344905,166.616099,10.000000,10.000000
290.047319,166.527659,10.323733,10.000000
289.868408,166.970476,10.000000,10.000000
290.253447,166.878762,10.000000,10.000000
290.569927,166.803539,10.000000,10.000000
289.717288,166.762691,10.000000,10.000000
289.659245,166.680816,10.137120,10.000000
290.267145,167.246019,10.035989,10.000000
289.658586,166.658333,10.046701,10.000000
290.175028,167.171812,10.000000,10.000000
289.972348,167.023962,10.283457,10.000000
289.481558,166.353203,10.000000,10.000000
290.581320,167.287560,10.000000,10.000000
289.659270,167.142237,10.000000,10.000000
289.441393,167.025120,10.275585,10.000000
289.974731,166.407283,10.113301,10.000000
289.502034,167.169781,10.000000,10.000000
289.588636,167.384624,10.059857,10.000000
290.224136,167.082283,10.000000,10.000000
290.299161,167.248528,10.012990,10.000000
289.958162,166.957813,10.000000,10.000000
290.031603,167.265695,10.008448,10.000000
289.546360,166.984153,10.022040,10.000000
290.074599,167.728379,10.049184,10.000000
289.542260,167.399105,10.149561,10.000000
290.300354,167.088529,10.000000,10.000000
290.400668,167.297440,10.000000,10.000000
290.608715,167.477096,10.000000,10.000000
289.810080,167.678730,10.000000,10.000000
289.773933,166.868673,10.167295,10.000000
290.401931,167.566708,10.005503,10.000000
290.013792,167.323511,10.000000,10.000000
290.103526,167.504190,10.023011,10.000000
289.585712,167.200398,10.060168,10.000000
290.287128,166.812116,10.000000,10.000000
290.271229,167.012937,10.070061,10.000000
289.775903,166.708925,10.074449,10.000000
290.411287,167.350420,10.000000,10.000000
290.601487,167.529336,10.000000,10.000000
289.706110,166.813838,10.000000,10.000000
289.756677,166.919044,10.068720,10.000000
290.512686,167.680418,10.000000,10.000000
289.812487,166.928941,10.000000,10.000000
289.986009,167.125643,10.000000,10.000000
289.964862,167.313482,10.057518,10.000000
290.629493,166.991561,10.000000,10.000000
289.868730,167.096246,10.000000,10.000000
290.013669,167.268176,10.000000,10.000000
290.093686,167.488721,10.000000,10.000000
289.986198,167.670681,10.163816,10.000000
289.499956,167.295916,10.159502,10.000000
290.155259,166.900611,10.000000,10.000000
290.214519,167.069258,10.000000,10.000000
290.262504,167.250005,10.026402,10.000000
289.937648,166.944157,10.000000,10.000000
290.003089,167.154538,10.046085,10.000000
289.472346,166.886307,10.082939,10.000000
290.221347,167.647907,10.000000,10.000000
290.163184,166.817375,10.189577,10.000000
289.863798,167.630352,10.000000,10.000000
289.880008,166.835233,10.074330,10.000000
290.620339,167.549562,10.000000,10.000000
289.781693,166.795943,10.000000,10.000000
289.680753,166.967590,10.140917,10.000000
290.335613,167.700412,10.014874,10.000000
289.851271,167.331802,10.028640,10.000000
290.395055,166.970653,10.068700,10.000000
289.904017,167.750392,10.011076,10.000000
290.471047,167.395896,10.002616,10.000000
289.930800,167.161648,10.064380,10.000000
290.538673,166.777474,10.027890,10.000000
290.166708,167.627728,10.000000,10.000000
290.178544,166.879289,10.119129,10.000000
290.009256,167.713973,10.000000,10.000000
289.829623,166.889430,10.343161,10.000000
289.730578,167.741269,10.000000,10.000000
289.628887,166.820735,10.212465,10.000000
290.363554,167.522056,10.000000,10.000000
290.251276,166.728572,10.241842,10.000000
