340.000000,141.000000,20.000000,21.000000
339.910890,141.914405,20.907995,21.082087
340.329730,141.705906,21.060938,21.110771
340.304763,140.875388,21.137796,21.362154
340.064107,141.286531,21.380713,21.090588
340.146456,141.719091,21.075321,21.092976
339.894414,140.695402,21.267965,21.438427
339.311818,141.735656,21.185804,20.988932
340.111193,140.905948,21.347538,21.145784
339.837981,141.220628,21.420244,21.068380
339.969585,141.374911,21.153496,21.105593
339.928259,141.747863,21.304020,20.999971
339.948395,141.054133,21.781036,22.357134
340.048602,140.540854,21.123758,19.123987
339.863782,141.086998,21.218565,21.035210
340.101399,141.322453,20.919310,21.192474
339.669723,141.730497,21.288904,21.076397
339.592578,140.831150,21.139307,21.460197
339.936576,140.926819,21.361536,21.371895
339.394293,140.753991,21.246273,21.312361
339.841022,141.966989,21.157234,20.999197
339.759203,140.857580,21.236843,21.518703
340.221016,141.039452,21.303902,20.952866
340.212748,141.252153,21.126865,21.201473
340.102788,141.551560,21.156691,21.195196
340.047303,140.669613,21.106703,21.513855
339.283503,141.657714,21.297298,20.978365
339.947264,140.754505,21.312702,21.307770
339.211652,141.904709,21.318335,21.074066
340.048622,141.055162,21.408012,21.440334
339.398775,141.046966,21.390919,20.741129
339.427691,141.001387,21.210596,21.006573
339.392909,141.166329,21.193590,21.299330
340.398541,141.555322,21.126143,21.110273
340.319533,140.694503,21.137201,21.155893
339.998423,140.905345,21.433712,21.215052
339.523563,140.729819,21.258194,20.958284
339.432978,140.925706,21.257030,21.230810
339.240753,141.290965,21.270760,21.296175
339.726932,141.261530,21.283510,21.028835
339.841630,141.527510,21.050848,21.099827
339.625156,140.523811,21.221130,21.385300
340.129154,141.821682,21.118065,20.866951
339.619333,141.416148,21.164150,21.026812
339.458409,141.538355,21.348387,21.171597
339.879843,141.471068,21.381153,20.860842
339.821986,141.682493,21.309694,20.895802
339.437664,140.661517,21.752106,21.247988
339.150303,141.820530,21.976067,20.829155
318.470987,141.411769,22.134369,21.164675
318.544284,141.177193,22.918425,20.596962
318.388307,139.582286,22.915384,20.675623
319.361851,138.909641,21.537273,20.576607
319.799386,136.589130,22.130869,21.519211
320.140650,136.211345,22.867706,21.492136
321.124942,133.845077,23.634886,22.690561
324.579307,129.561146,23.029951,21.847237
322.191573,130.186773,24.737707,22.433056
324.437636,128.796321,22.940489,22.365534
323.003757,129.287801,24.425014,23.524778
323.358299,128.624453,23.865025,22.891644
321.650244,130.322449,24.477417,22.976494
321.805820,131.508827,22.860645,22.013771
320.870133,131.697993,23.079973,22.074129
323.429768,128.242690,24.991390,22.498102
320.261247,132.924282,21.193163,21.475922
319.688006,132.289369,21.524046,21.350187
320.205187,132.274829,22.924240,21.604342
318.862644,132.346013,23.955906,21.486265
319.620238,131.956599,22.207052,21.258287
319.500388,133.382712,21.466482,21.150988
319.476354,132.641327,21.205889,21.218369
318.843815,132.762942,21.010540,21.160570
319.245820,133.105451,20.750612,21.079809
318.792454,133.057722,20.961788,21.069096
319.091713,133.408377,20.911739,21.182896
319.562958,133.948707,20.575832,20.936205
319.336929,133.736164,21.004726,21.000984
319.194951,132.661725,21.707239,21.237318
319.559247,133.863827,20.682161,20.844177
319.305835,133.563369,21.042891,21.086107
319.390528,132.723169,21.103973,21.239071
319.909843,133.204392,20.637493,21.005072
319.543597,133.023587,20.863592,21.069998
319.181298,133.203463,21.109934,20.853390
319.164148,132.954405,21.117416,21.020565
319.239281,133.293513,21.170750,21.138559
319.151926,133.579766,21.654648,21.288542
319.307026,133.510330,21.113842,21.143242
319.213062,132.739645,21.377621,21.027134
319.340550,133.092230,21.969858,21.093822
319.333911,133.568907,20.539557,20.799587
319.323611,133.838627,21.327665,21.165520
319.773885,133.113481,20.944223,21.224928
318.516554,133.290054,22.409515,21.577507
318.979367,133.187452,21.388544,21.370472
318.566845,132.824628,22.491909,21.496763
319.104012,132.849031,21.316204,21.113461
319.348099,133.217295,21.242008,21.093273
319.538802,133.653588,21.333044,21.174536
319.598141,133.533413,20.987804,21.193680
319.011902,132.948564,20.948360,21.093451
319.028475,133.201914,21.404930,21.214802
318.860768,133.027114,21.218882,20.984316
319.070137,133.423258,21.431431,21.111141
319.058871,133.376593,21.367109,20.990749
319.374000,133.868778,21.184225,21.009842
319.426867,133.182625,21.046675,21.233856
319.295413,133.404954,21.788572,21.415617
319.123093,132.875382,21.158520,21.360708
318.820451,132.873434,21.279528,21.111401
318.892796,133.115702,21.783482,21.245007
319.403675,133.721443,21.247044,20.783340
318.718948,132.748007,21.143131,21.012096
318.674995,132.974291,21.837681,21.229015
319.219905,133.578517,21.233992,21.081804
319.339453,132.744069,21.191116,21.293982
319.210473,133.208200,21.960238,20.987806
319.460522,133.018148,21.286846,21.030910
318.795544,133.420169,21.240894,20.968325
318.990597,133.649210,21.674496,21.322323
319.141050,133.616052,21.025185,20.954664
318.527158,133.132747,21.685915,21.229105
319.440261,133.103487,21.648314,21.075413
319.230699,132.759356,21.965700,21.577953
319.551169,133.075637,20.944059,20.796541
319.452768,134.022001,20.829697,20.696255
318.970169,133.584416,21.478771,21.189795
318.697050,133.239428,21.775299,21.365833
319.392218,133.798530,20.808273,20.965853
319.196304,133.488875,21.192501,21.271952
319.256883,132.850210,21.126711,21.137943
319.521264,133.216412,21.125772,21.073952
318.747366,133.551765,21.441391,21.260971
319.346037,133.515818,21.698418,20.967136
319.380550,133.391709,21.230267,20.960875
319.708177,133.684531,21.186106,21.038988
319.076190,132.838772,20.960730,21.075394
318.974156,133.270895,21.668222,21.339603
319.427177,133.932423,21.576893,20.836510
319.176498,133.078687,20.952328,20.876356
318.906763,132.783115,21.487053,21.229935
318.870558,133.985814,21.044159,21.015310
319.031951,133.432697,21.078146,21.074738
319.026331,133.724181,21.589043,21.060602
319.001692,133.717139,21.350471,21.035295
319.303639,132.921861,21.024172,21.120977
318.948009,133.040330,22.526714,21.225698
319.833479,133.278019,20.860504,20.707977
319.485420,132.871077,21.190113,21.039555
318.469820,133.049857,22.033279,21.460772
319.221380,133.774322,21.147423,21.127298
319.211701,132.930646,21.425234,21.323050
319.055086,132.921014,21.332657,21.197210
318.971480,132.940233,20.969679,21.082493
318.862048,133.053853,21.601919,21.321775
318.894161,132.902728,21.250240,21.289690
318.758121,133.003550,21.335241,20.798450
318.907702,133.085706,21.391951,21.437742
318.488482,132.932798,22.267317,21.267353
318.977532,133.032414,21.046541,20.904242
318.379214,133.999357,21.893034,21.048786
319.392317,132.954914,21.229393,21.176628
318.497473,133.481873,22.307693,21.084839
319.412649,132.622037,21.286659,21.295553
319.480801,133.915143,21.042484,20.866484
319.292228,133.640138,20.994879,20.867857
319.168205,133.454101,20.835560,21.051348
318.897026,133.102121,20.993504,21.074291
319.460301,133.309403,21.067827,21.144247
319.973034,133.741741,20.977413,21.186974
319.760830,133.011079,20.860630,21.434523
318.700820,131.436726,24.794737,22.449532
316.292774,132.288283,37.896931,22.565126
339.035488,135.965313,21.933353,20.702225
336.079393,137.129583,21.463120,20.697475
332.512069,136.951182,22.399137,21.268221
329.034235,137.385934,22.347031,21.499228
326.903402,138.767862,21.921921,22.148891
323.611221,139.782172,22.118855,21.997156
319.883115,140.378813,22.344965,22.342602
327.373936,116.893983,21.234966,19.728735
326.945100,117.166882,22.123743,20.377396
324.321299,116.187151,24.481506,21.168507
326.215805,116.982929,20.946239,19.828979
326.170982,117.103471,20.778278,19.310186
325.049508,116.728168,22.477869,20.379976
325.705441,115.981649,21.200596,20.311436
325.806704,116.160802,20.726700,20.210058
325.387797,116.240472,20.198606,20.139174
324.372512,114.944547,21.295614,20.978636
323.769471,115.700756,20.735811,20.144203
324.278245,115.759375,20.426233,19.531666
324.578058,115.570996,20.376808,19.331182
323.697170,115.623064,20.508137,20.229916
323.787119,115.443090,20.620598,19.326221
323.974446,115.608604,20.476694,19.981628
323.058576,115.400434,20.702707,19.953779
323.986329,115.917011,20.208292,19.948738
322.763716,115.739961,20.632401,19.801825
322.947041,115.665341,20.479572,19.842947
322.934447,115.487596,20.398764,19.885077
322.843160,115.427873,20.389063,19.689924
322.795090,115.275476,20.324497,19.691578
323.772109,115.160101,20.060827,19.996670
323.579366,115.147999,20.454035,19.960365
323.688178,115.231060,20.188635,20.064178
323.349720,115.729475,20.379307,19.769085
323.258891,115.743709,20.448072,19.832850
322.980824,116.081305,20.231632,19.481686
323.114112,115.460982,20.092802,19.881044
323.318319,116.284103,20.257523,19.905525
323.132886,115.428598,20.382647,19.931927
322.986578,115.825073,20.297020,19.616104
323.291091,115.512154,20.244772,19.575851
323.550969,116.404336,20.198076,19.819883
323.444293,115.708112,20.233931,19.765684
322.797218,115.521558,20.232563,19.504972
322.981757,116.344742,20.280592,19.870506
323.007388,115.707818,20.323530,19.833487
323.067962,115.978870,20.212339,19.743958
323.401997,115.844791,20.154972,19.476784
323.681230,115.562041,20.205393,19.582659
322.864744,116.192014,20.381744,19.890799
322.767672,115.639454,20.442558,19.774521
323.775027,115.892777,20.209036,19.419722
323.155509,115.676209,20.416281,19.438421
323.521696,116.208364,20.217888,19.714359
322.820189,116.029689,20.414818,19.528353
323.044654,115.750832,20.215872,19.678230
323.267710,115.460527,20.136826,19.369244
322.992122,115.612691,20.342031,19.710310
322.862902,115.959033,20.304306,19.684786
323.060564,115.783051,20.306541,19.409386
323.278241,116.461378,20.228746,19.726254
323.721940,116.126526,19.938501,19.736778
322.883074,115.919819,20.412964,19.496407
323.181633,115.675691,20.163532,19.540045
323.323145,116.119820,20.220093,19.887794
323.147439,115.534683,20.456232,19.687080
322.998846,115.894447,20.359306,19.397560
323.374847,115.636757,20.250050,19.660645
323.535055,116.377046,20.475426,19.876532
323.555900,115.734433,20.315062,19.642057
322.967332,115.526797,20.369661,19.292185
323.277827,116.163895,20.189848,19.978027
323.113863,115.493258,20.235649,19.850435
322.820414,115.974629,20.263786,19.606794
323.098236,115.589232,20.176815,19.837389
322.954397,115.852568,20.256042,19.778606
322.694490,116.206837,20.330711,19.634430
323.007031,115.803015,20.150301,19.766476
323.237540,115.797925,20.073042,19.445684
323.345983,115.452610,20.232714,19.416725
323.512002,116.052903,20.391893,19.919477
323.422014,115.193089,20.483070,19.804581
323.248293,115.426671,20.390915,19.858961
322.952118,115.895033,20.386501,19.534763
323.323430,115.736814,20.217913,19.324057
323.445084,116.336294,20.440395,19.724247
323.210616,115.508413,20.436331,19.953411
323.081598,116.130746,20.361275,19.516150
323.263643,115.694369,20.120621,19.658892
323.627501,115.542767,20.118629,19.348701
323.343831,115.725968,20.230959,19.655012
323.596085,115.368390,20.318638,19.752867
323.362341,115.716360,20.420364,19.671200
323.268758,116.067790,20.269701,19.736704
323.198001,116.191112,20.412001,19.821909
323.092636,115.515941,20.329693,19.526361
323.400368,116.294691,20.484432,19.741016
323.343778,115.514486,20.546824,19.795918
323.249453,115.697225,20.496223,19.812979
323.112342,115.953951,20.390875,19.607525
323.393932,115.432339,20.145397,19.619781
323.569687,116.471591,20.237377,19.471148
322.879663,116.071453,20.485924,19.417580
323.138748,115.937893,20.222263,19.318390
323.512533,115.285186,20.377602,19.701982
323.233256,115.289199,20.404760,19.975939
323.035203,115.644176,20.391863,19.823473
323.047265,115.999527,20.372248,19.457748
323.220026,115.337901,20.341293,19.792070
323.115000,115.628684,20.299927,19.695253
323.327568,116.293346,20.393803,19.908051
323.353676,115.828645,20.337574,19.691221
323.233767,115.973253,20.447121,19.951077
323.075068,116.260013,20.477919,19.690004
323.112137,115.600997,20.356876,19.831224
323.038251,115.972740,20.386965,19.583916
323.398098,115.650095,20.324810,19.551899
322.473198,116.107027,20.702198,20.047626
323.189770,116.111990,20.123920,19.314342
323.016780,116.233746,20.318769,19.698471
322.888822,115.488576,20.884874,19.386038
323.120566,115.576908,20.548223,19.819313
323.146645,116.043744,20.446201,19.527983
323.460934,115.506469,20.766689,19.643381
323.611176,115.471709,20.253389,19.490831
322.769468,116.184814,19.791252,19.731949
322.823926,116.044404,19.946527,19.399717
323.237313,116.253755,19.772142,19.575468
322.942814,115.446477,19.739529,19.426771
323.222097,115.422389,19.945160,19.803988
323.083202,115.826286,20.562733,19.885201
323.103437,115.983535,20.225510,19.334375
323.627141,114.936790,20.274637,20.084093
323.388597,115.914336,20.646433,20.328623
323.016963,114.517406,20.829565,20.886141
324.082786,111.117413,21.463430,23.286583
323.021808,112.937503,20.946470,22.099848
323.199013,113.289369,20.507259,22.877340
323.088540,111.212351,20.297174,23.946552
322.815213,114.115005,20.447741,20.964516
322.126616,110.817838,20.498062,24.167562
322.789155,113.651247,20.824266,21.256336
321.581807,111.228253,21.419527,23.084616
321.465120,112.281796,21.505196,22.165619
323.348087,115.093445,20.475979,20.065132
320.931726,112.702162,22.135988,21.105610
323.488699,113.981650,20.298645,20.542086
323.028817,115.845062,20.386255,19.731270
321.721966,115.059046,21.769634,19.419575
322.457196,115.322465,21.228662,19.840734
323.118155,115.350674,20.282293,19.497185
323.048523,115.690452,21.276173,19.715036
323.389791,115.527904,20.084894,19.280519
323.698379,115.315350,19.878401,19.776260
323.102189,115.757084,20.203943,19.793137
323.682840,115.855129,20.188942,19.236313
324.155311,116.048497,19.856161,19.295271
323.769111,116.021284,19.443037,19.613445
323.732967,116.265878,19.897083,19.230391
323.555708,116.187198,20.315987,18.878122
323.590722,116.097312,20.246630,18.774942
323.388420,116.152149,19.934071,19.983696
323.333982,115.767285,20.382195,19.105665
323.506462,115.552662,19.994694,19.174873
323.539608,115.337403,20.014103,19.349829
323.133619,115.501061,20.246536,18.898390
323.174571,116.276649,19.974745,19.348785
322.305635,116.228250,20.760696,18.917654
322.982815,115.586755,19.985554,19.157637
322.142783,115.262698,21.459723,19.208879
322.603376,115.695709,20.708000,19.296227
322.792130,116.233557,20.538691,19.585087
322.439113,115.199049,20.856184,19.536068
323.301661,116.188034,20.442474,19.620270
322.888648,116.052251,20.643530,19.490423
322.237086,115.764335,20.931623,19.507570
322.089544,115.600293,21.416977,19.358343
322.192953,116.007297,20.876503,19.427835
323.053954,115.931044,20.551641,19.638065
322.481311,115.962771,20.819349,19.420504
322.503998,115.672771,21.244442,19.357691
321.859650,116.093869,21.614925,19.283010
322.188767,115.485618,20.897921,19.424952
322.713142,115.428824,20.933323,19.176973
322.764518,115.439758,20.520575,19.176521
322.756943,115.962266,20.689564,19.439688
322.491632,115.852294,20.710962,19.526026
322.545877,115.975533,21.016275,18.962463
322.664398,116.343537,20.817066,19.464796
321.947148,115.323904,21.178705,19.396481
321.723633,115.872591,21.124523,19.396320
322.256112,115.804846,20.893152,19.361347
322.477455,115.759410,21.029362,19.052469
323.360533,115.636752,20.611359,19.315393
322.737678,116.175831,20.602057,19.466782
322.110619,116.177071,20.945171,19.386375
322.306221,116.030278,21.159794,19.170683
322.479180,115.903927,21.228716,18.877899
322.221423,115.784442,20.700766,19.534647
322.331295,115.739684,21.109097,18.517244
322.599158,116.025538,20.763456,19.562784
322.187252,116.184780,21.721722,18.996010
321.401298,115.470980,21.792746,18.704296
322.281352,115.915489,20.831396,19.571724
322.687284,115.988410,20.773567,19.274630
322.368280,115.940053,20.614830,19.459539
322.659927,115.909736,20.894939,19.388384
322.561018,115.921235,20.683975,19.324293
321.973537,115.509127,21.199764,19.040897
321.914353,115.395679,21.488146,18.693094
322.737702,115.981998,20.732500,19.458054
322.145623,115.990632,20.976458,19.352980
322.698275,115.999846,20.721558,19.151585
322.445572,115.335968,20.905910,19.122978
322.391774,115.893406,20.979273,19.241173
321.637998,115.668569,21.917330,18.800589
321.770459,116.046440,21.108171,19.326675
322.137053,116.037548,21.090599,19.095161
322.809341,115.847889,20.836117,19.593521
322.531913,116.047481,20.854567,19.391619
322.879355,115.938937,20.927832,19.344538
322.137889,115.945748,21.166487,19.516142
321.480848,115.564349,21.413101,18.933565
322.192964,115.341812,21.058519,19.329666
322.659997,115.524856,21.015230,18.996363
323.090872,115.928908,20.364014,19.698282
322.651669,116.193673,20.624058,19.393377
321.997625,115.772194,21.214096,19.055626
321.993003,115.717062,21.381659,18.668125
322.306301,116.081119,20.725887,19.552958
321.779518,116.190377,21.771954,18.950087
321.369519,115.463927,21.512621,18.898821
321.744015,116.216244,20.953533,19.380341
321.905288,116.225261,21.245710,19.330873
321.681726,115.735845,21.035530,19.039305
322.574582,115.423431,20.555185,19.451508
322.515133,116.303358,20.634136,19.059483
321.651375,115.461180,21.500210,19.402813
322.570200,115.943604,20.947586,19.471899
321.884537,116.000048,21.109409,19.470676
322.132090,115.529097,21.622086,18.797230
322.923448,116.094434,20.864710,19.648565
322.577368,116.290872,20.902458,19.385313
322.249871,116.312148,20.920137,19.534441
321.680334,115.124115,21.874611,18.994621
321.960533,115.318671,20.895618,19.614542
322.094459,115.304952,21.142721,19.213873
322.824978,116.235111,20.737598,19.455025
322.432279,116.596983,20.740862,19.048344
322.255452,115.992125,21.020411,19.191891
322.763619,115.756633,20.928019,18.881685
322.656005,115.995210,20.958052,19.529760
322.122450,116.076982,21.118233,19.383076
322.269461,116.000065,21.002785,19.202522
322.207976,115.859234,21.287039,19.073631
322.794237,115.656245,20.940674,19.470896
322.353865,115.773178,20.818817,19.644386
322.886612,115.976399,20.847187,19.240522
322.503517,115.716236,20.823444,19.265854
322.859273,115.650422,20.803423,18.928541
322.979279,115.967882,20.660091,19.698452
322.617208,116.210515,20.826220,19.554197
322.264587,116.441382,20.777447,19.366152
322.156367,115.297230,21.284048,19.231361
323.086290,115.991993,20.545105,19.711746
322.390311,116.180771,20.846334,19.435707
322.944781,116.157804,20.778357,19.200521
322.837046,115.620938,20.834442,19.317389
322.298094,115.487265,21.007515,19.407078
323.244561,115.404146,20.432413,19.585346
322.351274,115.448436,21.104967,19.094721
323.142069,116.280064,20.633232,19.441071
322.537684,115.173646,20.942068,19.539732
322.326940,116.335511,20.686983,19.481512
322.462884,115.248655,21.018976,19.136715
322.629304,116.003369,21.114939,19.553793
