405.000000,130.000000,16.000000,38.000000
402.753801,127.122894,17.161678,41.590195
401.062204,127.716183,17.808498,43.700058
400.067240,130.697098,18.307545,36.005608
398.213024,131.800783,19.901321,36.880512
395.875732,130.925539,20.860764,38.195179
394.492600,130.985363,20.703558,38.235039
394.208952,131.019260,20.427395,38.547241
393.108993,133.203850,20.859194,36.121376
392.117919,133.369745,19.065233,36.431011
390.244349,132.764498,19.465839,36.981869
390.042574,132.533886,18.086742,37.076294
388.546829,132.294930,17.658607,37.378654
387.858212,131.194571,16.714912,39.424351
383.028066,130.502495,18.580908,42.118416
380.958007,131.198845,19.676157,39.471855
381.279126,130.343374,17.795958,39.413654
378.307915,130.154655,20.182510,41.909180
377.646360,128.468536,19.496647,43.033714
377.934813,128.237062,18.385279,44.001019
377.099243,130.211264,18.713005,42.216450
375.333348,126.522575,22.675428,51.053253
373.301770,129.001173,20.843092,40.233509
370.746746,131.375000,20.685425,40.916786
383.729937,126.370522,21.676746,45.755859
374.638400,126.474396,25.459887,47.075401
365.193355,126.727936,21.489847,47.507317
365.163192,129.661909,19.379679,45.951931
364.829911,130.556330,16.157492,42.111835
364.800281,129.651928,15.604638,39.550545
360.978222,131.581285,15.865372,39.057140
359.113587,132.889963,16.930944,40.783710
357.002438,133.478254,19.042213,42.755405
356.082672,130.182373,19.839729,47.601845
354.581711,133.690578,16.927002,36.875885
351.159704,132.494318,20.488400,43.255619
350.171843,132.519817,19.317493,43.548309
350.408791,130.680258,15.457694,39.868893
348.673479,132.390261,17.219242,41.909924
347.073191,133.388706,17.948872,43.474312
345.160120,132.495390,19.850903,47.483334
342.847194,133.304411,17.568148,40.391926
341.836763,134.037483,20.878849,44.032310
338.934274,133.572271,21.589743,46.871830
334.906295,133.357590,25.905817,48.943115
329.666247,135.331964,29.698931,42.528393
330.615207,132.706310,27.839556,47.264107
329.314837,133.515291,25.831089,43.634853
328.246426,133.884172,25.386169,48.811062
326.848517,134.553621,25.419260,47.837811
326.213580,133.427069,25.041307,47.618153
325.638669,130.961115,23.502867,50.551205
326.205618,134.506849,19.730419,41.779072
325.789112,132.966759,19.712936,46.894699
324.705384,132.526258,19.775427,50.374767
323.925117,133.375566,18.474510,46.203861
321.945715,131.961241,20.070217,52.084553
319.713890,133.605455,19.418320,47.918743
315.314531,133.190258,22.099438,48.922165
311.847197,133.154900,24.122082,48.701271
309.782551,133.677130,24.357849,47.811916
310.415035,134.673689,23.580063,46.724377
308.629141,132.342829,24.256542,49.387379
308.869496,132.458557,22.773985,48.995872
308.554129,131.895382,23.233440,50.926620
307.754965,134.891245,17.734509,47.488819
306.467945,133.062277,17.625198,49.054508
305.361703,131.504995,18.404295,49.818439
303.183256,133.395149,18.155056,48.225410
301.523286,131.134192,17.735853,50.625713
300.773523,131.897232,18.593822,49.975441
298.293626,131.668932,21.133581,49.981365
295.676061,132.217651,23.576445,49.577347
292.611979,132.373636,25.284792,48.497723
290.437976,131.984198,27.125673,50.152363
288.829474,133.568562,27.403177,48.670403
287.905169,134.481867,27.280581,48.930721
287.596620,134.132523,22.625128,48.948257
286.950876,133.508997,19.868610,47.274364
286.885246,133.460548,18.133110,48.249702
286.593499,136.142099,17.991575,41.367008
284.209654,132.871935,19.670597,49.103062
282.968561,133.318668,17.121197,48.283958
281.646971,133.941942,16.664486,49.106731
281.057898,134.482365,18.297451,48.354813
277.340163,136.274223,21.084673,46.798241
274.261085,135.139696,24.556620,47.096180
271.758413,133.562218,26.789974,49.670372
270.139997,133.240150,28.318129,51.488792
270.301702,137.464977,25.795315,46.343430
269.266116,134.984520,26.091311,49.084587
269.452704,134.289116,24.993143,47.911491
269.540028,134.710770,20.055618,48.424110
266.967346,136.033464,20.530365,49.281651
266.547275,134.070324,19.428583,47.513687
264.568469,134.408878,20.301004,48.426910
261.577559,134.165146,20.127377,47.765915
259.658373,133.338066,22.575207,49.786430
257.961111,133.678940,24.069843,53.592278
257.106162,134.041149,23.416094,53.263763
256.397770,133.481638,23.873024,51.716496
252.226792,134.401224,26.066008,50.254993
253.100466,133.909828,25.136608,49.182381
249.810596,134.825935,27.370888,50.264977
246.047505,135.515165,30.487951,51.504696
245.988467,134.871017,28.266947,49.726967
244.280732,133.286148,25.938078,53.530998
243.744143,133.200846,24.418436,52.062550
243.878373,133.678005,24.171782,51.545700
242.053932,135.107782,23.603256,51.562290
243.793238,133.326647,17.705715,45.652363
240.568193,134.372272,19.716221,49.613670
240.599049,134.556908,19.331764,50.564972
240.250784,134.209646,17.615055,48.253376
237.911636,136.113016,17.646683,46.801144
236.778851,135.305922,17.179527,46.949856
235.234617,136.194708,17.185093,48.005863
233.601319,138.599310,17.485098,44.241802
232.374592,139.382940,17.042488,43.153225
230.464314,139.312746,16.401779,43.130161
227.767468,138.725477,17.116560,44.133556
227.630243,137.655279,15.721677,40.743000
226.056154,139.749868,16.697399,38.226864
224.397036,139.872145,17.313755,40.078533
222.202185,138.488630,17.767254,41.012188
221.163998,138.236721,17.907455,40.184357
220.061218,139.555012,18.412163,39.382782
219.422897,140.115759,18.301414,39.506947
216.344311,140.690378,19.903893,40.756748
216.391338,138.809902,20.791893,42.191292
212.796520,140.022974,21.569664,41.866993
213.979975,138.833971,20.041714,40.354252
211.623977,140.017626,20.282747,39.795330
209.248536,138.817358,22.989599,40.983425
207.615490,137.784422,21.518089,43.023373
207.891280,137.998260,22.857683,42.203712
206.692994,138.359280,19.076521,40.747711
206.650527,138.886444,18.844080,40.287376
204.503236,139.564222,17.907705,41.072651
202.739367,139.386410,20.016253,42.842346
200.122407,139.543205,20.619482,41.526962
199.044729,139.837992,21.582386,44.761333
198.001075,139.239609,21.405077,41.238235
197.073048,141.811487,19.871490,40.487942
196.006401,140.331596,19.319397,43.501907
195.015790,141.030672,18.447233,42.125713
193.939060,140.955021,18.753777,42.177597
191.241649,138.031061,21.534815,49.207012
189.215136,139.159071,19.671856,45.858585
189.405636,139.906250,28.186440,49.849602
188.676912,137.124325,18.753002,49.815414
183.463546,139.650730,27.919481,47.595703
200.050277,141.062016,24.028795,45.646637
181.753819,139.408268,22.611326,51.174149
181.729273,139.453547,21.618992,51.421513
180.336640,139.122265,21.070196,49.824722
176.237949,140.801489,31.585846,54.668285
164.999817,134.024984,66.847389,63.447552
148.814899,84.888149,79.819489,93.144073
112.662907,115.503288,83.044220,93.250648
147.544518,138.165150,75.434166,71.599991
86.564743,139.730610,46.241966,74.839615
87.557810,156.052738,38.080952,71.178513
87.112019,149.351982,33.519852,73.530632
84.967384,140.999596,36.347542,69.284325
85.689684,149.241962,32.508976,71.046280
84.289829,154.107449,36.897949,77.381470
85.192089,152.622978,35.435165,59.529686
89.540980,147.188744,29.939058,50.642799
90.555208,145.482538,30.126484,62.238041
88.423077,144.480747,30.257202,66.012634
82.593926,146.447979,30.627615,63.292221
87.593356,148.710066,30.833818,58.465221
90.188257,149.291044,26.225361,53.979046
91.251391,144.304853,26.103014,50.268734
91.758108,145.042871,24.727627,54.704044
92.629106,145.743134,26.044928,47.159904
92.414715,144.772179,24.539291,45.734825
92.980487,143.331512,23.342150,50.122673
93.082411,142.560373,24.276485,50.286091
93.224897,146.327694,24.940350,44.449554
91.251783,150.220884,25.668880,51.894466
141.625126,141.608915,21.312180,39.169003
138.827543,140.095110,24.128086,52.461758
139.387246,140.155453,21.782804,50.526222
137.569955,140.721752,22.558119,50.258522
137.773245,142.995098,21.698917,49.378120
137.482046,142.023287,20.108891,42.441959
136.500044,141.798626,20.233097,52.175308
134.802077,140.411793,18.942148,51.768349
134.268541,143.411827,17.762226,48.683441
132.143673,141.557961,17.648605,49.241989
132.323761,141.778202,17.574699,49.691139
130.994988,142.052145,17.171675,49.645557
126.745161,143.328625,20.477016,48.641029
125.660854,142.841627,20.630737,47.512653
120.181588,144.177412,28.950590,46.275944
121.590210,145.030052,21.654160,47.955200
121.163124,144.457180,21.218323,47.910751
120.904508,147.895575,19.308645,46.252789
116.914620,147.415167,19.519796,45.885983
115.037156,145.354761,18.889334,48.312435
113.073540,145.116138,19.840401,48.395683
108.603970,146.594986,22.541901,47.657059
103.813709,141.309971,26.198967,52.040985
103.230465,141.451014,27.293007,53.984989
103.386988,144.781826,26.794567,48.963303
102.254083,146.623980,26.667967,46.925678
98.812225,140.724293,27.562683,51.662033
100.215623,142.471628,24.349546,49.862064
98.394743,144.038027,26.176243,50.935459
94.719580,141.226604,29.535282,52.680634
97.247936,142.737415,26.532265,50.118530
95.653428,145.899010,31.496977,48.615532
98.388538,140.896477,39.671440,53.696281
92.455156,137.166645,44.523418,64.136902
92.075106,134.450855,35.148403,70.591904
104.290460,148.189615,30.439207,44.972050
103.846038,146.002092,29.080187,52.210667
104.009489,141.543907,28.358738,48.371162
103.288795,148.920235,23.562517,41.877388
93.806467,142.454475,30.809673,61.026543
89.819223,148.312483,33.804867,56.798504
85.604216,146.331709,34.911686,59.551067
83.367805,146.859468,35.381805,56.260502
81.340709,148.216896,31.622980,54.565987
83.035758,145.405235,28.058443,59.698097
85.671154,154.351662,27.997551,52.814812
84.441898,149.473616,28.199364,50.630810
80.066618,148.913586,25.842060,50.040131
77.608974,149.300762,26.100685,48.912933
75.618443,149.404291,25.730049,46.393711
74.975678,146.690779,28.829039,48.926540
69.025455,139.042469,24.590052,55.226944
68.398245,138.890154,29.316532,55.793018
66.314888,141.439054,34.709198,54.957088
64.277403,139.419199,35.033237,57.042210
65.745060,138.501476,39.922356,58.266418
62.587568,137.080177,33.865772,58.458000
58.452726,137.060131,33.174488,57.641586
57.345004,139.104588,31.686563,56.364273
57.536619,141.203686,26.410023,54.462509
57.500896,140.463436,24.456871,54.734665
58.159605,142.422766,22.971210,54.170437
56.727917,146.861502,21.405937,48.459469
56.111318,147.052776,21.032255,48.211731
53.025437,147.707975,23.623098,48.353359
49.321159,149.491020,27.105690,46.589638
47.506405,149.645956,26.530380,46.337307
47.252047,150.437914,26.177753,45.715397
45.923168,150.123205,29.228241,45.608471
47.154085,151.123623,22.047123,44.679337
45.849902,150.024195,25.395731,46.687511
45.287489,150.857101,20.081821,45.452118
44.433152,146.744181,20.565748,50.310337
43.771736,147.256147,19.232529,49.303799
42.891731,147.009272,18.122162,49.029095
39.091971,146.090902,19.474657,49.516346
38.213926,146.358322,19.128407,50.124489
36.698278,148.487900,20.234753,47.505981
34.013036,147.261541,24.865232,47.381329
31.001418,149.283731,30.392237,46.048313
28.426274,149.484385,28.812376,45.604404
28.101429,148.727812,24.712143,45.466686
28.700715,148.873999,27.495672,47.086056
27.624609,150.083733,23.543377,44.466576
27.529076,149.056873,23.591805,47.200272
27.266299,148.035994,20.913942,45.897823
26.636161,148.531521,19.347712,46.192398
25.092223,146.952494,20.162348,47.758923
21.817259,148.829189,20.373302,46.061958
20.445046,149.140646,21.933172,46.297413
20.808059,147.022909,21.504129,48.839069
19.839037,148.450060,20.204815,47.237621
16.932107,147.392260,29.213087,50.638142
14.444092,146.811779,29.925201,46.817383
13.445116,147.679066,30.330532,48.741913
11.758335,147.659611,25.864021,48.370941
12.105394,149.634659,21.651424,48.598778
13.168106,149.991697,19.798111,43.488903
11.150713,149.523878,21.439907,47.045856
10.658021,149.637896,20.805189,46.735073
11.139584,150.407251,21.401802,52.018917
10.281036,150.338512,27.882736,49.408562
5.769267,148.596951,18.631601,50.113121
4.605002,149.854891,18.253626,48.480602
3.097624,148.401535,17.527210,47.384811
0.457193,149.185419,18.199528,47.631992
1.135359,149.802303,17.876072,47.271355
0.007245,150.150812,18.266302,49.217701
0.851252,149.763041,19.180294,51.843616
0.446933,146.679470,17.944078,51.158546
0.982025,150.516987,21.938484,53.060738
1.618587,144.470940,19.090164,57.012512
1.065322,145.025667,16.952768,56.240032
0.288931,143.964300,14.198535,52.808254
1.255208,145.874893,14.140463,52.347107
0.448067,145.731844,12.362266,51.072971
1.049321,148.495409,12.598951,50.087589
0.980706,149.261366,12.042037,54.497578
