141.000000,47.000000,55.000000,55.000000
141.421127,49.095671,54.470596,56.835880
138.247929,50.977821,55.837059,55.603439
137.413660,52.428013,54.837154,55.961876
135.381170,54.019361,55.503666,55.809330
133.784664,54.465794,55.463081,55.570564
132.818733,54.768866,55.111420,55.426212
133.327049,56.263275,54.751663,56.148849
131.421114,57.695379,55.368465,55.859241
129.507021,57.800804,55.699017,55.765289
127.652065,57.415001,55.775444,55.960464
127.350626,57.379509,55.197247,56.173752
128.433519,57.726152,54.650997,56.023769
127.015490,58.091755,55.178295,55.736320
125.969761,59.267096,54.987022,56.194263
125.963867,60.642437,54.963516,55.667931
125.578781,63.126104,55.023178,56.489857
124.945385,64.453789,54.859489,55.880554
124.226181,67.393007,55.080322,56.509487
122.951740,68.617048,55.046654,55.769978
122.850222,71.340607,54.917477,56.841431
122.727505,73.422976,54.778603,56.390224
121.175039,75.748943,55.236149,56.306252
120.711077,77.160801,54.819363,55.817818
121.288019,77.847965,54.927547,56.530876
121.002325,78.223234,55.054111,55.908726
118.442623,78.868412,56.077370,55.704338
119.209181,78.425240,55.304600,56.309830
116.949850,79.069462,56.134190,55.888008
116.946987,80.770779,55.386086,56.108803
117.376078,82.628109,55.461727,56.360191
116.977806,84.501297,55.557755,56.248627
116.925323,85.958521,55.373215,56.180935
116.178568,88.411833,55.203899,56.186634
116.047375,88.892885,55.207100,55.814693
114.925575,90.512098,55.417343,55.715275
115.202000,91.233011,54.965385,55.576824
113.159430,93.957811,55.489353,56.049343
112.974848,95.493248,55.082897,56.092941
112.601158,98.661001,54.823257,56.569279
112.625986,101.164524,55.068661,56.122246
115.043547,103.358088,54.753040,55.478405
117.671516,104.533783,54.800064,55.539307
119.524736,105.534212,54.153393,55.606426
121.306238,104.811663,54.073940,56.016186
122.465139,103.092476,54.466785,56.228714
122.830694,98.427179,54.678928,57.458111
123.444906,94.884869,54.472752,57.429039
124.330687,89.594837,54.188557,57.535957
125.602690,87.817165,54.234791,56.301384
125.373577,82.236980,54.369270,57.491234
126.828125,80.470009,54.197449,56.196381
129.443302,77.066364,54.089882,56.619362
131.043482,75.933168,54.005795,55.937603
132.801157,74.097912,54.048534,55.921669
134.905256,74.088686,53.482502,55.581158
137.103939,74.898499,53.870430,55.330902
138.093668,75.001827,53.533337,55.516273
139.634623,75.783707,53.697704,55.558746
140.291422,76.699181,53.662212,55.832855
141.026234,77.650564,53.519020,55.849949
142.459787,79.341003,53.688046,56.293060
142.669716,81.134626,53.458298,56.226658
143.708300,83.064501,53.594143,56.832912
142.992460,84.642727,53.781513,56.253716
142.968847,86.628132,53.664097,56.723961
142.952990,90.329004,53.367779,56.561352
141.927496,91.721779,53.660984,55.983017
142.103624,94.503771,53.646725,56.443447
143.217487,97.066715,53.905968,56.564461
142.866713,98.713829,53.956135,56.594666
143.044281,99.546186,53.815308,56.551090
144.382505,100.344669,53.928272,56.352089
144.250397,99.879824,53.985077,56.749981
144.904871,99.130705,53.785564,56.737888
144.527210,97.337713,53.925056,57.430073
142.635216,94.383410,54.369736,58.446896
142.518990,93.215738,54.158356,57.946438
142.612152,90.993778,54.000107,58.186333
142.599756,89.683807,54.107265,57.774414
142.188709,87.222977,54.117653,58.051666
142.765682,86.236683,54.110085,57.284126
144.047779,84.543930,53.977638,57.062393
144.299938,83.007360,54.209648,56.984821
146.316084,80.965904,54.004780,57.622452
147.556316,79.174934,54.206490,57.650940
148.136662,76.273771,54.225487,57.990650
148.816313,73.687910,54.259617,57.674274
149.186115,68.571249,54.581520,59.105579
150.311466,67.220125,54.605843,57.477154
150.511208,64.791367,54.654312,57.249115
151.072519,63.151810,54.544460,56.748505
152.421579,61.768265,54.458630,56.812134
153.402975,60.929178,54.498829,56.607159
154.805708,60.808525,54.618610,56.501358
155.586121,61.389662,54.288406,56.202030
158.430040,63.102797,54.276745,56.535374
159.771507,63.552986,54.490875,56.405289
161.202715,61.869379,54.739483,57.206066
161.268658,61.459181,54.700447,56.800434
163.324244,60.427040,54.477047,56.738983
163.752867,59.679192,54.574039,56.345078
163.258120,58.403893,54.665737,56.463516
162.270678,57.409939,54.938335,56.337975
161.586782,56.594908,54.945072,56.293491
159.088852,55.894585,55.802444,56.193207
159.401455,54.737261,55.104607,56.379910
159.806477,53.788500,54.969063,56.186611
159.294201,52.244766,55.058784,56.296326
159.290071,49.226915,55.128597,56.580837
158.369665,47.588972,55.230564,56.041325
157.616510,45.956686,54.958889,55.787891
155.885389,44.380623,55.279179,55.682632
154.844622,43.706795,55.474987,55.632355
155.447580,43.213633,55.143398,55.691998
154.895531,43.069408,55.268005,55.239967
153.197500,42.575064,55.533543,55.237736
153.519226,43.197233,54.803558,54.987171
153.143877,43.461336,54.758923,54.745831
152.391020,43.112675,54.889820,55.082802
152.516844,42.319410,54.843052,55.239124
154.183172,42.738079,54.429569,54.726738
153.956326,40.483624,54.751915,55.943184
154.875822,40.530689,54.746571,55.243446
155.479549,38.464941,54.826317,55.630558
156.501791,36.184454,54.789143,55.582645
157.388815,34.213116,54.987858,55.298759
158.984972,31.914143,55.034252,55.365639
161.257427,29.712397,54.981010,55.273739
163.156246,28.032047,54.754753,55.162865
164.354403,26.047653,54.821667,55.298569
166.144346,25.276634,54.698215,55.058578
166.927706,23.712650,54.814007,55.334206
165.318031,23.184046,56.110596,55.263958
165.858849,23.262877,55.515930,54.827564
166.472727,23.695091,55.465374,54.403854
165.969881,23.333178,56.131161,54.967159
165.034790,23.848646,56.218475,54.811604
165.684649,22.653225,55.619549,55.631065
166.127045,22.793362,56.023468,55.350273
165.206942,22.081158,56.658733,55.854469
165.728756,22.256805,55.938057,55.547836
165.388981,20.682467,56.262947,56.171108
164.289648,21.398134,56.720478,55.026455
162.725885,19.340553,57.023663,55.850449
163.992764,18.732452,56.071251,55.459717
163.305397,17.316303,56.891571,55.344749
164.955084,16.155413,56.161213,55.134548
163.129816,15.413115,57.073025,54.683384
162.527973,14.308903,57.264290,54.754021
162.952133,15.346245,57.185776,54.324326
162.882685,17.142029,56.981609,54.104294
163.402996,20.371700,57.182457,54.610954
164.249306,23.809660,57.595154,54.932194
165.226374,29.716492,57.280834,56.135208
167.095327,36.757334,56.483967,56.695873
167.146723,45.105419,56.585491,57.128242
169.606308,55.750233,56.865005,57.105064
171.144867,62.519653,55.973022,58.287033
171.481331,72.253757,56.310593,57.773811
171.886217,77.745052,55.999050,57.372810
172.968767,87.616283,56.332104,58.170586
172.632273,93.586571,56.258556,58.012589
174.367163,100.605259,55.758106,58.560814
173.558092,105.353743,56.115124,56.922413
173.277397,110.580902,56.186707,57.890076
173.149225,113.098217,55.932369,56.989952
173.888767,115.871183,55.990791,57.481022
174.798256,118.098122,56.197495,56.767349
175.408188,119.777426,56.041733,56.442081
176.307739,119.503073,56.113205,56.798725
178.334488,116.960228,56.168823,57.360458
180.444616,114.552959,56.147343,57.445366
180.847025,110.254673,56.098614,58.564629
182.540493,103.576159,55.956932,59.121471
183.178816,99.860170,55.924641,58.314785
181.177935,91.392067,56.110256,59.125061
180.933825,88.291691,56.190655,58.166771
181.081213,80.986895,56.292347,58.893108
182.763695,76.475271,56.035217,58.238773
183.757626,73.774679,56.386742,57.247456
183.678238,68.608635,56.573624,57.814331
184.793962,64.975664,56.803661,57.425655
184.084898,61.955982,57.138538,56.795860
183.834154,59.822287,57.548519,56.847996
185.987091,56.656555,57.563324,57.195236
187.670374,54.800632,57.798229,57.370964
189.378242,50.834839,57.361069,57.380569
190.608957,47.623158,57.395275,57.254173
191.545109,44.199387,57.448067,57.146591
190.831930,40.807018,57.744663,57.027611
189.747561,37.594980,58.224468,56.533413
189.854174,31.996876,57.879711,57.222099
189.241489,29.537048,58.348167,56.419754
187.821831,23.727983,58.985565,57.004223
187.047283,21.955616,58.958839,56.688103
184.258072,19.365797,60.108810,56.299747
183.205730,16.724020,59.725075,56.344456
182.028227,16.585375,59.323261,55.652920
179.696955,15.642784,60.071117,55.776108
176.926542,12.990000,59.990284,55.935009
175.124613,12.357182,59.922146,55.362022
171.210400,9.216953,60.137703,56.116753
169.892622,9.920309,60.169224,55.213444
168.230396,9.723188,59.477226,54.642155
165.489075,8.431038,59.290634,54.547852
163.805517,8.822220,59.541874,54.237686
161.142578,9.142855,59.129913,54.177090
159.863529,8.972029,59.652046,54.035542
156.545662,9.171665,58.639679,53.716072
154.327276,8.337887,59.710835,53.882759
150.366259,8.588934,58.851482,53.944294
146.738995,7.525124,58.896751,53.729401
144.800049,7.476109,59.126083,53.773079
141.446297,6.766195,58.174744,53.933582
138.672087,6.731672,59.004200,53.950886
136.054087,7.195459,59.120373,54.324123
134.330515,8.080357,59.134777,54.784645
131.744431,10.818199,59.210159,54.379425
129.900709,14.253502,58.769672,55.455231
128.481377,19.238335,58.738617,56.010284
129.498390,24.686506,57.656265,56.399311
130.150433,32.081079,57.607063,56.869259
132.181293,40.287130,57.027458,57.047474
133.103191,46.190889,57.117958,57.258495
135.664541,55.546602,57.164112,57.241619
137.495136,62.803007,56.798073,58.056416
138.407417,68.022842,57.390594,56.953323
140.428749,74.727760,56.996658,58.363617
142.021912,81.581020,57.421997,58.389748
143.080116,86.521111,57.305161,57.089600
145.525356,92.436832,57.691566,58.891411
147.728355,97.419861,57.947449,57.807434
150.390673,103.896784,58.143612,58.567196
155.330173,108.339865,57.952568,57.841282
157.630299,109.769442,57.148201,58.068905
157.501562,111.156176,58.072498,57.600338
158.212643,111.377403,57.801186,57.721558
160.034637,112.360640,57.518387,57.615757
162.316885,113.106485,57.361195,57.501232
164.087223,114.826591,57.658363,57.897354
166.117010,116.133615,57.874195,58.183956
168.735826,118.501978,58.904690,58.653194
171.910374,120.291006,58.778847,58.352451
175.498053,120.561672,58.911991,58.711693
179.238579,118.435282,59.378448,59.445034
182.293655,112.825277,59.704422,61.326588
184.743610,109.208611,59.424126,60.685471
188.646736,101.615492,59.499313,61.547886
190.881025,96.950630,59.332233,61.385208
192.601995,87.836418,60.149372,61.268005
195.550768,79.895807,60.703686,61.932720
200.083080,72.156847,61.650597,61.198467
203.663498,63.624878,61.942322,61.308594
206.832144,54.827579,61.716541,60.426323
209.197395,45.575212,61.235916,60.525127
209.548037,37.341368,61.734402,60.318287
210.265665,31.884459,61.274502,60.552540
210.301369,23.041082,62.266556,60.658939
211.897875,19.092258,60.923580,59.900093
208.174400,9.940477,63.119873,60.598248
206.136646,4.425562,63.169548,62.194546
204.432457,0.688730,62.829208,60.246517
200.985031,0.759705,64.279129,57.057037
198.239674,0.000000,63.810173,55.806458
193.915058,0.000000,63.850365,54.687185
189.173216,0.000000,63.556019,52.803519
184.997635,0.000000,63.179291,52.798791
178.651371,0.029496,63.545906,53.028999
174.884056,0.000000,63.461899,53.467931
167.993885,0.000000,62.651711,54.418139
162.058737,0.000000,62.733112,55.673219
157.757938,0.000000,62.516075,55.726782
151.424133,0.105447,62.654999,56.157063
147.696445,0.360572,62.895592,57.234825
143.130228,0.906722,63.178829,58.448494
138.679758,2.286958,62.940212,58.510273
133.945032,4.488149,62.080761,57.477322
129.928015,6.405395,61.793888,57.253105
126.357338,8.260726,61.737808,57.145073
122.816252,10.264711,61.633976,57.044178
119.978600,11.388767,61.607483,57.534271
117.234749,13.546926,61.508209,57.188229
112.975473,16.401588,61.753201,56.793159
111.194548,18.711885,61.193104,57.099979
108.188614,20.178798,61.112350,57.009964
105.509069,21.785789,61.092243,56.978081
102.780146,23.036460,61.009701,57.001152
101.587011,23.067601,60.831913,57.198406
99.219406,24.409585,61.001862,56.875736
97.838181,25.537046,60.660446,56.847240
95.862598,28.313779,60.156319,56.463818
94.743170,30.359365,60.033695,56.291012
94.781992,32.695424,59.404583,56.320660
93.406277,35.619491,59.716713,56.242073
92.203228,37.193399,59.919380,56.088749
90.413433,40.348602,59.804680,56.078667
90.806803,43.260204,59.337215,56.078003
91.072260,44.821500,59.732662,56.278118
91.887856,48.132577,59.299774,56.283161
91.498741,50.203048,59.990326,56.188072
92.906513,52.042918,59.820976,56.268341
94.972418,54.685022,59.627110,56.076542
95.933441,55.915649,59.838104,56.511421
98.270458,58.316699,60.018776,56.302094
100.204756,60.610975,59.332539,56.527493
101.866873,61.467500,59.550999,56.812122
104.721388,64.186528,59.987720,57.169140
107.415375,65.704368,59.370865,56.877480
110.183146,67.221473,59.460445,56.767967
112.542625,69.150502,59.419144,56.889538
113.441935,70.826061,59.893276,57.113159
116.106522,72.636234,59.465790,57.017517
118.070095,73.817441,60.026878,57.276104
119.966656,76.040447,59.457436,58.018631
122.766197,78.607702,59.875626,57.808727
124.140720,80.487329,59.722893,57.840839
126.712612,84.088779,59.654121,58.018616
129.306343,86.660306,59.868210,57.707973
132.367847,89.018924,60.218590,58.016174
134.798235,91.675483,59.325939,58.496605
137.474552,94.943767,59.839119,58.608780
140.237688,97.768379,58.954967,58.011986
142.230450,99.243993,58.862282,57.775280
144.797998,100.972524,58.881466,57.930630
147.090326,101.815408,58.755138,57.847187
149.508104,102.898687,58.780270,57.906124
151.287214,104.032014,58.794178,57.810246
153.832487,105.204910,58.660114,58.033058
156.125116,106.395480,58.296612,57.913956
157.840132,107.384696,58.287663,57.989784
159.955698,109.106778,58.671947,58.391094
160.674568,109.848348,58.628082,58.489300
162.919075,111.835279,58.548141,58.900723
164.002132,113.792180,58.653191,58.669750
166.169460,116.217393,58.570045,59.008671
168.553511,117.931175,58.374805,58.680458
170.978172,120.555564,58.502731,59.236214
173.165676,123.011873,58.512840,58.872547
175.257679,124.732669,58.763725,59.189255
177.022047,126.106166,58.607426,58.819473
179.223488,125.998977,58.870300,59.357048
181.293316,125.785047,58.612968,59.474239
182.862501,124.281398,58.947590,59.702759
184.518009,122.822875,59.005150,59.683769
184.983480,117.634851,59.075397,61.143085
185.457199,112.033271,58.726837,61.074165
185.592163,107.686124,59.054184,60.876583
186.868967,100.062839,59.068295,60.919037
187.971973,94.295175,59.086510,60.680683
187.122766,85.727226,59.592907,60.204781
187.791883,77.424444,60.162296,60.815182
187.827818,69.227054,60.579517,60.864059
188.392357,62.137988,60.343918,61.012268
188.303377,55.107520,60.903957,60.768074
188.001728,48.629844,61.129448,60.808525
188.661472,41.014053,61.069267,61.469658
190.185946,35.818975,60.932735,60.390575
189.487276,30.590379,62.056652,60.488178
188.873293,27.976104,62.901073,60.567635
190.497976,24.899232,63.001163,60.611607
190.504379,22.448316,64.366364,61.035809
191.997768,21.263831,64.308281,61.233284
192.502808,20.801252,64.464676,61.343670
191.683811,21.113338,64.953804,61.356110
191.243034,20.031839,65.010101,62.166111
191.262688,19.226501,65.357239,62.358681
189.616711,19.740083,65.724831,61.877293
188.003777,18.110803,66.535843,62.759403
186.339485,18.089156,66.941208,62.894585
184.901138,17.114745,67.627747,63.736687
185.083042,18.363015,67.840141,63.416508
182.163788,17.773418,69.021545,64.128540
182.136288,19.194309,69.160011,64.035904
179.805035,18.396243,69.648567,65.062698
176.918083,18.916843,70.085068,65.098129
176.062664,18.916827,70.480446,65.877823
173.734570,19.066871,71.016731,66.122749
171.031254,17.289039,71.451988,67.259468
168.860081,17.136176,71.962700,67.051765
167.590446,14.740489,72.411819,68.485413
166.226353,13.421405,73.239922,68.696213
166.022945,12.367023,73.699318,69.450302
166.575500,11.849296,74.163574,69.946632
167.065342,12.608589,74.062340,70.249214
166.409416,12.948444,75.218643,70.531143
167.557163,13.014625,75.018700,71.226051
166.915054,12.924136,75.960999,71.220779
168.607868,12.928001,76.100548,71.701759
169.689583,12.735309,77.222244,72.103470
170.921616,12.934112,76.828430,72.440849
171.728374,12.145259,77.040016,73.042542
172.694340,12.598655,77.216179,73.240822
173.857025,13.027599,77.206818,73.786591
175.263596,14.557601,77.313995,73.812859
176.029041,16.495632,77.657860,74.035461
176.502640,17.375148,77.924988,73.851318
178.033039,19.776965,77.657951,74.303329
179.150848,21.546096,77.624512,73.853508
181.398056,23.471340,77.542542,73.683411
184.230286,25.931678,77.037872,73.693703
187.055126,28.048972,76.514046,73.354805
190.281197,31.059203,76.827499,73.016472
191.951168,32.461269,76.037453,72.559052
193.366051,34.708740,75.323349,71.625359
192.799316,36.605373,75.024841,70.875000
194.130474,38.658538,74.310432,70.971184
194.449905,41.358165,73.715363,70.453522
194.370186,44.290855,72.877304,69.670784
192.516647,47.874503,73.173370,69.887947
192.844509,51.047889,71.627022,68.808632
191.700230,54.204742,71.413445,68.421989
190.395672,57.953254,70.522957,68.408577
189.194794,60.162998,70.231049,67.503220
190.060707,63.775504,69.306992,67.558205
188.980839,66.115997,68.222649,66.086235
187.891216,68.274165,67.751137,65.176971
187.718765,69.182926,67.313690,65.257309
187.629147,69.356277,67.002357,64.967522
186.302406,69.770656,65.705490,64.019257
186.319588,69.617965,64.892197,63.792717
185.384335,68.864059,64.238991,63.272224
185.645128,69.071134,62.523281,61.828594
185.376236,69.960557,63.090027,61.204609
184.982479,70.115867,61.829216,60.736839
184.592056,71.186109,61.588730,60.020687
185.118227,71.674146,61.207119,59.769390
182.440975,71.022243,61.328926,59.425903
181.774168,71.320037,60.104801,58.907906
181.697456,71.599300,59.367645,58.328171
181.711889,71.687759,59.054874,57.889076
180.500086,72.148429,58.727764,57.561134
179.077358,74.491937,58.599892,56.492908
177.037704,75.449643,59.216110,56.751904
175.824827,75.098119,59.016468,57.262386
175.778898,75.544622,58.760990,57.043575
176.126945,75.449271,59.012680,57.278740
176.674297,74.854673,58.653282,57.706478
176.284992,75.133840,59.024574,57.253109
177.689594,74.653541,59.045448,57.688011
178.777517,74.057082,59.182560,58.110588
180.750368,72.467567,59.049526,58.423485
183.728378,72.590068,59.551193,57.832687
187.002972,72.462108,59.964821,58.024277
192.443520,72.767803,59.636566,57.762222
196.631382,72.900487,58.120598,57.819912
201.966009,73.160995,59.567814,57.576485
208.221083,74.042724,59.141392,57.707787
212.922386,74.724639,57.628922,57.582085
217.330618,74.954232,57.355595,57.703831
220.651136,74.930206,57.233936,58.044548
224.639832,75.996881,57.564011,57.346088
229.108032,75.692796,57.276779,57.902119
233.031830,75.330934,57.300156,58.186069
236.446634,74.306752,57.239056,58.630306
239.464565,73.231448,57.105186,58.890762
242.823309,72.919252,57.242878,58.684284
246.160126,73.190963,57.632614,58.684837
249.073591,72.756667,57.777912,59.230431
251.122349,73.122861,57.849571,59.150402
253.696295,71.878045,58.102024,59.798069
255.644894,70.444896,58.217659,60.265671
256.379255,69.243242,58.792408,60.453876
257.098654,68.368268,59.138004,60.485775
256.569530,67.547389,59.277763,60.498688
255.344059,67.556928,59.686119,60.233929
252.758615,68.002370,60.650951,60.310253
251.518517,69.126218,60.214645,60.576351
246.242805,70.237361,61.447495,61.055695
241.485500,70.557014,61.585350,60.782204
235.937122,70.451862,61.305153,60.983841
230.758110,68.902351,61.597076,61.557472
219.579498,64.188155,61.477051,62.737511
211.730953,60.674489,62.401619,62.328762
204.998051,57.237750,62.724571,61.993988
194.855761,53.029508,61.842541,61.815289
187.197172,50.351594,61.392277,60.449848
178.978638,47.724687,61.697418,59.963245
171.315359,45.577199,61.317753,59.792828
166.582455,44.343122,60.937508,59.276257
161.029425,43.840951,60.157215,58.507862
146.944376,41.685815,58.737362,57.982044
139.957859,43.892778,58.820107,56.430607
128.167030,52.762502,57.529297,57.887585
115.584665,58.300496,56.962200,56.277782
99.761129,58.124986,57.318241,54.946095
85.712231,55.263681,56.221092,55.088657
73.883545,53.907642,55.396423,54.284561
62.381231,54.764131,55.581226,53.287922
55.705938,58.828983,55.891666,53.847580
52.957001,63.496101,55.791550,54.158424
55.562208,65.480365,54.458912,53.149689
57.362539,60.888274,55.142872,54.865791
62.664288,52.172344,56.585732,54.725204
70.426041,44.507564,56.741898,55.935303
65.871758,46.655160,57.622696,54.070652
61.717188,56.864608,58.511562,56.432869
58.543150,70.507318,59.374699,56.087482
50.265749,70.925746,59.575726,55.937515
55.182051,64.740529,59.837543,58.279598
62.222364,57.917344,60.235935,59.832539
75.770281,50.968833,60.279079,60.879982
86.788174,45.506198,61.562172,60.838852
97.245211,47.676240,61.306423,59.142689
96.960537,46.127689,61.549767,60.601746
92.476759,43.882051,63.479328,61.459156
93.278433,48.402030,62.329044,61.284462
94.943813,51.389589,61.865776,60.913181
89.827635,44.440242,63.323887,63.577972
91.157080,42.555656,62.709064,62.271614
92.991695,42.574107,62.002342,61.271164
91.366291,43.412462,62.236412,60.367970
