257.000000,133.000000,35.000000,35.000000
258.304913,132.921078,34.925285,35.510902
259.216293,131.802372,34.960236,35.629616
259.483328,131.087584,34.719654,35.611195
261.145046,131.716305,35.211891,35.674965
261.288191,130.857100,34.773945,35.636143
262.446516,130.630949,35.429554,35.486988
264.332428,129.837151,35.096512,35.737381
266.125828,128.351448,35.095711,35.406387
267.971870,127.712633,35.340698,35.769390
271.048191,127.570179,35.243004,35.575951
272.891926,127.307539,35.069679,35.577045
275.804897,126.155251,35.104362,35.616302
276.550850,124.677668,34.998444,35.733776
276.957560,123.402044,34.812511,35.735966
278.216728,122.314522,34.997620,35.651581
278.164965,120.925907,35.001766,35.641350
278.898973,119.417160,34.960827,35.517410
279.925875,118.870062,34.883862,35.259403
280.283276,119.381813,34.916328,35.216934
281.046219,120.860056,34.930557,35.374615
281.157436,122.070280,35.037590,35.328022
281.618856,123.885914,35.000980,35.172188
282.355042,125.462246,35.110397,35.194450
283.903444,125.688602,35.462368,34.947716
284.579477,126.759047,35.062969,34.969059
285.379871,128.708460,35.010902,34.996731
286.476730,129.991371,34.973206,34.920517
283.757128,131.146690,34.824703,34.607147
281.547308,129.432667,34.584553,34.576149
280.304392,128.416842,35.093777,34.180294
276.372965,125.257872,34.348675,34.205662
273.167177,124.602964,34.125896,33.493473
268.642805,124.078114,34.289234,33.312126
263.472641,123.720243,34.338303,33.254765
256.793205,125.418648,33.662270,33.125229
249.219309,125.889589,33.301373,32.741421
244.569220,125.666546,33.372990,32.530464
237.677547,125.533310,32.891968,32.226913
232.047611,125.628555,32.443954,31.664413
230.613558,125.856326,32.244411,31.378366
227.117874,126.586549,32.339775,31.358931
226.176395,128.880191,32.304031,31.408472
225.435468,130.023350,31.915541,30.953148
224.963784,132.857317,31.536245,31.164776
223.876780,134.013675,31.560017,30.656282
224.681506,134.431282,30.983225,30.372314
224.539117,135.222357,31.254026,30.179310
225.042253,135.636389,30.644201,29.950390
226.881838,136.834962,30.212757,29.797155
227.741349,138.680972,30.101751,29.970186
228.371725,140.362398,29.799763,30.018894
230.347629,140.693815,29.761324,29.925198
232.326646,140.067529,29.582060,29.931562
234.168626,139.760180,29.763609,30.052097
234.592075,138.921015,29.797836,30.354679
235.454136,137.884955,30.014618,30.310785
236.013653,137.022257,29.844498,30.461643
234.593945,136.649855,30.531013,30.281422
232.733358,135.997716,30.251423,30.554007
231.117825,136.195138,30.245079,30.914198
229.530746,136.430306,30.611290,30.977400
229.891928,136.973042,29.952816,32.119125
230.109494,136.971275,29.521963,33.019180
229.695788,137.822657,29.742037,35.514660
227.781359,138.716990,30.673405,35.562267
226.565101,139.515049,30.591898,34.348976
226.008363,139.797804,30.394232,33.883930
225.222847,141.089647,30.521797,31.598568
229.787957,141.786011,26.500250,31.121567
228.972598,142.060833,26.617151,30.733971
228.354805,142.613400,27.045219,30.756454
231.068852,143.292101,23.929914,30.401272
232.762884,144.437568,22.376781,30.162279
232.398978,144.709617,22.364069,30.085657
232.581169,146.455663,22.237282,30.431288
233.597003,148.371800,21.999063,30.507704
232.006712,150.957057,22.028164,30.295015
231.845472,153.394554,22.163151,30.271072
231.931039,156.080603,22.310766,30.428715
230.636821,160.455215,22.958750,30.546158
231.865301,163.055652,22.174717,30.596140
232.896506,166.280783,22.093134,30.444088
233.247530,167.784110,22.038517,30.261477
234.320943,169.491343,21.697966,30.237232
232.512333,169.443281,22.712143,30.087238
232.890112,167.949758,22.580036,30.089834
232.201701,166.446434,22.363222,30.384445
230.845460,163.949862,23.032766,30.366953
231.053164,161.122973,22.746447,30.644030
231.129850,159.547224,23.000111,30.466457
229.680185,155.691822,22.723705,30.556625
229.707716,153.950669,23.116985,30.381239
229.964863,151.235098,23.317810,30.576366
231.151053,150.229735,23.091829,30.289408
230.973626,148.255742,23.480597,30.571455
229.255196,145.519853,25.380737,30.941450
226.578282,145.052599,30.449064,30.993534
233.560169,143.369223,23.834488,31.201595
232.583927,142.456961,25.300400,30.732731
232.680016,140.790870,25.625809,31.129412
233.028736,140.458772,24.681976,30.811842
233.621122,140.557342,23.476604,31.097757
232.990938,140.600170,23.673977,31.064423
233.638705,141.107037,23.269381,30.980103
233.495150,141.676946,23.491589,30.967985
234.227970,142.636251,23.126099,31.332516
234.542231,143.495366,23.365673,31.374693
235.101211,143.697152,23.796572,30.983397
233.229584,144.440796,28.428703,32.154236
233.618179,145.212521,28.737976,32.006767
241.200137,146.564600,23.285089,31.926151
241.940928,147.082944,23.329159,31.073637
241.828987,147.847463,24.506073,31.466803
237.838847,148.857580,29.880922,32.040180
235.423759,149.442726,32.460426,32.665184
244.339888,151.128359,23.893948,31.555180
244.629103,150.979563,23.442883,31.233814
245.003099,151.275996,22.938297,31.100939
245.922675,151.707413,22.727892,31.441650
245.668777,152.004560,23.069399,31.184292
246.777870,151.711002,22.765251,31.181297
245.383921,150.972103,23.273716,31.674889
245.120256,150.285722,23.289028,31.542433
244.969674,147.763593,23.556601,31.636885
244.635560,147.561003,23.188246,31.337345
245.233022,148.308323,22.841230,31.292862
245.649197,149.003716,22.627045,31.027800
245.245653,148.068926,22.898342,31.169247
246.008243,148.781351,22.447336,30.877346
245.485340,149.700762,22.597588,31.154934
245.512379,150.759452,22.559471,31.041224
244.754088,152.432888,22.410402,31.160484
244.328801,153.482663,22.662924,31.232573
244.623985,153.654022,22.499298,30.920403
243.788002,154.229168,22.810707,30.905952
244.108975,154.340367,22.757360,30.721449
244.996101,152.353206,23.404167,31.214914
245.537757,152.869077,22.951593,30.775671
244.095767,150.974658,23.840204,31.082819
245.432659,150.498566,23.188408,30.638214
246.080050,150.409994,23.120884,30.605030
246.650879,148.478485,24.405556,30.933998
249.201644,147.899605,22.788958,30.119949
249.464952,147.192618,23.479084,30.560404
246.596487,146.788305,26.887646,30.510456
242.253747,144.761352,31.523771,31.306108
246.639994,144.991154,27.990276,32.105072
244.223618,144.482807,30.681816,31.802460
252.567479,145.183527,22.879225,30.973560
247.882765,144.542299,27.246998,32.167316
248.091599,144.238951,27.899567,32.556454
244.952412,142.829889,30.005310,33.907688
243.257039,142.113400,30.227949,34.780327
248.140500,144.958564,24.487349,31.538805
246.925833,145.002007,25.415264,31.057648
242.658900,140.182631,30.855547,34.781803
244.973339,141.732664,28.671585,32.118641
241.096514,138.061012,32.288837,34.806931
247.039279,138.222111,25.823320,32.128334
243.253489,132.430426,29.321186,35.625286
248.000495,133.045214,24.541666,32.648304
242.324773,128.649878,30.069662,35.046192
240.164362,129.077734,32.408092,32.863300
239.354525,128.280022,32.462566,32.836151
239.654392,128.022947,32.073555,32.273640
239.647350,127.041819,32.396370,32.449696
238.828794,126.646959,32.315449,32.375782
239.288158,124.573551,32.327477,32.773651
240.832446,122.865385,30.694284,33.791592
246.108725,121.709608,25.595585,32.009197
247.473745,121.909208,24.813511,31.161671
248.553106,122.612902,23.589939,31.288181
248.420395,122.633207,23.698158,31.355312
248.105636,123.797806,24.953905,31.551765
247.966341,123.697223,25.538708,31.458231
248.730903,124.270828,24.175180,31.607712
249.073631,123.281235,25.224312,31.339706
245.315097,122.218525,29.148256,32.772537
250.503147,121.921496,24.045822,31.711863
244.927739,120.193727,30.257528,34.198391
250.989500,122.215636,24.450352,31.942705
244.918400,121.204659,31.143372,34.705727
247.102837,120.930662,30.319527,35.043865
242.207638,125.012272,34.577271,32.618042
242.456486,126.570902,34.175491,32.095768
240.806025,128.018036,34.716908,32.396339
239.501341,128.178741,34.884518,33.261635
239.881659,129.483349,34.535381,33.199783
239.284014,129.501966,33.705082,33.609661
238.882368,128.989708,32.450863,33.289818
240.098445,128.677557,31.952059,33.176266
240.648844,128.500206,31.985157,33.287498
242.752874,128.501726,31.566921,32.870426
243.418559,130.220522,31.363634,32.127506
243.492523,130.353371,31.076408,31.815033
244.491518,131.752542,31.057392,31.987333
243.482015,132.326510,31.665991,31.827662
243.473022,131.838032,31.716646,32.631081
243.379950,130.683365,32.106663,34.450104
247.267551,131.244503,28.674614,34.121864
243.218151,129.342319,30.803391,35.744804
245.016671,128.250355,29.415548,35.444160
242.776191,126.325500,30.813059,36.154289
244.300100,125.516031,30.697689,36.558338
244.842899,125.807409,31.134155,36.049175
245.329125,126.363903,31.024755,35.393631
246.734886,124.615671,31.029747,35.721516
248.075702,125.429312,30.941881,34.648037
248.411270,124.441753,30.964607,34.621078
249.869062,124.287088,30.725948,33.890842
251.464742,123.885069,30.508787,32.893017
252.299645,122.931952,30.708838,32.425449
252.817119,123.337674,31.324404,31.088903
253.391295,123.822798,31.011507,31.179928
253.253769,123.324635,31.971214,31.227753
253.100263,123.608586,31.496321,31.303190
252.474483,123.036632,32.377289,31.442537
252.404457,122.007431,32.046326,31.670761
252.871076,120.957724,31.858160,31.450161
251.685472,120.518968,31.699949,31.602621
249.656837,119.905577,31.684853,31.734089
248.827407,121.377708,31.638018,32.381943
249.404889,122.870775,31.608648,32.461498
248.125965,122.514580,31.792282,32.512146
247.996161,123.700287,31.365503,32.263763
247.858727,123.941588,31.633116,31.939226
247.088413,124.099438,31.901306,32.236275
246.109358,123.988413,32.041744,32.449429
246.622583,123.825840,31.690891,32.316261
247.446140,124.574093,31.456314,31.798882
247.353905,123.768826,31.409050,32.005630
247.432281,122.969860,31.385582,32.081253
247.570704,121.790636,31.652401,32.217724
248.350393,122.117781,32.117542,32.096851
247.178082,120.984434,32.390915,32.568905
247.380278,120.833250,32.572918,32.448925
247.053967,120.069229,33.135330,33.048134
247.174250,120.749884,33.200993,32.715160
246.848677,120.823668,33.374218,32.786755
247.403536,122.405954,32.738041,32.199284
246.857567,123.506912,32.303307,32.227287
246.038506,125.411537,32.218040,32.387764
245.853231,127.017037,31.496807,31.652807
244.893738,128.755489,31.694580,31.892975
243.792211,129.203302,31.773443,32.245090
244.390425,130.291463,31.874088,31.858076
245.391891,130.971666,32.368530,32.202473
245.032799,130.869967,32.249008,32.331913
246.514870,131.093988,32.777298,32.321552
247.365292,130.176460,32.539192,32.923759
247.608934,129.491259,32.071987,33.257236
247.569860,128.877790,32.170612,33.362133
245.853302,128.124422,32.420395,33.516087
246.020082,127.685816,31.956051,33.811756
244.667657,127.004440,31.690565,33.974388
243.267297,126.526218,31.894209,34.659912
243.038567,125.999102,32.197098,35.293171
242.479885,125.261942,32.143150,35.173801
242.496641,124.775553,32.530384,35.189457
242.302166,123.711359,31.984734,35.384785
242.275391,122.507578,31.852966,34.876102
242.949938,120.851013,31.694439,34.502663
243.036602,119.514517,32.134956,34.844204
243.075275,119.130268,32.585625,35.000427
243.862837,118.777393,32.529301,34.955978
243.101011,118.250957,32.622623,35.455688
243.630953,119.166346,33.004528,34.779179
243.705006,117.313955,33.390495,35.883587
243.895466,117.583710,33.594063,35.271461
244.212854,117.764059,33.913662,35.314373
245.600460,117.367300,32.948753,35.616100
245.622467,117.880375,33.191818,35.321884
243.739822,117.632067,34.163528,35.695957
244.518009,118.899839,33.939964,35.462688
244.877666,120.179214,33.565666,34.871986
244.189255,120.919180,32.569809,34.749249
243.589518,119.624357,32.718899,35.569286
243.826702,119.628695,32.992897,35.161518
243.558832,119.664894,32.534084,34.983528
243.797112,118.478853,32.949982,35.751637
243.744057,118.481138,32.693161,35.335552
242.963560,116.300682,32.431110,36.636482
243.130526,114.867363,32.548717,36.561012
243.015772,113.407227,33.020367,37.128380
243.076700,112.083664,32.514462,37.994316
242.740192,109.650274,32.841087,39.409695
243.235321,111.907114,32.532639,36.928547
242.801962,108.535477,32.248585,40.633568
241.384928,108.949249,33.861889,42.066933
240.407801,109.080353,34.142757,41.402779
240.519167,108.214657,34.714504,41.089569
241.269165,108.570648,34.919037,34.867744
245.081761,109.566700,31.714163,32.350327
243.968182,108.705940,34.570915,32.342331
244.904501,108.889812,33.494816,31.354731
248.532285,109.045615,30.867163,31.125032
246.057613,108.578920,34.377029,31.795383
249.098466,108.640264,30.935858,31.329054
246.162706,107.140636,34.264568,31.994087
242.981693,105.211967,36.733543,32.576035
250.508038,105.655608,28.279335,31.462069
244.990463,104.914490,33.714088,32.136475
244.751816,102.977781,32.795158,32.018696
245.722582,102.446814,33.060780,32.070194
249.047206,102.368466,31.788439,31.877401
244.327318,102.619110,38.527866,32.423737
245.386723,102.204021,38.003372,32.321022
246.564608,102.540569,37.653309,32.582191
248.661057,103.392685,35.686440,31.837219
247.311623,102.373924,37.256447,31.757050
247.786263,102.451759,37.304924,32.248016
247.080084,101.385086,38.679073,32.464310
247.871181,99.968651,38.547882,32.835281
247.980764,99.032608,38.000607,32.284821
248.899733,97.918369,37.641003,32.540169
248.706974,97.049986,37.208298,32.518894
250.742769,95.859581,35.687946,33.143311
253.055687,95.302349,33.114616,32.229012
248.765327,92.763412,37.954353,34.072556
250.073193,92.601603,36.110367,34.802288
250.391953,92.144941,36.067116,36.436527
250.397249,92.627148,36.193501,36.684761
250.471369,92.178520,35.989368,37.783112
252.036680,92.687962,34.588284,35.353508
251.511290,92.132488,34.582897,32.745781
259.203571,92.389253,26.220001,31.616606
259.827847,92.658447,25.633781,31.444359
260.449325,93.641821,24.156099,30.748837
260.516611,92.571621,23.593082,31.030907
250.451513,91.350508,34.507351,32.711338
251.425484,92.665097,34.030968,31.656958
251.400557,93.801308,34.634396,31.872360
251.888290,94.444353,34.291985,32.271267
253.729088,95.765309,32.908226,30.760138
250.773750,98.666925,37.438301,33.367641
251.533661,100.114424,37.466301,32.562473
253.919094,101.248959,35.250092,32.187843
251.177753,100.618204,38.336548,32.818783
251.177940,101.055044,38.532722,32.910984
250.756966,100.192701,38.260460,33.469944
251.583357,99.721176,36.300991,33.995239
252.185915,100.183044,34.979649,34.498154
252.572077,100.371645,34.373081,34.025631
252.673138,100.294901,35.115540,34.092419
252.613991,101.467762,35.995445,33.931068
252.409363,102.473789,36.747139,33.870110
252.256720,102.578613,37.192822,33.953568
252.388557,102.576412,37.005318,33.546638
252.299547,102.412518,36.371220,33.761223
250.859884,102.002562,36.443279,33.793064
250.416819,102.183037,35.950153,33.782867
251.322458,101.605654,35.865360,33.823513
251.775331,99.687658,35.335773,33.922901
251.448614,100.046677,35.236584,33.536652
252.195032,99.349932,34.789570,33.654034
253.100325,99.002979,34.273281,34.205421
253.048769,97.946941,33.907719,34.890099
252.937309,97.872248,35.051857,35.567867
253.658655,96.122826,34.733219,36.501556
252.306248,96.226639,35.686691,36.530731
253.076292,95.013916,35.564739,38.377914
253.073521,94.507328,35.748230,38.757683
254.171173,93.516895,35.333366,39.117485
253.888626,91.800608,35.707878,39.453701
253.743906,91.121748,35.837620,40.010883
252.904604,90.389322,36.333424,40.669918
253.840002,87.911942,35.992626,42.662994
254.633604,88.503759,35.967205,40.341740
254.378716,88.972185,36.118492,37.062847
255.705839,89.373049,35.170574,33.955685
256.176893,88.534700,34.097454,31.300655
256.195688,88.756135,34.255161,31.749571
257.187757,88.415550,34.542797,32.010651
263.016988,89.669954,29.310972,32.046673
258.386076,89.741750,34.550922,30.937323
254.058582,90.629030,39.109505,33.713329
255.640276,91.607100,37.331173,34.503529
255.834808,91.313278,38.195068,34.000366
254.925812,92.529404,39.454086,33.788147
254.425941,93.770235,39.693115,33.719540
253.793804,94.689285,40.099281,33.059662
255.468515,94.214281,38.826077,33.323147
254.694122,93.398165,39.653992,33.111828
255.975456,93.320250,39.409378,33.763950
256.579212,91.495382,38.729652,33.612797
256.985945,90.934311,38.920490,33.034470
257.603094,91.842237,36.482471,32.842396
257.914469,92.196623,33.697826,32.727085
257.833290,93.391411,34.461456,32.766785
254.265795,94.790119,36.246868,32.888603
254.878756,95.118601,35.683727,32.487164
252.363400,97.046007,35.818550,32.689632
250.723238,98.531000,35.337063,32.184811
248.826403,100.969538,35.570644,32.175991
248.242701,102.880878,35.777325,32.180382
248.144009,104.956989,34.971947,34.809776
246.259321,107.439011,35.442738,36.557220
246.219767,110.794540,34.889538,36.745728
244.668797,113.749994,35.247810,37.112545
242.941231,116.621113,35.698441,38.260124
241.558762,118.271425,35.872849,38.771130
240.057619,120.585543,35.784100,39.651577
239.826223,122.141251,35.518635,37.946579
237.863785,122.963705,36.132019,37.370106
238.585546,123.250940,35.765827,36.455990
238.682945,122.167850,35.424057,34.360435
240.039721,122.794081,35.268993,33.973469
241.639740,123.887018,33.812286,33.611599
241.666231,124.953335,32.764889,34.464867
240.104597,123.464254,33.883305,34.851414
240.415039,123.557205,33.766678,34.477478
240.557514,124.753931,33.356438,34.092861
240.691006,125.504799,33.459648,33.951904
241.033945,125.682999,33.404995,33.786682
241.430893,125.941883,32.945572,33.775429
240.794762,125.886139,32.948669,34.061523
239.995235,126.804420,33.239845,33.886017
239.354870,127.072395,33.728218,33.317978
238.783596,127.111912,33.549263,33.403542
238.822613,125.975529,33.584770,33.540688
240.360247,125.306269,33.879192,33.347332
240.725121,124.244740,34.003708,33.908562
239.859024,123.033314,34.621826,34.146553
239.232412,121.903280,35.402225,35.554295
238.705404,121.064049,35.676395,36.200790
237.827194,121.890062,35.410843,36.221111
237.827404,121.952242,35.513374,36.794247
239.129850,121.628258,35.470219,37.182632
239.403580,122.740032,34.654922,36.107170
238.975279,122.621275,34.903889,36.013065
239.625134,122.267075,35.331413,36.291412
239.466448,122.047581,35.646923,36.794640
238.694256,120.364313,36.965584,37.634289
239.195318,120.073450,36.842030,37.441067
238.762123,118.930445,40.085037,38.289349
238.851534,118.122683,37.132839,37.660549
238.945019,117.581915,39.199089,37.988331
238.656107,117.659462,37.964214,37.598358
237.753868,117.197851,37.490799,37.480900
238.844553,116.500509,36.936398,37.404072
237.612019,116.776058,38.683617,37.720573
238.421539,116.826046,35.741013,38.512306
237.502571,116.194921,38.526657,39.135639
237.399933,116.901009,36.520935,39.074554
237.401081,118.297800,37.225746,39.081264
237.401949,118.421940,38.394039,39.680702
238.487041,118.126331,38.571388,40.261101
237.377094,119.066072,40.188026,40.933315
237.627337,119.421131,38.470516,41.412849
237.232002,122.250315,41.780502,40.559505
237.422161,124.643429,39.745934,40.717384
238.371269,125.695049,36.657150,39.883934
238.304321,127.507769,35.884399,39.350323
237.233540,127.397385,37.009361,39.779617
236.577410,129.261534,36.015163,39.341084
237.032816,130.443712,36.667995,39.500103
236.524252,130.111052,37.535465,39.404530
236.913467,130.460472,36.465271,39.263885
236.721735,131.008373,35.918041,39.177391
236.983036,131.635460,35.572212,38.455551
237.113558,132.061529,35.038601,38.523228
237.448584,134.745295,36.794498,37.495586
237.901949,135.345011,37.824795,37.986568
237.377253,136.418371,38.045834,37.944263
239.093653,138.229988,37.300274,37.307373
237.763268,138.664299,36.045654,37.448181
239.123703,141.621452,35.140656,36.262787
239.139460,144.293234,34.791378,35.800541
238.065567,145.649893,35.359070,35.588688
238.779898,148.716890,34.441151,34.872768
238.091738,149.867659,34.368343,33.964588
238.941719,152.772413,33.194763,33.959278
238.777609,153.858454,33.861622,33.755108
237.728449,155.187992,33.144024,32.931572
237.877053,157.152983,31.671858,32.035679
236.939507,158.433575,31.655792,31.754402
237.742696,158.724236,31.939749,31.886320
236.957840,159.048506,32.874817,32.474186
237.475794,160.483841,33.821880,33.362244
237.843529,160.910824,34.108459,34.208855
238.746939,160.523684,34.846226,36.371746
238.010725,161.061460,36.245899,37.536488
238.914930,161.202913,36.421635,38.852673
238.528608,162.341352,34.217670,38.663425
239.713964,164.565287,30.929676,36.037029
240.562574,164.441160,29.854145,36.372776
242.006152,165.239025,29.506876,35.814140
242.430392,165.346678,29.726816,35.749790
242.788105,165.289469,29.718590,35.835918
244.027142,165.339926,29.438545,35.527958
244.816366,165.800127,29.333164,35.344784
245.966383,165.800444,30.138554,36.284977
245.937642,165.735659,30.937689,37.191998
247.199538,165.380455,31.704149,38.030457
246.726698,164.833630,32.266941,38.418404
247.962444,164.914307,32.197212,38.427170
248.004129,164.418459,31.815578,38.554440
249.632608,164.656895,31.494076,38.930809
249.566587,164.510174,31.999058,38.662254
250.345673,166.102484,32.080765,38.148441
251.365713,166.094551,31.588535,38.330521
251.512867,166.363768,31.545372,38.109028
251.338113,166.047691,31.747816,38.161453
252.516178,166.710184,31.088066,37.636562
252.248710,166.944298,31.237047,37.300827
254.003026,167.893829,30.703604,36.384232
254.463250,168.248440,30.593580,36.295921
255.358051,168.975662,30.206688,35.308182
256.177691,168.631966,30.485500,35.148895
256.999742,167.876513,30.494413,34.421078
257.595270,168.157982,31.084072,32.724930
256.156492,167.238510,33.778004,32.231827
255.443073,166.675413,35.612160,33.699970
254.968403,165.152718,36.711052,35.081741
254.524517,161.734941,38.917717,39.637341
256.087101,161.189251,34.875343,38.328178
256.886711,161.561779,32.141266,36.792046
258.112507,159.425968,32.099815,37.180382
258.801653,157.942127,32.319073,36.985023
262.269163,157.729189,32.847874,36.839687
263.069405,157.656849,32.846054,36.415123
264.433699,157.226379,32.844883,36.403931
265.356464,156.161160,33.239861,36.880867
267.668785,156.607758,33.128952,36.600311
267.998356,156.412317,33.953926,37.417141
268.947924,155.908100,34.171490,38.374031
268.732346,156.599543,34.337357,38.295437
269.781488,158.942879,34.253948,37.800247
270.136976,160.822609,33.999302,37.406113
269.927691,161.850220,34.255276,37.639877
270.689699,162.661203,33.944042,37.557781
271.619810,165.073008,33.708302,36.975826
271.729271,165.238956,33.427902,37.369041
272.354841,166.646446,33.111881,36.918274
272.593979,167.558638,32.447235,36.288822
273.365631,167.901031,32.071426,34.751602
274.642551,168.143940,32.076698,34.132591
274.875690,167.021006,31.789713,34.210155
273.782757,167.207262,33.475853,32.266628
270.275352,165.254837,38.805740,37.223083
270.310392,163.759647,38.742466,40.170784
271.099659,164.887064,35.593758,37.456692
271.472294,165.112762,33.692223,37.251114
270.997231,164.438370,32.963364,37.140823
271.867191,165.612768,32.177849,36.201420
271.857903,166.275623,32.316147,36.456245
271.259489,166.482878,32.278294,36.397419
271.751358,166.884802,32.050232,36.253773
271.577343,167.542282,32.302010,36.244553
271.701910,168.345581,33.315128,36.823593
271.279634,169.115889,33.385357,36.836216
271.754227,169.207287,33.210617,36.967552
270.686440,169.687244,33.349030,37.097130
270.246672,169.802721,33.359074,37.270306
270.370008,170.216566,33.547871,37.454380
269.895555,169.509640,33.345669,37.344048
268.643984,168.557188,33.456478,37.774494
269.373587,167.467810,33.028553,37.478413
270.524717,166.430187,33.258976,37.659477
270.902275,166.077360,33.257874,38.252689
270.986080,165.600464,33.130165,38.079010
271.171963,165.899490,33.198479,37.839783
271.876831,165.851788,32.876724,37.538033
272.455553,165.480936,33.064495,37.775936
273.074038,165.674873,32.693722,37.277908
274.761251,165.656425,31.421986,35.724579
274.720659,165.095417,31.028759,34.872078
275.286554,164.525827,31.238750,34.379574
275.146017,164.707197,31.306934,33.858402
274.156109,165.439011,35.409508,32.897293
272.486124,164.407532,38.307995,36.583298
270.568087,161.667801,39.134304,39.866928
273.019655,163.880102,36.107616,36.845219
272.900917,163.673679,35.731354,36.794289
272.689301,163.393412,35.426514,36.798519
273.176586,163.523516,34.632149,36.678814
273.552950,162.904144,34.035076,36.679504
273.373171,162.235798,34.235043,36.501152
274.870003,162.113485,33.384949,36.178532
274.394356,161.580742,33.930710,36.291214
275.182749,161.900749,33.683361,35.936035
275.650166,161.681246,33.803886,35.787716
275.523815,160.926348,34.545830,37.192989
276.363932,160.771900,34.755520,37.177681
277.722206,161.225552,34.102524,36.833061
277.923859,161.007126,34.597168,36.989777
278.145128,161.592783,34.436016,37.360531
278.129414,163.538134,35.105156,37.014874
278.321255,163.849283,34.218819,37.009762
278.341391,164.323048,34.319401,36.622765
278.105520,164.135094,34.267521,36.456696
278.933863,164.504770,33.882290,36.063442
278.445423,163.813028,33.394463,35.631481
278.543253,163.771065,33.271526,35.219452
277.517696,164.007172,33.497200,35.471252
278.477503,164.406775,33.209911,34.736851
278.303869,164.515600,32.666111,34.435078
278.989159,165.490101,32.507614,33.518501
278.513634,165.383211,32.703873,33.148342
277.619080,166.451574,33.866470,32.663776
275.907368,166.026978,35.762215,34.569885
275.672302,165.467064,37.562943,36.333221
275.532129,164.996424,37.826244,37.207485
274.267576,164.622236,38.623997,39.187366
273.505529,164.258421,39.022694,40.394733
273.228924,163.954245,38.106468,40.595509
274.276636,165.489737,36.775478,39.545231
274.920177,166.443596,33.455238,37.217789
274.497881,167.668318,31.980770,35.928974
275.211536,167.369205,32.193840,35.791786
275.918112,168.367020,32.052418,35.332886
276.445480,168.279690,32.123840,34.906212
275.657747,168.491905,32.789120,36.269150
275.981571,168.168058,33.193581,35.994846
275.755581,167.569792,33.012856,36.307163
274.947889,167.549397,32.946430,36.908394
275.299166,167.627647,33.166973,36.582397
274.575754,168.021240,32.893536,36.655380
274.229134,168.407673,32.606461,36.226540
274.161137,168.133238,32.541725,35.739613
274.098557,167.944380,32.272980,35.344929
274.391656,168.080177,31.685987,34.503738
273.659771,168.135984,31.136192,33.607059
273.151264,168.677477,32.583946,32.100765
270.696585,167.225780,37.342350,35.858192
269.020878,165.342903,39.354332,38.670898
269.420879,164.299543,38.945213,39.873600
269.326786,162.502733,38.401344,40.817348
270.826490,163.549017,34.727665,36.800251
270.252594,162.792927,34.422775,37.303978
271.509560,162.416519,32.834854,36.999161
271.585922,161.926418,33.051773,36.828529
272.463783,162.263725,33.239166,36.312637
272.243162,161.753590,32.779072,36.476723
273.219051,162.358574,33.009926,36.059525
273.438637,161.977457,33.233597,36.576351
273.764204,162.417463,33.156254,36.584782
273.866396,161.491774,33.602673,36.723988
273.851809,160.658815,33.553234,36.798275
275.234739,159.086651,33.339802,36.635536
275.872078,159.443470,33.544846,36.213631
275.381464,159.444927,33.455181,35.957344
275.239498,159.768394,33.541451,36.519501
275.433233,159.816833,33.906864,36.397095
275.650856,159.907185,33.811844,35.966438
275.995865,160.874813,33.661179,35.373192
277.828009,161.248573,33.177738,34.780960
278.779692,160.350018,32.727573,34.927650
279.044765,159.850296,32.251884,34.304962
279.498743,159.304115,32.432247,34.349792
279.508501,159.201206,32.486111,34.567451
280.190313,159.499092,32.569050,34.255646
280.809853,160.143328,32.688370,34.929623
281.249865,160.924707,32.868450,35.115887
282.582422,162.875328,32.837872,35.533890
282.516071,162.879704,33.249580,35.223732
282.762154,163.482096,33.006271,34.848782
283.976427,164.489544,32.830624,34.372322
284.028461,164.834700,32.993446,33.961597
284.427334,164.865751,32.794640,33.874989
285.210569,165.154528,32.744572,33.671169
284.868151,165.635094,32.774792,33.461914
283.788216,165.504843,33.081741,33.799305
284.702263,166.678244,32.630844,33.660847
283.534882,167.015284,33.551361,33.893856
284.874649,167.782934,32.696793,33.964329
284.739340,167.766558,32.869648,33.903759
283.958504,167.987900,33.179901,33.890274
283.899679,168.769091,33.275944,34.105801
283.217417,169.116266,34.513882,33.826275
282.809584,169.282709,35.829304,33.814220
282.619883,170.622938,36.572536,33.882694
283.815845,171.869097,36.766823,34.136105
282.980202,171.888254,36.763550,34.629818
282.724770,172.606586,36.481400,34.619652
283.670786,174.399527,36.554104,34.136356
283.872530,175.434052,36.154690,34.305405
284.528351,175.619480,36.617035,34.728645
285.139273,176.100185,36.810398,34.281120
285.352272,174.892467,36.698303,33.406929
286.062429,175.362217,36.818729,33.407082
286.334429,174.787182,36.534756,33.373299
286.391336,175.372833,36.731716,33.401077
287.374195,174.473537,36.413063,32.909508
286.222738,174.823307,37.261250,33.048866
287.384289,173.764509,36.496300,33.098682
286.449167,173.746696,36.999233,33.294876
287.923885,172.832802,36.455772,33.235016
286.763369,173.332945,36.716518,32.957890
286.653687,172.769665,36.553543,33.490166
286.880381,172.744265,36.308971,33.541988
287.860584,172.879143,36.085533,33.570969
287.510563,172.553419,36.806572,33.527973
288.358532,172.161036,37.085518,33.161175
290.280260,171.385286,36.033001,33.304638
289.174938,170.349190,36.803368,34.659119
290.021620,170.711449,36.203754,33.721954
289.333899,169.053082,36.947178,34.116890
289.896448,168.520275,36.582317,34.143532
288.945635,167.515671,37.121410,34.253845
288.552162,167.776949,36.623108,33.769421
288.858814,166.504206,36.528740,33.623913
288.139057,165.368143,36.485893,33.667110
288.669456,164.022324,36.273743,33.859268
288.873514,164.305794,36.234798,33.477066
288.320660,163.011316,36.571297,33.499203
288.904541,162.951830,36.272568,33.337673
288.419409,162.106659,36.670765,33.370987
288.532478,162.379938,36.405563,33.001019
288.855188,162.882689,36.601406,33.027683
288.653149,163.531546,36.655968,32.782734
289.611395,163.594004,36.412098,32.786037
289.138859,163.732082,36.563286,33.066582
289.534740,163.936937,36.187157,32.780529
289.849785,164.024706,35.704590,32.896755
290.914915,164.554838,34.764942,32.656620
292.496632,164.642048,33.651955,32.157478
293.217381,163.609476,34.211723,32.288708
295.295532,163.825544,32.095657,31.467609
295.229109,162.644465,32.524220,30.915003
293.395325,161.722439,33.813667,31.075066
294.650995,161.778265,32.730991,31.394123
294.916891,160.400045,32.749859,31.564075
295.153608,159.037061,33.598690,31.671377
295.912777,159.402620,34.200775,32.557186
295.002460,158.533543,34.583542,33.564171
294.245115,158.046364,34.600582,34.233856
292.692446,158.609144,35.372807,34.770756
291.500551,158.929279,36.691608,35.621284
291.001875,158.626696,37.320080,35.820568
290.514151,158.291002,37.571712,36.612988
289.582724,158.367355,37.936047,36.387924
290.038647,158.250053,37.991638,35.966324
289.128283,158.640512,39.414463,36.000881
287.639051,158.768742,41.252392,35.701637
286.765942,158.454901,41.718414,35.838245
286.955397,158.366667,41.567455,35.863377
287.361290,157.943512,41.057381,35.604309
287.582417,157.924433,41.045258,35.686367
288.686289,157.009663,39.394367,35.471321
289.789135,156.829737,38.812073,35.543468
291.057051,157.611086,36.499203,35.163601
291.197397,158.171988,36.436558,34.834293
292.438965,158.569429,34.043510,33.952969
293.981949,158.677212,32.760857,33.425072
293.693785,159.618895,32.384914,33.014149
294.615297,160.284702,32.427357,32.506844
293.012228,160.727488,33.499371,32.134090
293.607517,160.553947,32.463730,32.289032
294.016788,160.309803,32.578156,32.131721
294.772757,160.596159,32.170025,32.398853
292.765697,159.756165,33.773201,32.927948
293.402639,159.537210,32.812183,33.273632
294.381716,158.641253,32.815304,33.953304
294.057823,158.280890,33.209824,34.166859
294.574396,158.719259,33.330059,33.989216
294.457830,159.596804,33.059071,34.168316
295.289797,160.437319,33.118984,34.082302
294.908371,161.287018,32.962341,33.945908
295.537151,162.612133,32.809517,34.667671
295.404844,163.089739,32.918324,35.124477
294.574785,162.390326,34.476360,38.836689
293.985807,162.734209,35.209599,40.230206
294.492146,164.257088,33.958458,35.272446
298.749476,165.223545,28.248682,33.885262
296.989679,166.279873,29.409283,32.077354
302.020098,166.558652,24.963009,31.691694
302.008335,166.934236,24.765518,31.048094
299.600416,167.198819,27.222019,30.975859
294.870123,167.517097,32.146870,31.521723
293.090694,167.947250,35.027634,31.681572
293.959219,168.078466,34.189846,31.386333
294.678303,168.697811,34.393127,31.792389
294.332375,169.880281,35.361855,33.015690
293.821449,171.174850,35.726967,34.099617
291.776079,173.619328,38.000797,34.400269
292.731695,174.889437,37.367672,34.227039
291.464655,175.689465,39.204014,34.771683
292.161186,175.855801,37.910744,34.524124
299.941202,175.634863,29.047871,33.338848
303.060966,176.446321,26.037117,32.900181
297.911416,176.573528,31.490477,33.557922
294.973682,175.872791,34.608223,35.239624
293.568939,177.051451,36.165298,35.470272
294.334576,176.791782,33.490288,33.252823
289.976015,177.399424,36.540447,35.078205
289.718779,177.332851,36.386448,34.104645
290.035194,177.529350,36.469208,34.498451
289.939100,176.629934,37.092213,35.419933
289.602608,176.115059,36.882126,33.919228
300.616383,176.907255,26.117226,33.270901
299.116362,176.125174,28.691624,33.124851
304.054871,177.229389,24.958710,32.785172
304.790695,176.904276,23.956345,32.446049
304.060282,175.692686,23.852215,32.681774
304.473063,176.443645,23.892763,32.322731
305.428080,177.148277,23.700893,32.454346
305.808281,178.346911,23.622391,31.944178
305.877256,179.085034,23.725185,31.958700
306.185170,179.536491,23.243574,31.577744
306.162607,180.324372,23.317928,31.604345
301.081356,179.273668,28.684158,32.658428
293.115416,179.653639,37.200771,32.688145
295.342999,180.006086,34.841049,32.648808
295.801157,180.025105,35.028095,32.660378
294.043600,180.229786,36.978420,33.275673
293.264933,180.637409,37.155323,33.241859
293.233799,180.439907,37.338516,32.893211
292.570469,181.167381,38.327942,33.325958
293.856936,181.570076,36.902866,33.833817
294.545420,182.400234,35.717793,33.957985
293.136948,184.398111,36.567299,34.377285
296.065582,185.008169,33.552071,33.280537
293.458508,184.852001,35.503067,34.230797
293.163157,185.906414,35.713779,33.927406
293.151047,186.283417,35.206856,33.551193
291.706097,186.997690,35.876633,34.001308
292.125711,187.415325,33.107151,33.578117
291.728338,186.049416,32.820141,33.476791
290.677345,184.094986,33.117226,33.834457
294.052500,184.767769,31.229267,32.745071
291.157822,184.479511,32.594521,32.947952
293.402455,184.250607,31.311964,32.316833
291.739347,184.476677,32.754215,32.531166
292.142826,183.225031,32.755196,32.551289
301.755579,182.122303,24.073040,32.257401
289.582325,181.006067,35.832901,34.106785
291.395096,180.220289,34.411842,34.735882
289.531269,180.512098,35.958282,34.385830
