137.000000,141.000000,13.000000,30.000000
137.688028,141.112432,12.711164,30.508564
137.237379,140.769277,11.866367,30.135435
137.657795,140.756295,11.790260,30.365896
136.707592,141.056136,11.556396,30.358027
136.727157,140.441625,11.564012,30.592115
135.876547,140.635301,10.390712,30.289740
135.003674,141.330100,11.935791,30.575647
135.894651,140.985930,11.577808,30.598703
133.936106,141.454047,12.033466,29.910532
132.689085,141.293497,13.129405,30.334713
132.958349,141.135468,12.849888,30.554550
132.974191,140.989864,12.627439,30.701225
132.087830,140.696406,12.841270,30.113184
132.444771,140.641701,12.672646,30.892410
132.151649,140.585977,12.566820,30.536215
131.901299,140.663587,13.276060,31.061598
131.264521,140.624535,13.608944,30.436554
131.795387,140.577407,12.852761,30.463381
131.814898,140.418052,13.166765,30.555468
131.879824,141.058835,12.288608,30.048750
131.371501,140.241467,12.194155,30.094381
131.786580,140.496593,12.062148,30.048037
132.091838,140.738912,11.957047,29.798079
131.610438,140.570962,11.719965,29.767248
131.472965,140.967570,12.129158,29.636988
130.901794,140.617128,11.872887,30.153378
131.547940,140.466255,14.277227,30.391708
135.642591,140.442085,14.047108,30.288170
136.394873,140.910850,13.425670,30.526735
132.149469,140.492999,15.612652,30.729074
132.343544,141.171794,15.115524,30.139521
132.205194,141.417328,14.329115,30.984680
132.012538,141.252808,14.029458,30.699944
132.588447,140.403816,13.644442,30.712914
133.077324,140.573423,13.659423,30.206181
132.598295,140.346910,14.192783,30.584028
130.553248,140.264522,15.996523,30.994837
128.429111,140.046934,17.313187,31.252338
129.904643,140.370962,16.811182,30.632748
129.932165,140.598532,16.218952,31.096828
130.229408,140.728881,15.910752,31.116884
129.395400,140.847736,16.329279,31.222862
128.935303,140.974419,16.589546,30.160805
130.529806,141.173169,15.625591,29.884832
130.689421,140.298620,14.971584,30.187115
133.143894,141.285939,13.171875,29.843725
133.797007,140.551100,13.332287,30.396229
131.170469,140.830178,15.981198,30.248434
130.828366,140.170343,16.329702,30.881565
131.858917,139.929406,15.260072,30.783949
133.289814,140.160815,14.292268,30.520716
135.935821,140.952804,12.299806,30.132868
135.814970,140.248219,11.870999,30.215454
133.367139,140.586437,13.881322,30.253609
134.620882,140.047174,12.911999,30.505680
135.334930,140.745524,11.863426,30.103045
135.149277,140.275134,12.405769,30.091013
135.193818,140.770055,12.714392,30.019766
135.329705,140.464536,12.472426,30.265348
135.669016,140.004113,11.512356,30.024397
134.887804,139.817508,13.678525,30.102602
134.640289,140.520578,14.540292,30.377613
132.287245,140.846998,17.647480,30.468487
131.983914,139.968236,17.690771,30.747618
140.517902,141.062554,12.662271,30.828802
133.820950,141.180735,13.611213,30.972507
132.596863,140.575648,16.306725,30.770746
131.012654,140.310483,18.892164,30.710615
137.156001,141.065890,12.264154,30.030390
135.362432,140.338532,13.445622,29.769377
133.412229,139.913351,16.089827,31.003735
133.459717,140.612346,16.538902,30.968424
134.215651,139.091145,16.349499,31.297592
131.034046,140.613318,15.732369,30.512392
142.429599,140.131604,26.130289,30.687193
129.399076,140.739465,17.933468,30.156836
131.323711,139.732295,27.165756,31.253138
130.103361,139.431612,19.312634,31.731106
127.564634,140.436063,11.880239,31.186918
127.903805,140.456208,11.566650,30.407965
128.904435,140.312034,15.115965,30.717974
128.645712,140.959651,18.426327,30.717440
135.138535,141.153521,14.679161,29.447788
130.075571,140.011289,16.744007,31.416220
127.251895,140.374584,12.460711,30.761932
135.728055,141.004701,12.475095,30.116728
133.220085,141.290178,15.866700,30.149837
137.018021,141.165562,13.687828,30.049995
135.258435,141.024810,13.870367,30.463259
137.399101,140.263789,13.441621,30.660608
135.145131,140.664822,15.597938,29.963913
138.697227,140.354122,13.234132,30.729324
136.629973,140.411212,14.484148,30.581560
128.373300,140.156116,12.691717,31.348518
136.533518,140.867020,13.170918,29.595818
140.081473,140.682575,11.756549,30.189552
137.570294,140.548124,14.023124,30.463123
140.772439,141.044814,12.792448,30.286943
138.370845,140.839775,14.378870,30.185875
139.896621,140.539786,12.524369,31.038012
140.245223,140.315125,13.334750,31.062622
141.409485,140.478968,12.190948,30.778584
140.428639,140.659535,12.072386,30.466505
139.833406,141.330167,12.684171,30.053556
140.622665,140.604975,12.571266,30.299839
141.502651,141.552272,12.033104,29.622744
141.327412,142.137114,11.646873,29.044834
142.333244,140.603373,12.250489,29.923298
141.694850,140.815598,12.089693,29.977913
143.711547,141.010906,11.619440,29.970062
142.635072,141.055912,11.525953,30.159950
140.225814,140.169051,15.429811,29.868357
141.778049,140.897720,13.298417,29.734299
144.842452,140.464878,10.736750,29.838326
144.364237,141.100283,10.448031,29.738026
144.878497,140.965570,10.780437,29.994106
143.603000,140.834522,13.891946,29.694969
143.808731,140.927992,11.969269,29.953876
144.118477,140.735008,10.574936,29.989197
145.572542,140.265183,10.582021,30.065306
144.518329,140.843329,10.132357,30.502840
145.207178,140.708705,11.103154,29.816370
144.246196,140.982374,11.026391,30.013691
144.713140,141.578552,11.925634,29.538193
143.743662,141.279941,11.189364,29.890993
144.500859,140.993977,12.259597,29.828598
144.125021,141.829864,12.414760,29.462938
143.644011,141.422460,11.626544,29.725744
135.603797,140.117012,13.158158,30.817955
140.453342,140.930083,12.892037,30.397196
136.542536,140.409204,16.367016,31.157040
129.935288,142.446881,16.704275,28.744841
121.454624,141.318576,12.378235,29.258417
120.456422,142.304334,12.468587,28.748922
124.144333,140.911305,15.189621,29.157110
125.772729,141.199593,11.886412,29.945160
126.663299,141.537510,10.000000,29.576027
126.974294,141.138028,10.000000,29.531561
128.070160,141.006172,10.761622,30.399185
126.885604,141.502147,11.160007,29.194620
126.589098,141.497717,11.945334,29.426762
123.180635,141.184572,12.330062,29.766399
121.263829,140.633417,14.346033,30.611912
123.588300,140.867472,16.327522,30.668507
133.736859,142.420490,12.997309,28.529243
130.338309,141.585159,11.741956,29.129639
135.547549,141.024836,12.829306,29.919216
135.285082,141.623949,13.536902,29.831326
132.788034,140.616626,14.524314,30.733049
133.158118,141.439063,13.945371,30.100657
133.861942,141.040091,13.365017,30.306263
132.767879,140.125813,14.150701,30.296110
133.122338,140.332219,14.051889,29.866545
133.070541,140.813879,13.416248,30.328945
132.105576,140.894994,15.150226,30.569929
132.717482,140.024200,14.630942,30.448692
132.471838,139.988563,15.202795,30.384882
132.652911,140.394587,15.647085,30.355007
133.630214,139.751822,15.060925,30.375788
133.947291,140.438317,16.065893,30.136259
134.509575,139.961512,16.328333,31.022686
134.472358,140.370579,15.349660,30.610413
134.964466,140.749876,15.183909,30.366726
134.098528,140.945987,15.294723,29.935457
134.401366,141.363298,13.288015,29.637180
134.811503,141.409098,13.633672,29.924145
134.413418,141.401606,12.166400,29.359768
136.405334,142.257417,14.003277,29.018682
134.381720,141.662100,13.127600,29.518063
134.891184,141.668223,12.393888,29.209932
133.703335,141.712009,12.624370,29.192307
134.111094,141.485394,12.269644,29.298111
136.471727,142.111687,11.234711,28.777321
135.294420,141.290871,12.082199,28.767593
137.428008,141.911322,11.031377,28.379948
138.297932,141.413451,12.273119,28.473642
128.348798,141.621465,13.506908,29.002409
128.248029,141.635357,12.598003,29.136681
128.827412,140.940361,12.132055,29.269112
129.720249,140.613352,15.113196,30.064381
139.853889,140.950663,12.728148,29.318378
141.290898,141.340891,11.438664,28.771297
139.096515,141.672994,13.164536,28.712729
140.869372,140.976512,14.536332,29.628595
137.299489,141.142789,21.765051,29.402105
138.316475,140.511200,16.971647,29.496986
158.614442,142.116313,11.897557,29.017786
158.659939,141.568964,12.047378,29.774921
158.871020,141.641618,12.135950,29.644636
160.952779,141.931912,10.850384,29.411963
159.196240,140.822118,16.626051,29.260374
156.853932,140.870985,18.906294,29.183720
160.351517,141.322905,14.033567,28.449055
161.307759,141.216918,13.430098,28.449099
159.831067,141.827452,15.058828,28.251202
163.166552,142.352341,13.089496,28.460411
158.387339,141.778470,18.728960,27.733023
163.475171,141.945416,13.926275,27.822134
158.248858,142.473104,18.276125,28.069149
151.039771,140.389890,16.439867,29.130018
153.903681,140.824700,12.288188,30.080809
153.526522,141.095153,11.914256,29.847429
153.554665,140.174931,13.005942,31.055092
153.129590,140.554111,12.008382,30.647858
140.501252,141.924649,10.493116,29.005346
141.163985,141.986957,12.194384,28.853952
142.252236,141.451821,13.884549,29.866400
153.399515,141.028453,12.518566,30.273249
141.485985,141.101445,12.503687,30.154776
141.128646,141.315153,11.656574,29.679867
141.322865,141.093631,11.967790,29.288118
141.947273,140.962312,13.116222,29.341681
141.661043,141.414728,11.651816,29.102589
156.838914,141.580857,10.643937,29.132071
155.259778,140.649748,11.237238,29.558681
158.202772,141.553298,10.071823,28.530703
154.588629,140.863885,13.374358,29.476873
155.289407,140.746756,13.673889,29.371784
154.779466,140.092371,14.337159,30.312992
155.954509,141.286953,14.249921,29.580795
153.842192,140.335896,16.157087,29.708128
152.313620,141.512441,15.589034,29.580412
157.372818,141.444103,15.715326,29.237328
155.944677,140.733478,18.373222,29.717340
159.459939,142.270362,15.626360,27.342661
158.828189,142.324490,17.004307,28.855309
159.917606,142.865237,16.322453,27.661440
159.099250,142.303430,16.317249,28.881887
161.765491,142.063430,14.966641,28.871698
163.186110,142.500720,14.468862,28.909853
164.232061,141.729400,13.407096,28.931925
167.089110,141.305910,12.281820,29.142605
169.607615,142.348584,10.545417,28.348593
170.079022,143.018523,10.510865,27.067873
171.329000,142.227850,10.754097,27.797108
170.286802,142.804580,13.534622,27.579134
171.398129,142.389212,15.211641,27.569935
171.276219,143.432388,17.167627,26.601143
172.320051,142.686349,17.397469,27.091017
172.961986,142.699802,17.208591,27.546631
176.148743,143.883128,14.218554,27.372309
178.586919,143.598803,12.229164,27.679554
177.394050,143.203975,13.789829,28.591135
180.173439,143.087751,14.117747,28.613476
180.477665,141.566465,13.737361,29.448261
181.077540,140.562629,16.729986,29.705263
187.914295,140.997438,10.184483,29.206242
187.831362,141.584720,10.000000,27.984690
190.063917,142.527474,10.000000,27.619902
189.969348,142.024178,10.613689,28.740822
191.596349,143.933702,10.945282,27.033253
191.222721,142.541701,11.003307,28.197100
192.720230,141.890094,11.404255,28.855181
192.502510,134.327450,14.697376,36.087578
194.465357,138.290242,12.514464,31.131170
194.851354,138.170786,12.864030,28.909428
195.532370,136.246668,12.423994,27.191273
194.228842,131.902051,13.976301,29.070997
194.855833,134.004516,13.417671,27.179193
190.312809,132.489915,23.643595,28.613386
176.031393,130.970161,49.521629,35.316620
154.743561,140.117667,14.657579,30.460741
152.634313,140.465413,11.356652,30.231771
153.790246,140.947425,15.243166,29.160303
164.341521,143.318368,11.372679,26.975981
151.826066,139.599222,12.528538,31.516674
166.208516,144.040373,11.135458,26.743107
167.162158,143.749584,12.180749,26.725380
167.966075,142.200410,12.470352,27.450987
169.520852,142.560859,11.836385,27.232546
173.140867,142.069921,10.543674,28.120283
174.327890,142.510238,10.000000,27.187067
175.948913,142.053182,10.907972,28.389975
176.707847,142.113211,11.080037,27.769947
176.902983,142.352029,12.769287,27.959806
178.942088,142.370860,12.872000,28.720194
179.411365,141.976216,12.261373,28.884199
181.393032,142.427314,10.896192,28.236353
184.647054,142.653292,10.000000,27.697254
185.547252,142.673241,10.000000,27.278641
186.263097,142.735082,11.933942,27.188498
186.621970,142.441241,13.836405,28.247187
187.215001,141.155519,14.897169,29.097973
188.860934,141.303475,13.816881,29.582853
191.485367,142.617454,11.256514,27.939875
195.486619,143.307975,10.277006,27.570673
195.646870,142.103645,10.000000,28.244980
197.404280,140.758805,10.861019,29.184050
198.543441,140.246333,12.355478,25.515009
199.465725,136.612848,12.522461,27.836384
201.762589,143.887291,11.516662,18.645927
202.077053,140.815350,11.925637,23.975025
202.414168,142.510074,12.574739,25.449713
203.954183,145.380659,11.513113,24.386902
203.760660,143.566996,12.420017,26.728409
206.644414,145.380527,11.285329,25.992825
207.288922,144.800505,12.915388,25.994759
208.211565,144.425684,13.401684,26.277786
209.102865,143.697042,14.647511,26.825388
210.107610,144.833184,14.963231,25.747118
209.596837,144.492609,15.941718,26.375664
207.603412,144.068398,18.730654,26.039759
202.492584,140.696301,30.920242,27.755983
206.537730,140.097698,31.265368,29.974407
208.359252,142.213957,31.549425,28.336792
209.789192,142.144317,38.124954,29.586782
244.360744,141.095683,14.571800,29.942091
244.365312,140.414402,13.842130,29.727978
244.461778,140.710745,12.800649,29.846817
244.678301,140.609454,11.632839,29.831556
242.608619,140.700707,11.859017,29.340921
241.601284,140.629093,11.286950,29.084652
240.748988,141.197596,12.333612,28.644836
240.172483,139.935867,11.708501,29.926273
238.506959,140.536311,13.178976,29.912916
239.482698,142.078163,13.014470,28.737469
234.045704,140.924179,17.827171,29.894100
233.192368,141.062830,19.232567,29.361679
231.560792,139.895353,21.417898,30.080307
233.268941,141.403561,23.897245,29.126942
232.514036,139.189598,35.813305,32.317158
233.113110,140.212299,20.275375,30.991467
232.567080,140.783751,17.505587,30.656050
232.649705,140.954623,16.252020,29.042700
232.569708,141.332331,16.431866,29.806305
231.600573,140.025261,12.031025,29.468487
230.405023,140.379663,11.292722,28.985933
229.535591,140.922260,15.365502,29.302654
227.220808,139.616261,19.448734,30.647615
226.910034,140.906838,13.757896,28.979799
224.909233,141.891850,16.535286,28.876934
224.926255,141.530096,14.843908,28.771164
223.694749,141.445569,15.533444,29.361017
223.868542,141.422977,15.518447,29.079319
223.182062,141.863569,14.797482,29.494461
222.175575,140.826461,13.681451,29.797773
222.411944,141.351312,11.939348,29.801729
222.345046,141.466854,11.260020,29.685345
220.353958,141.801229,10.763687,29.119745
219.643458,140.562867,10.932513,30.361628
217.859103,140.778602,11.587619,30.422644
216.299635,141.458827,13.103863,29.460196
215.149283,141.706903,14.843890,28.823601
212.519930,141.101325,16.883732,29.514479
210.996296,141.658448,18.382675,28.911890
210.397061,142.193877,18.228987,27.886961
210.454951,142.536069,17.808596,27.955019
210.407826,142.348615,15.615294,28.223383
209.412954,143.092515,13.408124,28.690645
208.302350,143.363568,11.590414,28.029718
205.950350,142.083973,11.216129,28.655582
206.705377,143.579510,10.000000,25.965130
205.432858,141.030496,10.814993,25.313570
204.950870,142.281667,11.051895,21.073870
204.230855,142.422956,11.217648,18.968889
203.535186,143.026484,11.436458,19.562761
201.247808,137.247382,13.186424,27.104990
202.061344,143.281494,11.416942,23.815971
199.683499,137.169594,12.311447,32.092655
201.293740,140.965645,10.860077,30.279049
199.170762,142.264558,12.782448,28.058153
196.550672,145.222035,14.153693,26.195086
194.330969,145.413011,16.542013,26.024813
193.428246,144.637634,17.938484,26.084431
192.207541,144.006170,18.431715,27.415070
191.353550,141.972287,19.609079,28.784113
190.688062,142.871361,19.337181,29.028172
189.936420,143.492388,17.787333,28.281174
188.498215,143.058261,16.602549,28.315916
185.768622,142.291626,17.950291,28.765987
185.578312,143.286419,13.675988,28.755779
183.771124,141.275196,14.940145,29.708622
182.986444,141.652314,13.443151,28.792391
181.818017,141.204007,14.402580,28.986681
178.899225,140.362021,14.996688,30.182158
176.791309,141.551222,16.498545,29.729263
173.937837,141.189979,16.242912,30.570135
172.786469,141.933558,15.828806,30.781502
172.243108,141.657079,12.544799,30.240519
170.827203,142.336838,11.162208,29.424435
168.275229,141.874574,10.931944,29.758997
166.763410,142.915878,11.446671,29.245960
165.227043,141.183605,13.605250,30.543179
163.300708,141.522593,13.642117,30.821760
160.036540,141.029568,15.692410,31.435040
159.152759,140.986234,15.927059,30.170961
154.436668,140.125842,17.740343,29.735678
157.425149,141.449079,14.096854,26.781534
153.667152,140.164311,15.048792,29.933992
153.371687,139.561733,12.186872,28.127239
153.566073,140.350293,11.622449,29.714678
153.277389,139.969039,10.910992,30.278929
153.309876,139.406255,10.979996,29.872591
149.669075,140.475224,12.973101,30.963709
146.973539,140.268517,15.423964,31.691973
146.468801,140.178487,15.425514,31.685228
145.455916,139.820307,15.497205,32.098198
145.664362,141.224429,14.180432,31.032286
145.297606,141.414135,12.649282,31.018742
144.982214,142.067411,10.963155,30.036240
144.160316,141.314445,10.485804,30.310818
144.216009,142.145076,10.410445,30.193022
142.984825,141.224004,10.794039,30.269457
143.034967,141.087281,10.665885,30.277040
142.894391,141.296136,10.915817,30.353006
142.099163,140.862664,11.379085,30.355722
141.394608,140.720491,12.376497,30.374527
140.620749,141.261992,12.082303,30.202963
141.302844,141.202421,12.494054,31.063522
140.635889,141.475733,12.114875,30.885124
140.163398,141.020884,11.736950,31.007568
139.537278,141.129615,12.174286,30.637541
139.838447,141.436366,12.842433,30.442984
140.130038,140.432579,12.487973,31.093067
139.547415,141.106679,11.574697,30.499369
140.805748,141.433270,11.665370,30.559961
139.546383,140.749695,10.844743,30.617138
141.015254,140.394256,11.234487,30.503973
139.775663,141.014153,11.178259,30.380192
140.357880,141.168703,10.996400,30.494804
139.348553,141.667127,10.291811,30.116716
139.824854,141.151308,10.924558,30.239899
138.670645,140.645229,12.130262,30.324612
140.098804,141.122616,10.478969,30.125492
140.113267,140.875664,10.472709,30.836292
139.526304,140.683343,12.256155,31.810884
140.039007,140.911586,13.342581,31.295980
140.081890,140.309155,12.869951,31.759060
141.338382,140.313869,11.746867,31.345121
140.509208,141.057413,11.749156,31.300972
140.926619,141.230407,12.529715,31.012251
140.226717,141.385999,12.772908,30.937441
139.469325,141.407038,12.914838,30.549492
139.682483,140.790523,13.131801,30.548780
138.445719,140.796876,13.686300,30.813173
137.596328,141.346878,14.233012,30.511349
137.104990,141.706832,19.039106,29.655027
139.286421,140.556913,19.984861,30.930840
159.824225,141.884414,10.881023,29.470480
156.788717,141.248549,12.169233,30.038033
153.988544,141.144263,13.796511,30.849249
154.014532,141.284804,13.479987,30.974775
150.987547,141.002304,14.189252,30.635052
147.690411,141.970290,15.490358,29.480612
135.323079,140.522948,13.797108,30.582243
135.160744,141.564399,11.798749,30.258352
133.838318,141.022612,15.176335,30.377007
135.388132,141.200941,15.348193,31.329147
145.190099,141.144554,12.813763,30.066517
134.749580,141.296830,12.344043,29.963488
134.598292,141.899620,11.613247,29.490246
134.064811,141.627643,12.641026,30.168211
134.227745,142.119371,13.624674,29.482193
138.127845,141.892340,14.265246,30.707504
137.757752,141.479171,14.764633,31.067083
137.644310,141.209151,14.195329,30.601820
136.512535,141.024204,14.476558,30.534496
137.387351,141.085704,14.342008,31.003988
135.823178,141.368430,14.161369,31.046263
137.007452,141.090587,12.900031,31.064367
135.664235,141.255002,13.645142,31.203882
135.458300,141.597487,14.390440,30.912390
135.688426,140.698801,14.202794,31.367645
135.680122,141.329826,12.548015,30.911777
135.921437,141.624361,13.236641,30.819405
134.851736,140.978170,12.143698,30.701248
134.998976,141.891081,12.186842,30.172417
134.346584,141.915211,12.408221,30.442867
133.145919,141.889939,12.406742,30.310472
133.659857,141.781924,13.167531,30.199347
132.193789,141.536638,13.027357,30.545883
131.921474,141.181883,13.271023,30.825371
132.451329,141.222737,13.868218,30.877825
131.180122,141.055272,13.580042,30.951181
132.983613,141.229282,12.107377,30.220242
131.392976,141.198953,13.487396,30.125299
131.658538,140.490734,12.369906,30.868923
131.760066,141.551896,12.661389,30.449587
130.842227,141.497211,11.811939,30.347471
130.431342,140.991236,12.449749,30.220375
130.592735,141.498394,11.967814,29.588413
130.720125,141.755938,12.036436,29.979218
130.651764,141.311519,12.306558,29.956282
131.290747,141.402315,11.813353,30.424255
130.935457,141.319880,11.877401,30.106794
130.309639,141.890401,11.505580,30.229753
129.655923,141.242191,11.614440,30.207378
130.353753,141.549218,11.310716,30.436434
129.201964,141.769828,12.181293,30.210455
129.945019,141.977030,12.311563,30.369278
130.094973,141.583353,11.677236,30.279259
129.852294,141.124079,13.212948,30.404739
135.252291,141.648111,15.351393,30.456131
132.823487,141.978952,17.564026,30.794724
133.779293,142.213299,14.439783,30.617970
132.256386,141.557006,16.383005,30.773840
131.462187,141.662067,17.011175,30.295216
131.513537,142.465927,15.626225,29.852215
130.000826,141.562230,16.605780,30.307169
130.820308,141.105247,16.087124,30.572989
131.643405,141.551792,12.348941,30.286991
130.637599,140.754607,14.407634,30.422735
130.557209,141.247896,11.301584,30.801010
130.879526,141.111664,10.478805,30.418522
129.255034,141.112694,12.291387,30.956989
127.600016,141.273878,13.535124,30.667542
127.750096,140.588014,15.427040,31.171656
127.680422,141.270437,13.947195,31.021339
126.174031,141.280005,12.851540,30.635185
126.962626,141.187275,11.965458,30.648289
125.117609,141.049581,25.361052,29.376200
144.398815,141.086763,11.494944,29.262314
133.135610,140.663877,14.086536,30.574715
141.958250,140.905989,15.741542,30.693420
141.250493,141.490149,13.369541,29.873405
135.568708,141.432258,16.709879,30.344526
134.911443,141.479935,21.348217,30.044041
125.472429,140.722972,12.322077,30.421064
125.334817,141.082612,15.298519,30.975527
124.445634,140.257004,15.512768,31.372265
127.079506,141.535425,14.496542,30.767517
124.125600,140.931273,19.824749,31.473007
143.207814,141.255795,11.607815,28.970018
128.446801,141.073611,16.502880,30.503408
126.774028,141.648060,12.602058,30.873585
125.514691,140.698850,13.105504,30.929148
124.532738,141.363838,13.175427,30.446980
124.580930,141.880155,13.344745,30.412096
125.239785,141.163204,12.670941,30.758656
125.630328,142.124787,12.626718,29.974726
125.747584,142.595894,12.610314,29.445553
126.656359,142.293051,12.354212,29.716232
123.357399,140.825365,15.600455,31.454559
137.044500,141.262819,11.451349,30.366142
138.145813,141.545436,12.083127,29.876089
136.772028,141.949097,12.872507,30.102772
135.392053,141.163017,13.717991,30.458347
139.091743,142.199170,12.246719,29.752619
137.496944,141.445742,12.725729,29.919037
140.374031,141.646484,12.406051,29.723629
138.678353,141.317796,13.460660,30.011637
139.012793,140.845301,13.637399,30.548904
140.225568,141.400966,12.185703,30.086042
140.081388,141.382663,12.337917,29.843275
140.920789,141.309991,12.176845,29.846033
140.586149,140.923576,12.662043,30.047886
141.641557,141.693107,12.766270,29.726431
142.821128,140.915559,12.866844,30.251848
141.959666,141.239350,11.778557,30.278421
140.891395,141.866918,13.345886,29.638941
142.576401,140.850670,11.702139,30.506641
149.329220,141.533587,15.474362,30.090979
138.460143,141.047687,15.285988,30.741858
136.476195,141.223817,16.132988,30.471750
141.796891,140.716087,18.502338,31.348423
139.766878,140.975577,12.901392,30.189169
136.163093,140.283157,16.588249,31.454281
134.676167,141.355128,14.573484,30.511648
133.058420,141.154069,13.567889,30.842920
131.991556,140.496973,12.870173,30.895500
133.095010,140.833634,12.750591,30.725534
132.081479,141.562952,13.673618,29.933128
130.648403,141.000995,14.658080,30.782156
130.860340,140.450858,15.118087,31.242506
129.078496,141.170813,14.721240,30.008308
134.013050,140.872463,11.630950,30.352055
133.618662,141.501019,12.068460,29.496494
132.734940,141.952448,12.550496,29.697502
135.742943,140.549201,10.134855,30.197905
124.821967,142.754692,11.574768,28.897411
136.222257,141.288874,10.128643,29.900696
153.379101,141.142856,12.584249,30.249891
153.012835,140.439313,13.232729,30.460039
153.807025,140.670450,13.616103,30.673050
137.240277,140.800263,11.638386,30.259165
154.576571,141.519085,12.196236,30.094608
153.508271,141.457751,13.612538,30.031797
152.190711,141.139524,14.705094,30.676462
148.693668,141.269292,19.605818,30.232637
155.638074,142.176207,13.032863,29.187798
157.938531,142.037931,11.766955,30.012436
159.116562,141.775938,11.002858,30.235237
158.526228,143.497239,11.768800,28.306711
158.591849,141.582565,15.226335,29.452129
161.310843,141.706492,12.778795,29.518911
161.338971,141.378700,14.484272,30.160107
160.721203,141.510015,17.381140,29.987701
161.522283,140.019368,18.073299,30.735758
162.005603,141.624576,18.411301,29.164251
163.326263,141.642467,17.294790,28.839842
163.970316,141.905125,17.048754,29.546757
165.769813,140.784678,15.789116,30.000029
167.120612,141.042748,14.380044,29.726709
159.789757,141.519972,25.015471,28.118263
170.445237,141.377407,11.654027,29.653706
172.019119,140.665326,10.539045,30.426668
174.231329,140.469857,11.365282,30.056444
174.453580,141.067650,11.015224,30.040684
175.813403,140.958460,11.025498,29.772316
175.738836,141.937364,13.159883,29.253672
175.869612,141.416919,14.829981,30.039961
175.386820,141.585797,16.448641,29.809855
176.363795,142.112983,17.450714,29.246702
176.621516,141.831155,18.026756,29.229250
176.939952,141.825037,18.887619,29.487282
171.928792,140.150204,27.026966,30.245556
142.010535,140.802667,12.380403,29.694201
141.570610,141.417388,12.494734,30.089262
139.516653,142.049856,15.297579,29.592979
125.626328,142.056926,12.087217,28.318914
125.393553,141.798185,15.187265,29.153053
126.469753,141.535149,13.385122,29.052952
125.099332,141.498228,15.358066,29.283661
