363.000000,128.000000,14.000000,29.000000
362.322801,127.603632,13.096616,28.678799
361.012040,128.072504,12.587386,28.405910
359.902238,128.688027,11.905287,28.502729
357.621388,127.387982,12.479460,28.907873
356.144796,127.491485,12.813039,28.504900
354.479846,127.253689,12.911814,27.903481
352.945407,127.599275,13.107163,27.885511
351.920011,127.989223,14.314908,27.501297
351.049193,124.889741,14.393573,31.171553
350.041717,126.872868,12.462037,29.925369
349.342607,127.078189,11.457989,29.434114
347.979908,127.575056,11.293534,28.796047
346.395730,127.441792,12.340978,28.592911
343.679859,125.793881,12.626694,29.111433
342.951441,125.672779,13.723721,29.343872
341.712022,125.339083,14.406317,29.164608
340.411777,125.314412,14.710222,28.967138
340.119242,125.791628,13.481990,28.864590
339.326104,125.906124,12.229658,28.871597
338.185883,126.480667,11.855873,29.067383
336.472325,125.052091,11.761237,29.680891
335.129702,125.983252,12.339534,29.378048
334.364688,125.957500,12.597406,28.537706
333.505646,125.525120,13.592040,28.369949
332.912207,125.012048,14.345370,28.961149
332.716779,125.142027,14.370955,29.042782
332.248101,124.625596,13.976920,29.108213
331.828559,125.052838,12.776857,28.754911
332.203735,125.616579,10.982301,28.628635
332.072639,125.729504,10.973306,28.554733
331.529307,124.241878,12.039278,28.262934
330.800643,124.047936,12.884332,29.252127
331.053948,123.138242,14.801566,28.683332
330.993265,122.954588,14.540646,28.139019
331.269902,123.350132,13.810987,26.413170
330.937524,124.312200,12.849591,25.719442
330.992974,124.554628,11.751913,24.956249
330.697534,124.585740,11.084661,24.096746
328.698950,124.595276,12.092911,25.534309
327.053583,124.260198,12.822411,25.738050
325.991862,123.530670,13.557959,26.349297
325.848935,124.374373,14.918345,25.150576
326.561427,124.078380,14.061805,26.861719
326.427001,124.106044,12.641706,27.755106
327.137127,125.137604,13.077496,27.610443
326.634368,124.958047,12.483602,27.813353
325.950632,125.123678,11.847047,27.005726
324.854777,123.640329,11.399420,26.893581
324.069623,122.622392,12.819919,28.308325
323.732399,122.933940,13.313342,28.200029
323.276807,122.218391,14.703691,28.510704
323.677972,122.430208,14.678232,29.114010
325.209539,122.917645,13.380005,27.969307
327.105502,122.519356,11.961004,26.990479
328.160474,121.563610,11.228601,28.012657
329.214808,122.542630,11.883759,26.911963
330.355191,123.085050,12.384165,28.499662
330.835433,123.531449,13.054900,28.445684
333.227881,122.379121,14.085722,29.212179
334.955523,122.516668,15.063513,29.418530
337.760756,122.332185,14.852438,29.314566
340.507413,123.765413,13.642939,28.094074
343.039010,124.836396,12.522470,28.229193
345.708353,125.039689,10.888093,27.327688
345.410053,125.362106,11.677250,28.207451
344.890032,125.127581,12.802086,28.396839
343.858737,125.040999,13.465329,28.216074
341.743454,125.941436,14.190113,28.743937
339.879198,126.076250,14.656624,29.212605
337.672766,126.957307,13.574524,29.700483
336.246259,128.230943,12.186761,29.217260
334.450837,128.435186,11.706957,28.638882
332.255799,128.289797,11.915827,29.028362
329.266181,128.357497,13.068677,29.196688
327.624981,128.353502,13.678715,29.201153
326.124370,127.865616,13.942770,28.617393
323.904672,128.373541,14.658373,28.489330
322.442166,128.145250,14.823077,28.676373
320.907897,128.798229,14.731390,28.911560
318.902274,129.224320,12.652129,28.302420
318.033879,130.161411,10.936358,28.298798
315.895275,129.226053,11.495297,29.010685
313.562289,128.588509,12.205465,28.265671
311.892071,128.864552,13.168826,28.639610
310.391885,128.747514,14.079598,28.739401
307.700793,128.060730,14.910705,28.515846
306.175974,128.780242,13.800132,28.685953
305.061188,129.698486,13.159457,28.328201
303.404369,129.672293,11.979855,28.525723
302.128964,130.154240,11.264078,28.119415
299.267986,130.375052,11.882855,28.219484
297.611104,130.324004,13.143113,28.684961
296.038924,128.946481,13.833685,28.361959
294.191704,129.677956,14.520847,28.540306
292.649142,129.663898,15.065550,28.404024
291.026412,130.342366,14.878171,28.516737
289.795092,130.693311,13.295860,28.171431
289.282141,130.976476,10.997436,28.012922
287.129751,131.753341,11.104324,28.366693
285.041213,130.830211,12.444915,28.724245
283.367086,129.615035,12.706124,28.287615
280.626297,129.536635,13.866345,29.109621
279.278902,129.108158,14.530854,28.735199
277.469451,130.458736,13.362454,28.709053
276.180132,130.675320,13.367644,28.440201
275.313852,130.927479,11.458710,28.010338
273.456282,131.205124,10.957581,27.755684
271.164828,131.399833,11.362548,27.987726
268.603489,131.803649,12.849140,27.866518
267.132150,130.150966,13.753427,28.503588
265.463934,130.715954,14.114388,28.096542
262.918493,130.489883,15.510338,28.644279
262.334087,130.976413,15.190693,28.528109
260.917529,131.474960,14.099036,28.172134
259.948059,131.546867,12.365994,27.317200
258.888653,132.214655,10.765690,27.479778
256.359478,132.019437,11.289584,27.562880
254.357655,131.426952,12.221447,27.593307
253.255140,131.123915,13.636483,27.602650
250.933590,130.524445,14.219783,28.057465
248.971207,129.874239,14.643330,28.187466
248.004109,130.835005,13.578859,28.150181
246.776790,131.860269,12.666791,28.392179
245.150494,132.175934,11.511318,27.956245
242.746624,132.478530,11.064700,28.073755
239.749959,132.432562,12.013216,28.168270
237.505177,131.931606,13.652713,28.300011
236.039288,131.892564,14.373699,27.959539
234.069912,132.723015,14.877407,27.969994
231.673708,132.001963,15.755508,28.011051
230.971960,132.409292,15.109253,28.550434
229.248901,133.003258,13.146558,27.827957
228.803439,134.377362,11.081488,26.928755
226.426656,133.760614,11.278733,27.963253
224.215821,132.979950,12.172687,28.307007
221.919507,132.637006,12.841097,27.761312
220.603761,132.096201,13.324442,28.509930
218.457017,133.032275,14.179903,28.688540
216.711037,132.438114,13.893474,29.505875
216.054857,133.284061,13.608574,28.422409
215.973598,134.206751,12.752904,27.648212
216.150874,134.256506,11.560598,27.695301
216.037077,133.280164,12.542206,28.536116
218.959578,131.293226,13.980781,28.939106
222.857110,132.216653,14.017977,28.748121
225.624206,131.346264,14.531286,28.899078
228.122688,131.491967,14.413288,28.421278
230.752672,132.128666,16.229378,29.256401
231.798024,131.359054,18.931139,31.027613
239.332355,130.774467,17.740360,32.278770
248.151507,130.531673,14.765479,30.968811
255.953222,130.133809,15.357681,30.751890
265.683801,130.201167,15.038767,31.598146
271.122817,131.211910,14.342208,30.202904
274.792435,131.619483,15.034222,31.056749
278.503715,132.121770,14.633810,29.942236
280.179171,133.345203,14.483742,30.829201
280.619789,134.293497,14.385860,28.590473
280.348831,134.396913,12.538121,27.762266
279.925427,133.952483,11.832842,28.848734
277.509836,134.974152,12.509224,28.568565
274.750562,135.358114,13.623338,28.160007
272.093209,135.137382,14.051126,28.269464
270.165519,135.753531,15.155165,27.974550
268.600311,135.616362,15.950597,28.105038
266.985631,135.954118,15.175828,28.780256
265.351033,136.941249,11.998385,27.865404
264.279135,136.866234,10.794440,27.245201
261.933632,136.834341,11.439944,27.523228
259.710343,136.323072,12.109324,27.904697
257.196989,135.649081,12.786202,27.789270
254.653577,134.886381,14.278154,28.139927
253.354275,136.079794,14.565204,28.205288
251.138209,136.132846,13.804571,28.786341
250.444002,135.807967,13.123802,28.589899
248.550339,137.145151,12.390278,28.071415
246.423976,136.202463,11.495297,28.557888
243.382761,136.760705,12.688172,28.570417
242.093966,136.502475,13.305847,27.764582
240.231083,136.494391,13.778705,28.391481
237.974600,136.332209,14.683829,28.657940
235.732826,136.780241,15.430814,28.788967
234.537264,137.261673,15.118767,27.984016
232.766636,137.519664,13.281413,28.549707
231.962002,138.064671,11.979351,27.943886
229.251866,138.530334,11.475734,27.731218
227.120101,138.523567,12.150381,28.036217
225.401059,137.090287,13.075274,28.388632
223.446611,138.180861,13.441247,27.461864
220.883644,138.157946,14.505131,27.904224
219.544141,136.855947,13.371073,28.924129
218.019636,138.093828,13.129800,28.497662
216.280894,139.116297,12.479643,28.200428
213.940092,138.987265,12.042198,28.496052
212.628561,138.526274,12.328292,28.568249
210.344465,138.137580,12.816597,28.672441
209.074559,138.033825,13.319437,28.392052
206.402387,137.793802,14.359163,28.723576
204.410110,137.574368,15.290348,29.756142
203.332045,138.497321,15.257378,29.258692
202.567989,137.405749,14.587506,30.053698
200.775160,139.051372,12.478507,29.104136
198.592826,139.248811,11.370580,28.229879
197.116596,139.548148,12.426785,28.457010
195.588813,138.318871,12.277532,27.991676
193.434728,138.083072,13.195650,28.230387
191.038618,138.567714,14.289208,28.090166
188.704068,138.225094,14.945109,28.856712
187.953506,138.179792,13.536932,29.069622
186.039999,139.191126,12.499122,28.538380
184.549950,140.350507,11.835261,28.087217
181.450948,139.425152,12.053941,28.644638
179.827693,140.033976,12.718663,28.611416
177.307794,139.576245,13.366578,28.267843
175.747420,139.153441,14.414038,27.880991
174.052243,139.113525,15.485934,28.965515
172.292030,139.721990,15.290981,28.964834
170.770976,139.760092,14.813231,28.669643
168.940771,140.365183,12.581352,28.312733
167.312828,140.397929,11.945317,28.843966
164.745193,140.888376,12.226843,28.751751
163.263970,139.831832,12.728244,27.827974
161.018232,139.474524,13.143785,28.647388
158.580138,139.097023,14.303953,29.159157
156.677228,139.116667,14.833780,29.395969
155.733474,139.726353,13.315191,28.917244
154.298936,139.808530,12.654894,29.216627
152.800480,140.480375,11.648731,28.691120
149.183253,140.448462,12.364974,29.071802
148.623971,140.141698,12.503436,29.149076
146.865892,140.108367,12.988786,29.112696
144.206077,139.394985,14.400144,29.782143
142.037928,138.862082,15.236427,29.508205
140.453866,139.544308,15.630930,29.712753
139.406815,140.242596,14.410533,28.402023
138.212505,140.696566,13.228230,28.821323
137.172405,140.810487,11.004185,28.173552
133.627257,141.475154,12.610618,28.733538
132.805135,141.155321,12.276911,28.412014
130.636286,140.472560,12.990500,28.166224
128.150044,140.601359,13.598909,28.296572
125.894628,140.762589,15.132845,28.881636
125.075124,141.133317,13.284792,28.582609
122.851777,141.900187,13.097361,28.661060
121.493668,141.584196,12.246288,29.260540
118.626570,141.972143,11.938194,28.796406
116.448700,140.663524,13.295115,29.898249
115.133362,140.039388,13.247875,30.021811
113.266897,140.477191,13.475281,28.570230
110.734187,140.625835,14.759771,29.527542
109.551200,141.338595,15.336302,28.941980
107.803993,141.733179,14.862934,28.663143
106.921103,141.589571,13.045287,28.282269
105.782413,142.759510,10.923779,27.742462
103.930706,142.114094,11.084927,27.849457
101.588863,141.768622,11.777859,28.025904
99.506930,141.792017,12.458860,28.577541
96.808446,140.990210,13.187486,28.438122
95.173659,141.133643,14.485052,28.632891
93.480897,141.437072,14.284334,28.944872
91.290006,141.607447,12.585732,28.385525
89.036667,142.020928,11.964099,28.379889
87.091072,142.493294,11.809079,28.437492
83.888619,141.856076,12.984842,28.292234
82.496315,141.337724,12.750377,28.477842
80.965909,141.365374,13.552080,28.806469
78.146800,140.904774,13.563879,27.872673
76.442788,141.319149,14.546023,28.405014
73.374830,140.924586,13.015489,28.765963
72.408009,142.139571,14.788044,29.324419
70.078497,141.981471,12.675643,28.513399
69.104959,142.095641,12.113663,28.252733
68.071826,142.330594,11.589224,28.480642
66.662421,141.432616,11.871832,28.217493
63.549496,140.299949,13.203053,28.947481
62.026428,141.069786,12.709057,28.608887
59.828089,140.728475,13.383094,29.054731
58.567958,140.931657,12.597981,28.783751
57.174615,141.051012,12.323503,29.044506
55.038430,141.347390,11.316089,28.292181
52.303119,141.707660,12.110745,29.762926
50.636650,140.393545,12.552845,29.163136
48.941329,141.176522,13.399694,28.778669
46.427874,140.952896,14.125297,28.216187
44.831688,140.982963,14.647136,28.436098
43.025508,140.928695,15.076726,29.548365
41.586564,141.855814,15.159761,28.548450
40.286093,141.886925,12.334839,28.130844
38.364569,142.050196,11.850822,28.155895
36.189498,141.806472,12.201955,28.364023
33.903331,141.521193,12.895864,29.066433
32.352282,140.385757,13.463776,28.506271
29.519774,140.831419,14.323843,28.809788
27.445175,141.101939,14.779896,28.765139
26.461033,140.411368,14.276585,30.180582
24.665008,139.973622,12.221059,29.984953
22.971705,141.900234,12.349348,29.022507
20.172943,141.673231,12.364712,29.132854
18.703599,140.900553,13.123078,29.592388
16.221604,140.815454,13.675013,29.085875
14.118039,140.418017,15.216708,29.334650
12.462059,139.288619,15.990635,29.605371
10.779316,140.283443,16.432697,29.647835
9.613673,140.438367,15.233611,28.840048
8.019679,141.001996,13.334403,29.247740
6.037619,141.763330,11.693047,28.741751
3.425530,141.151662,11.912340,29.504995
