100.000000,180.000000,11.000000,8.000000
111.196733,176.827216,11.638933,10.000000
122.107468,173.008073,11.288989,10.000000
131.583189,170.181354,12.187237,10.000000
143.423082,167.624471,10.983617,10.000000
154.332898,165.175306,11.007429,10.000000
165.618242,163.701383,10.284809,10.000000
176.867946,162.175993,10.496164,10.000000
187.566493,159.600917,10.519011,10.000000
197.489632,159.410591,12.376614,10.000000
208.460727,158.836965,10.834044,10.000000
217.180175,159.248157,10.874640,10.000000
225.023280,159.335449,10.226580,10.000000
232.389630,159.211817,10.571894,10.000000
240.950732,160.200097,10.000000,10.000000
248.735536,160.806850,10.000000,10.000000
254.540022,161.932593,10.000000,10.000000
257.078113,163.737737,10.000000,10.000000
262.140875,165.884699,10.000000,10.000000
263.202900,168.745953,10.000000,10.000000
263.407552,170.865571,10.000000,10.000000
262.642255,173.937217,10.000000,10.000000
259.931068,177.721359,10.000000,10.000000
257.226889,181.948965,10.000000,10.000000
251.927361,187.008236,10.000000,10.000000
246.236586,191.668451,10.000000,10.000000
237.570138,188.801543,10.314350,10.000000
229.921183,185.880849,10.000000,10.000000
224.317641,182.595421,10.000000,10.000000
221.199108,180.091481,10.000000,10.000000
221.405191,179.429797,10.000000,10.000000
223.366462,178.670196,10.000000,10.000000
225.830119,177.110106,10.000000,10.000000
229.123156,176.852928,10.000000,10.000000
235.258701,176.670341,10.000000,10.000000
241.430346,177.177487,10.000000,10.000000
248.150295,178.575112,10.000000,10.000000
253.958074,178.651804,10.000000,10.000000
260.306934,179.979984,10.000000,10.000000
267.063550,182.365176,10.000000,10.000000
273.292861,185.110106,10.000000,10.000000
280.040700,188.062345,10.000000,10.000000
285.889935,190.874634,10.000000,10.000000
291.498744,193.623948,10.000000,10.000000
294.427092,193.065454,10.000000,10.000000
295.661634,192.972255,10.000000,10.000000
296.010408,192.401281,10.000000,10.000000
297.136832,192.318866,10.000000,10.000000
298.132075,192.446310,10.000000,10.000000
298.999001,192.750959,10.000000,10.000000
299.569069,193.230844,10.000000,10.000000
299.720326,195.247500,10.000000,10.000000
300.282798,196.927306,10.000000,10.000000
302.987561,197.996216,10.000000,10.000000
302.741875,200.774712,10.000000,10.000000
302.625493,202.857018,10.000000,10.000000
304.647336,206.542572,10.000000,10.000000
305.986228,204.515149,10.000000,10.000000
306.875967,202.903586,10.000000,10.000000
307.919504,202.898350,10.000000,10.000000
308.537022,202.657457,10.000000,10.000000
309.104624,202.280947,10.000000,10.000000
310.740660,203.850094,10.000000,10.000000
310.582282,203.741304,10.000000,10.000000
311.483281,204.793961,10.000000,10.000000
314.029293,206.107431,10.000000,10.000000
314.332896,208.221918,10.000000,10.000000
315.131124,210.582362,10.000000,10.000000
316.074524,209.659920,10.000000,10.000000
316.364595,208.544264,10.000000,10.000000
315.356981,207.988962,10.085315,10.000000
318.732147,208.539684,10.000000,10.000000
319.665832,207.876246,10.000000,10.000000
321.023674,208.581368,10.000000,10.000000
322.105118,208.607462,10.000000,10.000000
323.942557,209.990885,10.000000,10.000000
324.416320,210.413589,10.000000,10.000000
325.289443,208.504492,10.000000,10.000000
325.896383,204.804248,10.000000,10.000000
326.339740,202.611485,10.000000,10.000000
327.131268,199.378066,10.000000,10.000000
327.510286,197.191686,10.000000,10.000000
327.412053,192.945355,10.000000,10.000000
328.684402,188.835495,10.000000,10.000000
327.606390,186.224715,10.000000,10.000000
327.055437,185.237064,10.000000,10.000000
327.435960,184.312002,10.000000,10.000000
327.841499,183.207783,10.000000,10.000000
327.187676,181.699760,10.000000,10.000000
327.895153,180.555747,10.000000,10.000000
328.215645,180.468705,10.000000,10.000000
328.862477,182.145988,10.000000,10.000000
329.572847,182.853465,10.000000,10.000000
330.149052,183.714086,10.000000,10.000000
332.047477,184.811242,10.000000,10.000000
332.961472,186.292823,10.000000,10.000000
333.873728,187.773202,10.000000,10.000000
334.796991,187.873110,10.000000,10.000000
335.476870,188.359276,10.000000,10.000000
337.465833,189.718008,10.000000,10.000000
338.228198,189.807078,10.000000,10.000000
338.652790,190.424466,10.000000,10.000000
339.439029,191.695282,10.000000,10.000000
341.450585,191.617471,10.000000,10.000000
342.636087,191.908927,10.000000,10.000000
342.542793,192.895741,10.000000,10.000000
343.793614,193.154697,10.000000,10.000000
345.108218,193.970958,10.000000,10.000000
346.625575,194.071382,10.000000,10.000000
346.923865,194.573301,10.000000,10.000000
348.636079,194.450723,10.000000,10.000000
349.394284,195.668733,10.000000,10.000000
351.188747,194.786332,10.000000,10.000000
351.995803,195.080658,10.000000,10.000000
352.493990,195.633458,10.000000,10.000000
354.365198,195.141793,10.000000,10.000000
354.678549,196.168833,10.000000,10.000000
355.171604,196.180697,10.000000,10.000000
356.639824,196.231873,10.000000,10.000000
357.227703,196.230358,10.000000,10.000000
358.834401,196.316890,10.000000,10.000000
359.288936,196.557538,10.000000,10.000000
360.764991,195.978359,10.000000,10.000000
361.085611,196.596159,10.000000,10.000000
362.473588,196.362682,10.000000,10.000000
363.977337,197.364028,10.000000,10.000000
364.395383,197.373494,10.000000,10.000000
365.738977,197.407965,10.000000,10.000000
366.139487,197.487262,10.000000,10.000000
367.593537,197.657305,10.000000,10.000000
367.680872,197.229012,10.000000,10.000000
368.492328,198.293064,10.000000,10.000000
369.510420,197.847977,10.000000,10.000000
368.610215,197.615287,10.000000,10.000000
368.955964,197.075994,10.000000,10.000000
369.045585,197.658900,10.000000,10.000000
368.880600,197.205249,10.000000,10.000000
368.290979,197.646175,10.000000,10.000000
368.876701,196.645803,10.055916,10.000000
369.373099,197.120733,10.000000,10.000000
368.944807,196.892873,10.000000,10.000000
368.728400,196.493153,10.000000,10.000000
370.224165,196.471581,10.000000,10.000000
369.025829,196.956499,10.000000,10.000000
369.323461,196.636089,10.000000,10.000000
369.632908,196.355110,10.000000,10.000000
368.833560,197.136789,10.000000,10.000000
369.140342,197.049388,10.000000,10.000000
369.271355,196.929758,10.000000,10.000000
369.341595,196.767324,10.000000,10.000000
369.354701,196.692983,10.000000,10.000000
369.310630,196.636413,10.000000,10.000000
369.062739,196.654957,10.000000,10.000000
368.903196,196.626449,10.000000,10.000000
368.580578,196.512464,10.000000,10.000000
368.262328,196.381244,10.000000,10.000000
368.653253,197.090931,10.000000,10.000000
368.212460,196.659330,10.000000,10.000000
368.755195,196.414384,10.000000,10.000000
368.416193,196.969040,10.000000,10.000000
368.941390,196.488083,10.000000,10.000000
368.662289,197.023248,10.000000,10.000000
368.550458,196.496233,10.000000,10.000000
368.552563,196.897220,10.000000,10.000000
368.467388,196.084986,10.000000,10.000000
369.654037,196.264138,10.000000,10.000000
368.859444,196.461361,10.000000,10.000000
369.157651,196.763247,10.000000,10.000000
369.521918,196.283512,10.000000,10.000000
368.807552,196.788370,10.000000,10.000000
368.843772,196.427618,10.000000,10.000000
368.758048,197.071292,10.000000,10.000000
368.402395,196.776821,10.000000,10.000000
368.903280,196.664411,10.000000,10.000000
368.303992,196.561369,10.000000,10.000000
368.604913,196.495851,10.000000,10.000000
367.320795,197.212104,10.000000,10.000000
367.888027,197.094004,10.000000,10.000000
367.255947,196.901460,10.000000,10.000000
367.329325,196.569959,10.000000,10.000000
366.971609,196.279423,10.000000,10.000000
366.483871,196.745531,10.000000,10.000000
366.371397,196.203757,10.000000,10.000000
366.001899,196.390149,10.000000,10.000000
365.476916,196.494831,10.000000,10.000000
365.696279,196.635978,10.000000,10.000000
364.471824,195.876664,10.000000,10.000000
365.005580,196.053297,10.000000,10.000000
364.232512,196.162099,10.000000,10.000000
364.049321,196.091959,10.000000,10.000000
363.960324,196.084599,10.000000,10.000000
363.652641,196.050878,10.000000,10.000000
363.358219,195.902056,10.000000,10.000000
363.924037,195.380456,10.000000,10.000000
363.561646,195.408982,10.000000,10.000000
363.172720,195.367692,10.000000,10.000000
362.439404,194.659212,10.000000,10.000000
361.116197,193.318033,10.000000,10.000000
359.092662,193.133145,10.000000,10.000000
356.986382,192.254614,10.000000,10.000000
355.254361,191.795248,10.000000,10.000000
353.691705,191.323725,10.000000,10.000000
351.060003,192.547869,10.000000,10.000000
350.263808,192.477304,10.000000,10.000000
348.709931,194.382185,10.000000,10.000000
347.372689,193.883005,10.000000,10.000000
347.611662,193.029055,10.000000,10.000000
345.998180,193.091563,10.000000,10.000000
345.745031,193.176873,10.000000,10.000000
344.472194,193.875735,10.000000,10.000000
344.664737,193.363671,10.000000,10.000000
343.036132,193.434201,10.000000,10.000000
342.595590,193.458413,10.000000,10.000000
341.172891,193.942623,10.000000,10.000000
340.856477,193.105940,10.000000,10.000000
339.675808,193.194824,10.000000,10.000000
338.960841,193.342725,10.000000,10.000000
338.382503,193.441336,10.000000,10.000000
338.044175,193.513539,10.000000,10.000000
337.370924,192.762471,10.000000,10.000000
336.750623,192.850664,10.000000,10.000000
335.923760,192.887298,10.000000,10.000000
335.489593,192.793674,10.000000,10.000000
335.344136,192.649632,10.000000,10.000000
334.557597,192.585464,10.000000,10.000000
332.927597,192.540104,10.000000,10.000000
332.895770,192.384480,10.000000,10.000000
332.129916,193.435490,10.000000,10.000000
331.905870,193.408450,10.000000,10.000000
330.636817,193.388175,10.000000,10.000000
329.667102,193.385329,10.000000,10.000000
328.864561,193.335278,10.000000,10.000000
328.539542,193.293930,10.000000,10.000000
327.152831,193.423937,10.000000,10.000000
327.111224,193.518240,10.000000,10.000000
326.255821,192.789550,10.000000,10.000000
325.506413,192.956028,10.000000,10.000000
323.852642,193.134842,10.000000,10.000000
323.604110,193.226091,10.000000,10.000000
322.743494,193.264496,10.000000,10.000000
322.101757,193.330344,10.000000,10.000000
321.695809,193.395231,10.000000,10.000000
320.909857,193.512008,10.000000,10.000000
320.374804,192.651720,10.000000,10.000000
320.275507,192.622973,10.000000,10.000000
319.774231,192.577071,10.000000,10.000000
318.771978,192.592387,10.000000,10.000000
318.278710,192.581700,10.000000,10.000000
318.442496,192.544940,10.000000,10.000000
317.988341,192.453542,10.000000,10.000000
316.792207,193.240392,10.000000,10.000000
316.375052,192.924893,10.000000,10.000000
316.517018,192.364549,10.000000,10.000000
314.875692,192.522547,10.000000,10.000000
315.386760,191.766418,10.000000,10.000000
315.560681,191.819982,10.000000,10.000000
313.955803,191.810458,10.000000,10.000000
312.635710,191.957663,10.000000,10.000000
310.980373,192.102344,10.000000,10.000000
309.997736,192.168281,10.000000,10.000000
308.888137,192.180181,10.000000,10.000000
307.733411,192.171844,10.000000,10.000000
306.588533,192.019053,10.000000,10.000000
305.534900,191.997561,10.000000,10.000000
304.580127,192.044428,10.000000,10.000000
303.981514,191.997485,10.000000,10.000000
303.958218,191.702857,10.000000,10.000000
302.985494,191.346519,10.000000,10.000000
302.218104,191.875576,10.000000,10.000000
301.839528,191.656669,10.000000,10.000000
301.185312,191.418401,10.000000,10.000000
300.624056,192.074919,10.000000,10.000000
299.520354,191.721238,10.000000,10.000000
298.738521,191.290179,10.000000,10.000000
298.409880,191.711272,10.000000,10.000000
298.240921,191.089401,10.000000,10.000000
297.530885,191.304710,10.000000,10.000000
296.157071,191.440149,10.000000,10.000000
296.764317,191.585109,10.000000,10.000000
295.853876,190.682225,10.000000,10.000000
295.663029,190.539063,10.000000,10.000000
294.564670,190.569251,10.000000,10.000000
294.110565,190.508869,10.000000,10.000000
293.944153,190.525628,10.000000,10.000000
293.535330,190.480991,10.000000,10.000000
292.963257,191.546759,10.000000,10.000000
293.070769,190.570349,10.000000,10.000000
293.107602,190.470647,10.000000,10.000000
292.512979,191.182902,10.000000,10.000000
291.819935,190.872781,10.000000,10.000000
292.074852,190.560647,10.000000,10.000000
292.141915,190.119091,10.000000,10.000000
291.763423,190.195770,10.000000,10.000000
291.642229,190.119069,10.000000,10.000000
290.527106,190.114350,10.000000,10.000000
288.995081,190.125721,10.000000,10.000000
288.083624,190.127855,10.000000,10.000000
287.030320,190.196934,10.000000,10.000000
286.293467,190.157357,10.000000,10.000000
286.027486,189.699437,10.000000,10.000000
284.987214,189.031437,10.000000,10.000000
284.708997,189.186402,10.000000,10.000000
284.491553,189.259834,10.000000,10.000000
285.155100,189.370253,10.000000,10.000000
284.650418,189.284753,10.000000,10.000000
284.015425,189.314771,10.000000,10.000000
284.056195,189.308556,10.000000,10.000000
283.804846,189.177658,10.000000,10.000000
283.315627,189.031348,10.000000,10.000000
283.650277,188.767467,10.000000,10.000000
282.702054,188.383560,10.000000,10.000000
282.852379,188.784802,10.000000,10.000000
283.374936,188.396938,10.000000,10.000000
284.095117,189.015568,10.000000,10.000000
284.308802,188.436888,10.000000,10.000000
284.582974,188.783941,10.000000,10.000000
284.359771,187.915051,10.000000,10.000000
285.903343,187.973997,10.000000,10.000000
286.897855,188.086747,10.000000,10.000000
290.145228,187.979418,10.000000,10.000000
294.091285,187.227799,10.000000,10.000000
299.652335,186.884445,10.000000,10.000000
304.481978,186.441648,10.000000,10.000000
309.887179,187.230568,10.000000,10.000000
312.806790,187.232066,10.000000,10.000000
315.452200,187.499423,10.000000,10.000000
319.361082,187.872140,10.000000,10.000000
322.274692,187.231786,10.000000,10.000000
325.725688,187.746522,10.000000,10.000000
329.409279,187.328744,10.000000,10.000000
333.640864,188.149453,10.000000,10.000000
337.176136,187.938917,10.000000,10.000000
342.559871,187.745741,10.000000,10.000000
345.840102,187.715628,10.000000,10.000000
350.140680,188.370243,10.000000,10.000000
352.557224,189.555642,10.000000,10.000000
352.568485,189.241890,10.000000,10.000000
352.802823,190.401136,10.000000,10.000000
352.946486,191.124480,10.000000,10.000000
353.208504,191.099593,10.000000,10.000000
352.414209,191.372288,10.000000,10.000000
352.117047,192.143220,10.000000,10.000000
351.329057,191.959752,10.000000,10.000000
350.978630,191.819791,10.000000,10.000000
349.972120,191.916822,10.000000,10.000000
349.570196,192.185808,10.000000,10.000000
348.483773,192.833586,10.000000,10.000000
349.055833,192.647331,10.000000,10.000000
348.210768,192.571813,10.000000,10.000000
347.863974,192.488888,10.000000,10.000000
346.979318,193.516385,10.000000,10.000000
346.419494,192.653789,10.000000,10.000000
346.527946,192.862027,10.000000,10.000000
345.181847,193.148624,10.000000,10.000000
345.732526,193.791264,10.000000,10.000000
345.109962,193.590648,10.000000,10.000000
345.199383,193.573425,10.000000,10.000000
344.834820,193.568033,10.000000,10.000000
344.339854,193.594498,10.000000,10.000000
344.528350,193.620992,10.000000,10.000000
343.334900,193.675663,10.000000,10.000000
343.981992,193.753227,10.000000,10.000000
343.194512,193.755451,10.000000,10.000000
343.321267,193.811094,10.000000,10.000000
343.161250,193.873566,10.000000,10.000000
342.639381,193.972536,10.000000,10.000000
341.904991,194.002443,10.000000,10.000000
341.737440,193.900101,10.000000,10.000000
341.311542,193.854986,10.000000,10.000000
341.769505,193.875444,10.000000,10.000000
340.525763,194.327732,10.000000,10.000000
340.289709,194.735142,10.000000,10.000000
340.923691,194.045803,10.000000,10.000000
340.250564,194.352716,10.000000,10.000000
340.895632,194.373646,10.000000,10.000000
340.255362,194.342309,10.000000,10.000000
341.079665,194.281484,10.000000,10.000000
340.861659,194.048848,10.000000,10.000000
340.684844,193.783534,10.000000,10.000000
339.719594,193.475396,10.000000,10.000000
338.219846,193.958893,10.000000,10.000000
337.785704,193.667548,10.000000,10.000000
336.071924,193.532931,10.000000,10.000000
335.499861,193.367860,10.000000,10.000000
335.241570,193.998961,10.000000,10.000000
333.984357,193.720129,10.000000,10.000000
332.962839,193.589322,10.000000,10.000000
332.047024,193.384723,10.000000,10.000000
331.178389,194.314137,10.000000,10.000000
330.640503,194.252447,10.000000,10.000000
329.726155,194.089495,10.000000,10.000000
329.033772,193.792007,10.000000,10.000000
328.729538,193.386679,10.000000,10.000000
327.604423,193.811402,10.000000,10.000000
326.679609,193.165506,10.000000,10.000000
326.741981,193.265560,10.000000,10.000000
325.649319,193.208959,10.000000,10.000000
325.678619,193.214222,10.000000,10.000000
325.271610,193.122620,10.000000,10.000000
325.520292,193.210377,10.000000,10.000000
324.490479,193.318524,10.000000,10.000000
325.574545,193.388293,10.000000,10.000000
324.823120,193.360893,10.000000,10.000000
325.720608,193.063386,10.000000,10.000000
327.156796,192.319393,10.000000,10.000000
329.199616,192.273509,10.000000,10.000000
330.677700,192.081245,10.000000,10.000000
331.120942,191.536760,10.000000,10.000000
332.139915,191.144129,10.000000,10.000000
332.312330,191.670300,10.000000,10.000000
332.865424,191.406518,10.000000,10.000000
331.979886,192.071397,10.000000,10.000000
331.647760,191.837578,10.000000,10.000000
330.654712,191.778910,10.000000,10.000000
330.424582,191.766081,10.000000,10.000000
330.949523,191.899039,10.000000,10.000000
330.481553,191.957472,10.000000,10.000000
330.644510,192.150692,10.000000,10.000000
328.798153,192.309380,10.000000,10.000000
329.262078,192.869060,10.000000,10.000000
329.354802,192.701515,10.000000,10.000000
329.384237,192.652091,10.000000,10.000000
328.916188,192.448659,10.000000,10.000000
328.347517,193.228485,10.000000,10.000000
328.342962,193.122572,10.000000,10.000000
328.365823,193.300051,10.000000,10.000000
325.673661,193.971282,11.923855,10.000000
326.980729,193.386312,10.000000,10.000000
323.890640,191.926688,12.210856,10.000000
325.296917,188.992340,10.187825,10.000000
323.993722,192.736465,10.256316,10.000000
325.403246,192.932802,10.000000,10.000000
326.108320,193.578827,10.000000,10.000000
323.711892,193.252546,10.000000,10.000000
320.631137,193.541574,11.641903,10.000000
321.879928,193.286345,11.220641,10.000000
321.883387,193.497799,10.643547,10.000000
321.919993,194.599626,10.194989,10.000000
322.689872,194.643772,10.000000,10.000000
323.411927,194.472571,10.000000,10.000000
322.913934,195.612822,10.000000,10.000000
321.328450,194.689651,10.000000,10.000000
322.577390,194.592936,10.000000,10.000000
320.637534,194.692917,10.508057,10.000000
323.980805,195.604402,10.000000,10.000000
323.877859,195.340868,10.000000,10.000000
324.943676,195.091132,10.000000,10.000000
326.946028,194.577594,10.000000,10.000000
327.814679,193.383773,10.000000,10.000000
329.604748,194.302611,10.279885,10.000000
333.317528,193.362606,10.000000,10.000000
335.755103,193.483771,10.000000,10.000000
338.469072,193.957747,11.440485,10.000000
339.715586,191.821453,15.976707,10.312615
342.586403,182.114532,23.958950,17.224981
348.903724,191.730203,10.000000,10.000000
352.435083,193.157683,11.812979,10.000000
356.234664,193.544840,10.790638,10.000000
358.258135,192.955574,10.000000,10.000000
360.179989,193.562007,10.000000,10.000000
361.188632,193.358143,10.000000,10.000000
361.464613,194.027459,10.000000,10.000000
362.900591,193.945238,10.000000,10.000000
362.642275,193.770458,10.000000,10.000000
362.608950,193.627718,10.000000,10.000000
362.601565,193.641805,10.000000,10.000000
362.432776,193.535103,10.000000,10.000000
363.399697,193.512960,10.000000,10.000000
362.983105,193.455371,10.000000,10.000000
361.738492,194.479209,10.000000,10.000000
361.603744,194.532529,10.000000,10.000000
359.434729,193.505839,10.000000,10.000000
361.269486,193.471225,10.000000,10.000000
360.169156,194.559757,10.000000,10.000000
359.313176,193.846899,10.000000,10.000000
358.889566,194.638614,10.000000,10.000000
357.701513,194.605847,10.000000,10.000000
357.598410,194.546278,10.000000,10.000000
356.210712,194.414147,10.000000,10.000000
356.427638,195.358192,10.000000,10.000000
356.162814,195.427529,10.000000,10.000000
354.723421,195.537674,10.000000,10.000000
354.035456,195.070976,10.000000,10.000000
354.274168,195.942374,10.000000,10.000000
354.224110,195.941618,10.000000,10.000000
353.065452,196.133487,10.000000,10.000000
352.629272,196.459481,10.000000,10.000000
351.993248,197.315575,10.000000,10.000000
352.432478,197.281533,10.000000,10.000000
352.800219,197.297519,10.000000,10.000000
351.576415,197.263654,10.000000,10.000000
350.608256,197.224506,10.000000,10.000000
349.773246,197.205238,10.000000,10.000000
348.984294,197.153173,10.000000,10.000000
347.988866,197.211051,10.000000,10.000000
346.610681,197.365173,10.000000,10.000000
345.677191,197.508357,10.000000,10.000000
344.785058,196.547330,10.000000,10.000000
344.628075,196.511834,10.000000,10.000000
343.648369,196.559692,10.000000,10.000000
343.124616,196.595616,10.000000,10.000000
342.715258,196.478154,10.000000,10.000000
341.436749,197.287011,10.000000,10.000000
341.557726,197.239788,10.000000,10.000000
339.773719,197.050462,10.000000,10.000000
339.482105,196.761694,10.000000,10.000000
339.404956,196.292432,10.000000,10.000000
338.961578,196.634162,10.000000,10.000000
337.917890,196.026692,10.000000,10.000000
337.694261,196.218184,10.000000,10.000000
336.793975,196.331295,10.000000,10.000000
336.301036,196.246274,10.000000,10.000000
335.969627,196.270747,10.000000,10.000000
335.467588,196.246927,10.000000,10.000000
334.899692,196.174829,10.000000,10.000000
332.382952,196.158266,10.000000,10.000000
331.042815,196.032741,11.072445,10.000000
332.014721,195.036968,10.000000,10.000000
332.260511,195.235054,10.000000,10.000000
332.313306,195.414721,10.000000,10.000000
331.658290,195.400108,10.000000,10.000000
330.989402,195.291141,10.000000,10.000000
330.850337,195.194617,10.000000,10.000000
329.670875,194.857769,10.000000,10.000000
328.146459,194.312952,10.000000,10.000000
328.270631,194.430722,10.000000,10.000000
327.925858,194.329592,10.000000,10.000000
325.883306,193.982231,10.000000,10.000000
326.468526,193.569971,10.000000,10.000000
327.005954,192.915690,10.000000,10.000000
323.666281,197.692591,10.000000,10.000000
325.994867,192.351937,10.966560,10.000000
319.710172,193.555677,10.000000,10.000000
319.467876,193.163612,10.000000,10.000000
321.248458,192.654143,10.000000,10.000000
320.601192,192.237028,10.000000,10.000000
319.709110,192.744501,10.000000,10.000000
320.544668,192.429119,13.788280,10.000000
321.905344,193.974889,10.154754,10.000000
320.321187,192.891570,14.610986,10.000000
320.527142,190.197662,10.725290,10.000000
322.210977,192.166761,12.653958,10.000000
317.971550,191.007471,11.656391,10.000000
323.308898,191.572697,11.259183,10.000000
316.943085,190.432741,10.000000,10.000000
315.923020,189.920144,10.403923,10.000000
315.140085,189.768029,10.000000,10.000000
315.329596,188.142847,11.122428,10.000000
314.940407,187.361302,10.000000,10.000000
313.463845,187.438408,10.000000,10.000000
313.557540,186.978337,10.000000,10.000000
311.913343,185.669097,10.000000,10.000000
311.457776,184.395257,10.000000,10.000000
311.673513,184.687454,10.000000,10.000000
310.433997,182.742798,10.000000,10.000000
310.236725,182.715118,10.000000,10.000000
309.992523,182.535127,10.000000,10.000000
308.834394,181.599155,10.000000,10.000000
308.543853,181.636855,10.000000,10.000000
307.708981,181.607562,10.000000,10.000000
307.042009,181.368542,10.000000,10.000000
306.996779,181.319416,10.000000,10.000000
306.245948,180.507838,10.000000,10.000000
306.200305,179.274020,10.000000,10.000000
305.743069,178.563598,10.000000,10.000000
304.619715,177.326707,10.000000,10.000000
303.802818,177.824961,10.000000,10.000000
303.630860,176.665075,10.000000,10.000000
303.418631,175.371208,10.000000,10.000000
303.451366,176.241444,10.000000,10.000000
303.448294,175.175535,10.000000,10.000000
303.134550,174.955708,10.000000,10.000000
302.303524,174.702716,10.000000,10.000000
302.007905,174.460359,10.000000,10.000000
