83.000000,155.000000,6.000000,6.000000
82.879778,155.162894,10.000000,10.000000
82.531244,155.068592,10.000000,10.000000
81.671348,155.095392,10.000000,10.000000
81.632886,154.935678,10.000000,10.000000
81.655189,154.847350,10.000000,10.000000
81.742955,154.833017,10.000000,10.000000
81.913840,154.667229,10.000000,10.000000
82.608511,154.716420,10.000000,10.000000
83.354474,154.933492,10.000000,10.000000
84.655385,155.174495,10.000000,10.000000
84.938109,155.413190,10.000000,10.000000
85.725842,155.750071,10.000000,10.000000
86.257216,155.154270,10.000000,10.000000
87.184676,155.593505,10.000000,10.000000
87.555145,155.065098,10.000000,10.000000
87.334322,155.444294,10.000000,10.000000
88.362009,156.127811,10.000000,10.000000
89.179008,155.709521,10.000000,10.000000
89.860788,155.224996,10.000000,10.000000
89.307482,155.776060,10.000000,10.000000
90.290172,155.018256,10.000000,10.000000
90.038927,155.842543,10.000000,10.000000
90.606245,155.482022,10.000000,10.000000
89.139884,155.335740,10.000000,10.000000
90.788195,154.235703,10.000000,10.000000
90.634103,154.869746,10.000000,10.000000
90.849485,154.473342,10.000000,10.000000
91.857539,156.205565,10.000000,10.000000
91.858919,155.822618,10.000000,10.000000
92.274909,155.701210,10.000000,10.000000
93.290178,155.576343,10.000000,10.000000
92.816244,155.265234,10.000000,10.000000
91.571618,156.132341,10.000000,10.000000
92.093243,155.655744,10.000000,10.000000
93.089764,154.846090,10.000000,10.000000
93.848260,154.870384,10.000000,10.000000
94.641289,154.834359,10.000000,10.000000
94.352657,154.683643,10.000000,10.000000
95.776338,154.660196,10.000000,10.000000
95.337104,154.665824,10.000000,10.000000
96.078374,154.438201,10.000000,10.000000
96.764504,155.536680,10.000000,10.000000
96.434330,154.592973,10.000000,10.000000
97.914602,154.702628,10.000000,10.000000
97.392442,154.867518,10.000000,10.000000
98.250767,155.545657,10.000000,10.000000
99.280977,154.727371,10.000000,10.000000
100.113528,154.801865,10.000000,10.000000
99.800586,154.900333,10.000000,10.000000
99.159217,154.841208,10.000000,10.000000
99.498861,153.959674,10.000000,10.000000
99.955167,154.032581,10.000000,10.000000
101.050170,155.149865,10.000000,10.000000
102.834687,155.409679,10.000000,10.000000
104.036075,155.445438,10.000000,10.000000
104.905416,155.304507,10.000000,10.000000
106.324041,155.291402,10.000000,10.000000
108.111920,155.179818,10.000000,10.000000
107.511484,152.912246,12.296373,10.000000
105.609154,151.787079,17.974838,10.883382
126.531795,151.187051,10.000000,10.000000
126.533900,151.316015,10.000000,10.000000
126.642740,151.399622,10.000000,10.000000
126.337110,151.512635,10.000000,10.000000
127.154820,151.254889,10.000000,10.000000
126.581002,151.810724,10.000000,10.000000
125.395821,151.433484,10.000000,10.000000
126.063597,152.221964,10.000000,10.000000
125.151630,152.022852,10.000000,10.000000
124.386861,151.737077,10.000000,10.000000
121.610029,151.011364,10.098080,10.000000
122.092904,150.698974,10.000000,10.000000
117.263287,155.389004,10.000000,10.000000
118.651377,156.342804,10.000000,10.000000
118.549280,156.286043,10.000000,10.000000
119.535576,156.240136,10.000000,10.000000
120.328155,155.794362,10.000000,10.000000
121.488142,155.913286,10.000000,10.000000
121.843906,155.988776,10.000000,10.000000
122.141466,156.090599,10.000000,10.000000
122.114091,156.273081,10.000000,10.000000
121.686229,156.368563,10.000000,10.000000
122.126403,156.241120,10.000000,10.000000
124.413774,156.479321,10.000000,10.000000
125.659484,156.966207,10.000000,10.000000
125.336616,156.792826,10.000000,10.000000
126.240249,156.705546,10.000000,10.000000
126.632481,156.467009,10.000000,10.000000
126.666573,157.344939,10.000000,10.000000
127.189408,157.184625,10.000000,10.000000
128.297059,157.030549,10.000000,10.000000
128.641860,156.605288,10.000000,10.000000
127.894808,155.714942,10.000000,10.000000
127.125886,155.169974,10.000000,10.000000
128.144222,156.224006,10.000000,10.000000
127.077750,154.459266,11.089257,10.000000
116.893470,152.096029,10.000000,10.000000
116.555650,152.199911,10.000000,10.000000
115.848379,152.248482,10.000000,10.000000
116.160866,152.318977,10.000000,10.000000
116.352816,152.327648,10.000000,10.000000
116.252971,152.266452,10.000000,10.000000
115.747191,152.350824,10.000000,10.000000
114.851864,152.416578,10.000000,10.000000
115.064503,152.487040,10.000000,10.000000
115.006773,152.707172,10.000000,10.000000
114.887812,152.067447,10.000000,10.000000
114.182786,152.311840,10.000000,10.000000
114.523869,152.762535,10.000000,10.000000
113.663689,152.431091,10.000000,10.000000
113.471947,153.055103,10.000000,10.000000
114.505574,152.897545,10.000000,10.000000
113.211260,152.482950,10.000000,10.000000
113.856906,153.126474,10.000000,10.000000
112.965999,152.731976,10.000000,10.000000
113.326984,152.466113,10.000000,10.000000
113.385383,153.226309,10.000000,10.000000
113.286544,153.012442,10.000000,10.000000
113.137597,152.870908,10.000000,10.000000
112.755319,152.677462,10.000000,10.000000
111.868166,152.496778,10.000000,10.000000
112.039276,153.345261,10.000000,10.000000
111.942975,153.340926,10.000000,10.000000
111.649296,153.302497,10.000000,10.000000
110.760075,153.141233,10.000000,10.000000
110.923734,152.887229,10.000000,10.000000
110.879005,152.583168,10.000000,10.000000
110.166271,152.021777,10.000000,10.000000
110.490181,152.440574,10.000000,10.000000
110.713018,152.716084,10.000000,10.000000
109.502815,152.070187,10.000000,10.000000
108.666429,152.331238,10.000000,10.000000
108.696764,152.517861,10.000000,10.000000
108.654603,151.781229,10.000000,10.000000
108.345908,152.000014,10.000000,10.000000
108.516268,152.322893,10.000000,10.000000
107.490482,152.594561,10.000000,10.000000
107.905873,151.961027,10.000000,10.000000
106.473373,152.301069,10.000000,10.000000
105.930425,152.504236,10.000000,10.000000
104.209229,151.655769,10.000000,10.000000
103.195608,151.758382,10.000000,10.000000
102.324651,151.808963,10.000000,10.000000
102.044552,151.930677,10.000000,10.000000
100.996993,151.957982,10.000000,10.000000
100.661908,151.865145,10.000000,10.000000
99.273775,151.809496,10.000000,10.000000
99.130330,151.602387,10.000000,10.000000
98.054663,151.454218,10.000000,10.000000
97.673326,152.264194,10.000000,10.000000
96.747356,152.198703,10.000000,10.000000
96.687943,152.012357,10.000000,10.000000
96.760693,151.988736,10.000000,10.000000
96.597617,151.938034,10.000000,10.000000
96.400833,151.815541,10.000000,10.000000
96.994062,151.608095,10.000000,10.000000
96.199039,151.295783,10.000000,10.000000
96.517606,152.147328,10.000000,10.000000
95.723999,152.035711,10.000000,10.000000
96.204072,151.899190,10.000000,10.000000
96.321782,151.786266,10.000000,10.000000
96.356688,151.638490,10.000000,10.000000
96.358706,151.480495,10.000000,10.000000
96.424846,152.380937,10.000000,10.000000
96.612619,152.207022,10.000000,10.000000
95.683254,152.205132,10.000000,10.000000
95.873295,152.350819,10.000000,10.000000
95.934441,152.521157,10.000000,10.000000
96.430379,151.870947,10.000000,10.000000
96.678905,152.071425,10.000000,10.000000
96.034817,152.312427,10.000000,10.000000
96.362900,152.400677,10.000000,10.000000
97.021705,152.548920,10.000000,10.000000
96.168500,151.641057,10.000000,10.000000
96.766992,151.898339,10.000000,10.000000
95.846954,152.081934,10.000000,10.000000
96.127030,152.178970,10.000000,10.000000
96.216146,152.095186,10.000000,10.000000
96.492606,151.978167,10.000000,10.000000
96.579488,151.944859,10.000000,10.000000
95.630435,151.863047,10.000000,10.000000
95.918480,151.970596,10.000000,10.000000
95.890518,151.884802,10.000000,10.000000
96.009370,152.041934,10.000000,10.000000
96.054670,152.047268,10.000000,10.000000
96.212530,152.223001,10.000000,10.000000
96.126971,152.036706,10.000000,10.000000
95.989346,151.916395,10.000000,10.000000
95.718923,151.758368,10.000000,10.000000
95.346676,151.719184,10.000000,10.000000
95.484451,151.897762,10.000000,10.000000
95.519198,151.809898,10.000000,10.000000
94.534772,151.856402,10.000000,10.000000
94.472302,151.786732,10.000000,10.000000
95.586651,151.864354,10.000000,10.000000
94.598933,151.917481,10.000000,10.000000
94.530277,152.026354,10.000000,10.000000
94.440702,152.313116,10.000000,10.000000
95.237581,152.580449,10.000000,10.000000
94.998278,151.762038,10.000000,10.000000
94.829316,152.060268,10.000000,10.000000
94.690215,152.339293,10.000000,10.000000
94.488761,152.601496,10.000000,10.000000
95.191649,151.857287,10.000000,10.000000
94.778003,152.284485,10.000000,10.000000
93.939859,152.472062,10.000000,10.000000
94.108397,152.577565,10.000000,10.000000
94.232182,151.793634,10.000000,10.000000
94.669807,152.054564,10.000000,10.000000
93.675920,152.367763,10.000000,10.000000
93.678576,152.493663,10.000000,10.000000
94.152690,152.810140,10.000000,10.000000
94.296325,152.230834,10.000000,10.000000
94.438613,152.962444,10.000000,10.000000
94.356191,152.770133,10.000000,10.000000
94.493560,152.449055,10.000000,10.000000
94.423239,152.914955,10.000000,10.000000
94.277378,152.256950,10.000000,10.000000
94.031721,152.877880,10.000000,10.000000
93.403089,152.476257,10.000000,10.000000
93.589025,152.979034,10.000000,10.000000
92.571433,152.691473,10.000000,10.000000
92.390482,152.450089,10.000000,10.000000
93.388863,152.892108,10.000000,10.000000
92.522838,152.356754,10.000000,10.000000
91.517365,152.909638,10.000000,10.000000
90.616826,152.397014,10.000000,10.000000
89.531659,152.471926,10.000000,10.000000
88.093963,152.377753,10.000000,10.000000
86.504035,152.179574,10.000000,10.000000
83.511810,151.808117,10.000000,10.000000
81.263252,151.593864,10.000000,10.000000
79.268515,151.319634,10.000000,10.000000
77.110152,152.114465,10.000000,10.000000
74.222637,151.630036,10.000000,10.000000
72.562439,151.242767,10.000000,10.000000
70.556836,152.217528,10.000000,10.000000
68.678499,151.775926,10.000000,10.000000
67.540306,151.492964,10.000000,10.000000
66.076090,152.723614,10.000000,10.000000
65.102990,151.902753,10.000000,10.000000
64.451040,151.736678,10.000000,10.000000
64.112449,151.481375,10.000000,10.000000
62.876583,152.738878,10.000000,10.000000
62.867406,152.020847,10.000000,10.000000
62.812413,152.605649,10.000000,10.000000
62.763941,152.337108,10.000000,10.000000
62.613043,153.038811,10.000000,10.000000
62.446892,152.719138,10.000000,10.000000
63.564005,152.710030,10.000000,10.000000
62.477991,152.425416,10.000000,10.000000
63.825428,152.994050,10.000000,10.000000
62.861629,152.592413,10.000000,10.000000
62.944522,152.395466,10.000000,10.000000
62.893020,152.932834,10.000000,10.000000
62.626341,152.556167,10.000000,10.000000
62.530806,152.168038,10.000000,10.000000
62.583326,153.017104,10.000000,10.000000
62.922055,152.809234,10.000000,10.000000
63.627484,152.668768,10.000000,10.000000
63.013150,152.389336,10.000000,10.000000
64.146932,153.151382,10.000000,10.000000
63.590018,152.839470,10.000000,10.000000
63.235507,152.454315,10.000000,10.000000
64.023853,153.269153,10.000000,10.000000
63.505897,153.363736,10.000000,10.000000
63.078694,153.510643,10.000000,10.000000
63.916586,152.483009,10.000000,10.000000
63.551565,153.209139,10.000000,10.000000
63.551031,152.951563,10.000000,10.000000
63.677760,152.587558,10.000000,10.000000
64.148962,152.187579,10.000000,10.000000
64.640669,152.458573,10.000000,10.000000
63.450362,153.398283,10.000000,10.000000
64.639153,152.969855,10.000000,10.000000
63.545745,152.826660,10.000000,10.000000
63.654128,152.591438,10.000000,10.000000
64.075770,152.393583,10.000000,10.000000
64.480752,153.128482,10.000000,10.000000
65.212846,153.626736,10.000000,10.000000
64.617395,153.034371,10.000000,10.000000
63.640655,153.342631,10.000000,10.000000
63.821794,153.753521,10.000000,10.000000
64.158131,153.197061,10.000000,10.000000
64.301765,153.537727,10.000000,10.000000
64.676031,153.025546,10.000000,10.000000
63.547024,153.522087,10.000000,10.000000
63.686769,152.924562,10.000000,10.000000
63.652018,153.274895,10.000000,10.000000
63.564935,153.926203,10.000000,10.000000
63.527218,153.647369,10.000000,10.000000
63.774300,153.352021,10.000000,10.000000
63.912305,153.904058,10.000000,10.000000
64.345057,153.603369,10.000000,10.000000
64.545305,153.485559,10.000000,10.000000
63.746282,154.216723,10.000000,10.000000
64.271525,154.061277,10.000000,10.000000
64.555573,153.897264,10.000000,10.000000
63.436886,153.837347,10.000000,10.000000
64.388827,153.894853,10.000000,10.000000
64.347043,153.993712,10.000000,10.000000
64.354520,154.482218,10.000000,10.000000
64.303449,154.841480,10.000000,10.000000
64.585462,154.167091,10.000000,10.000000
63.435456,154.148027,10.000000,10.000000
64.605839,153.965943,10.000000,10.000000
64.292685,153.813221,10.000000,10.000000
65.038915,153.725652,10.000000,10.000000
64.868528,153.472757,10.000000,10.000000
64.755798,153.888995,10.000000,10.000000
64.837679,153.567472,10.000000,10.000000
65.387764,153.246330,10.000000,10.000000
66.196885,153.935311,10.000000,10.000000
66.274906,153.827641,10.000000,10.000000
66.608657,153.616508,10.000000,10.000000
66.477683,153.012794,10.000000,10.000000
67.966128,153.315324,10.000000,10.000000
68.499072,153.638439,10.000000,10.000000
70.385082,153.247958,10.000000,10.000000
72.613878,153.704350,10.000000,10.000000
73.969153,153.108344,10.000000,10.000000
77.466812,153.338992,10.000000,10.000000
81.043540,153.795693,10.000000,10.000000
83.667124,153.136900,10.000000,10.000000
85.297596,153.240845,10.000000,10.000000
87.344850,153.712753,10.000000,10.000000
88.873212,153.397770,10.000000,10.000000
89.136407,154.065411,10.000000,10.000000
89.923998,153.796743,10.000000,10.000000
89.834491,153.418378,10.000000,10.000000
90.258452,153.815811,10.000000,10.000000
90.541417,153.604763,10.000000,10.000000
89.732179,153.418194,10.000000,10.000000
90.241670,153.854206,10.000000,10.000000
90.906648,153.762487,10.000000,10.000000
90.522222,153.694146,10.000000,10.000000
90.014134,153.689354,10.000000,10.000000
90.736099,153.902330,10.000000,10.000000
90.581452,154.308234,10.000000,10.000000
90.333438,154.604731,10.000000,10.000000
91.313268,153.684343,10.000000,10.000000
91.178394,153.510607,10.000000,10.000000
91.225632,153.333642,10.000000,10.000000
91.093807,154.589599,10.000000,10.000000
91.244732,153.760104,10.000000,10.000000
91.628089,154.061415,10.000000,10.000000
90.663015,154.520709,10.000000,10.000000
91.007692,154.166069,10.000000,10.000000
91.179681,154.745948,10.000000,10.000000
91.332848,154.640895,10.000000,10.000000
91.688240,154.436956,10.000000,10.000000
91.279027,154.852602,10.000000,10.000000
92.113757,153.955961,10.000000,10.000000
91.997372,153.997921,10.000000,10.000000
92.074233,154.387859,10.000000,10.000000
92.200158,155.100015,10.000000,10.000000
91.586029,154.757204,10.000000,10.000000
91.184667,154.463203,10.000000,10.000000
92.197590,155.280663,10.000000,10.000000
92.057386,155.105841,10.000000,10.000000
91.546672,154.736690,10.000000,10.000000
90.987524,154.357303,10.000000,10.000000
91.850790,155.340310,10.000000,10.000000
91.607451,154.974137,10.000000,10.000000
91.062367,154.489765,10.000000,10.000000
91.350409,154.625684,10.000000,10.000000
92.148566,153.962676,10.000000,10.000000
92.113800,154.469452,10.000000,10.000000
92.088791,154.939231,10.000000,10.000000
91.908815,154.704185,10.000000,10.000000
91.772146,154.390023,10.000000,10.000000
91.913617,154.891170,10.000000,10.000000
92.144356,154.617424,10.000000,10.000000
92.654852,154.514109,10.000000,10.000000
91.757244,154.268696,10.000000,10.000000
92.025280,155.124501,10.000000,10.000000
92.133701,155.061530,10.000000,10.000000
92.203142,155.053053,10.000000,10.000000
92.305865,155.054205,10.000000,10.000000
92.280204,155.223259,10.000000,10.000000
92.458505,155.720742,10.000000,10.000000
92.645453,154.892395,10.000000,10.000000
92.317812,154.918432,10.000000,10.000000
92.970299,154.845528,10.000000,10.000000
93.019049,154.502349,10.000000,10.000000
93.143644,154.330532,10.000000,10.000000
93.009477,155.496193,10.000000,10.000000
92.837647,155.445766,10.000000,10.000000
92.693792,155.318419,10.000000,10.000000
92.950645,155.119359,10.000000,10.000000
93.145890,155.079731,10.000000,10.000000
93.316617,155.077922,10.000000,10.000000
93.668686,155.026111,10.000000,10.000000
92.769775,154.839080,10.000000,10.000000
92.865421,154.740485,10.000000,10.000000
93.122348,154.666195,10.000000,10.000000
93.473094,154.793115,10.000000,10.000000
93.836449,154.730549,10.000000,10.000000
92.999502,154.743635,10.000000,10.000000
93.323906,154.889659,10.000000,10.000000
93.816054,155.233204,10.000000,10.000000
93.008395,155.453620,10.000000,10.000000
93.415133,155.347439,10.000000,10.000000
94.582744,155.409784,10.000000,10.000000
94.817453,155.795142,10.000000,10.000000
95.583524,155.600519,10.000000,10.000000
95.774852,155.353976,10.000000,10.000000
96.639619,156.310681,10.000000,10.000000
97.300894,156.107872,10.000000,10.000000
98.054465,155.900340,10.000000,10.000000
98.847247,155.817931,10.000000,10.000000
98.923593,155.634394,10.000000,10.000000
99.725053,155.566376,10.000000,10.000000
99.757237,155.413901,10.000000,10.000000
99.744048,156.172562,10.000000,10.000000
101.082285,156.076692,10.000000,10.000000
101.728724,156.022949,10.000000,10.000000
101.827132,155.992161,10.000000,10.000000
102.112133,155.776567,10.000000,10.000000
102.877138,155.717792,10.000000,10.000000
102.646867,155.764675,10.000000,10.000000
102.659042,156.034162,10.000000,10.000000
103.550613,156.541228,10.000000,10.000000
103.813274,156.412570,10.000000,10.000000
104.528974,157.216338,10.000000,10.000000
104.330414,157.102026,10.000000,10.000000
105.135695,156.802762,10.000000,10.000000
106.166749,156.754914,10.000000,10.000000
106.476556,156.664697,10.000000,10.000000
107.450205,156.466468,10.000000,10.000000
107.556557,157.299592,10.000000,10.000000
107.326165,157.063572,10.000000,10.000000
108.470538,156.894294,10.000000,10.000000
109.326700,156.608526,10.000000,10.000000
109.559192,156.293571,10.000000,10.000000
108.652737,156.451845,10.000000,10.000000
109.589848,156.828116,10.000000,10.000000
109.811285,156.401850,10.000000,10.000000
110.396526,157.031564,10.000000,10.000000
110.957274,156.263317,10.000000,10.000000
110.767754,156.589542,10.000000,10.000000
111.051703,155.756097,10.000000,10.000000
111.112634,156.380444,10.000000,10.000000
111.761051,157.189605,10.000000,10.000000
112.015793,157.017709,10.000000,10.000000
112.862636,156.535703,10.000000,10.000000
112.767223,155.965109,10.000000,10.000000
112.724028,156.229576,10.000000,10.000000
113.071719,156.270407,10.000000,10.000000
113.703962,156.380282,10.000000,10.000000
113.498701,156.213148,10.000000,10.000000
114.654934,156.093026,10.000000,10.000000
114.027028,155.868156,10.000000,10.000000
114.306787,155.584070,10.000000,10.000000
114.888143,155.631473,10.000000,10.000000
114.973344,155.716807,10.000000,10.000000
114.937326,155.748278,10.000000,10.000000
115.273658,155.690877,10.000000,10.000000
115.775067,155.638374,10.000000,10.000000
116.059648,155.672892,10.000000,10.000000
116.312398,155.759041,10.000000,10.000000
117.209215,156.047670,10.000000,10.000000
117.222912,156.877682,10.000000,10.000000
117.854431,156.676926,10.000000,10.000000
118.018698,156.546087,10.000000,10.000000
118.352192,156.423665,10.000000,10.000000
118.986447,157.074389,10.000000,10.000000
118.732283,157.019278,10.000000,10.000000
119.251966,156.956627,10.000000,10.000000
120.134889,156.920860,10.000000,10.000000
120.401237,156.960110,10.000000,10.000000
120.870831,157.062806,10.000000,10.000000
120.358536,157.239445,10.000000,10.000000
120.195224,157.250833,10.000000,10.000000
120.018488,157.572252,10.000000,10.000000
119.001373,157.257902,10.000000,10.000000
119.088430,158.071136,10.000000,10.000000
119.061449,157.621562,10.000000,10.000000
118.513529,157.350106,10.000000,10.000000
118.219568,157.959434,10.000000,10.000000
118.285169,157.565816,10.000000,10.000000
118.452353,157.423457,10.000000,10.000000
118.287812,158.329888,10.000000,10.000000
118.003406,158.129721,10.000000,10.000000
117.629945,158.044380,10.000000,10.000000
117.464801,157.809073,10.000000,10.000000
118.170456,157.587485,10.000000,10.000000
116.969708,157.431695,10.000000,10.000000
116.728550,158.428833,10.000000,10.000000
116.869616,158.156420,10.000000,10.000000
116.631399,158.051228,10.000000,10.000000
116.190570,158.186481,10.000000,10.000000
116.723320,158.098474,10.000000,10.000000
115.535653,158.244489,10.000000,10.000000
115.189350,158.288110,10.000000,10.000000
115.613750,158.145963,10.000000,10.000000
114.605328,157.772444,10.000000,10.000000
114.536493,157.614667,10.000000,10.000000
114.368729,157.487130,10.000000,10.000000
114.907327,158.019676,10.000000,10.000000
114.412476,157.493746,10.000000,10.000000
114.409693,157.832581,10.000000,10.000000
114.119124,157.120609,10.000000,10.000000
113.815560,157.099829,10.000000,10.000000
112.238105,156.936260,10.000000,10.000000
112.009587,156.811480,10.000000,10.000000
110.270217,156.574349,10.000000,10.000000
109.199984,156.343518,10.000000,10.000000
107.210283,157.173766,10.000000,10.000000
105.684959,156.947024,10.000000,10.000000
103.375676,156.678169,10.000000,10.000000
101.863483,156.313978,10.000000,10.000000
98.774569,156.814533,10.000000,10.000000
95.849955,156.431540,10.000000,10.000000
93.505956,156.913850,10.000000,10.000000
90.896858,156.583519,10.000000,10.000000
89.453953,156.064404,10.000000,10.000000
87.465937,156.742177,10.000000,10.000000
85.871680,156.234499,10.000000,10.000000
83.287349,156.766345,10.000000,10.000000
81.672288,156.422471,10.000000,10.000000
78.848799,156.690584,10.000000,10.000000
77.620729,156.053633,10.000000,10.000000
75.410524,156.729880,10.000000,10.000000
74.437109,156.174260,10.000000,10.000000
72.682542,157.029803,10.000000,10.000000
70.502198,156.645335,10.000000,10.000000
68.316381,156.311840,10.000000,10.000000
67.855092,157.254216,10.000000,10.000000
65.854501,157.082880,10.000000,10.000000
64.318246,156.782751,10.000000,10.000000
62.821780,156.643016,10.000000,10.000000
60.448456,156.826509,10.000000,10.000000
59.176865,157.247500,10.000000,10.000000
56.944668,157.931236,10.000000,10.000000
55.250591,157.639368,10.000000,10.000000
53.028801,157.310189,10.000000,10.000000
50.735459,157.929767,10.000000,10.000000
48.199084,157.297702,10.000000,10.000000
46.762032,158.139711,10.000000,10.000000
43.757147,157.831033,10.000000,10.000000
41.855776,157.520942,10.000000,10.000000
40.323286,157.363050,10.000000,10.000000
39.825181,158.367068,10.000000,10.000000
38.462418,158.156299,10.000000,10.000000
37.306598,157.931039,10.000000,10.000000
35.790216,157.726500,10.000000,10.000000
33.708976,157.575701,10.000000,10.000000
31.719835,157.539775,10.000000,10.000000
30.759792,157.492943,10.000000,10.000000
30.469486,158.581584,10.000000,10.000000
30.966324,157.635252,10.000000,10.000000
29.903564,157.472881,10.000000,10.000000
29.662677,158.591924,10.000000,10.000000
29.267067,157.681091,10.000000,10.000000
29.826806,157.764204,10.000000,10.000000
29.487824,158.264195,10.000000,10.000000
30.041978,158.763618,10.000000,10.000000
29.925200,158.391982,10.000000,10.000000
29.562818,159.138398,10.000000,10.000000
29.103912,158.780598,10.000000,10.000000
29.439748,158.379920,10.000000,10.000000
29.542713,159.044635,10.000000,10.000000
28.966678,158.729408,10.000000,10.000000
29.919374,158.485443,10.000000,10.000000
30.722342,159.636563,10.000000,10.000000
32.321852,158.731302,10.000000,10.000000
33.770070,158.777381,10.000000,10.000000
34.668878,158.974620,10.000000,10.000000
34.666872,159.230005,10.000000,10.000000
35.738296,159.392203,10.000000,10.000000
36.352657,159.228440,10.000000,10.000000
37.627277,159.398516,10.000000,10.000000
37.161291,159.437198,10.000000,10.000000
38.422870,159.792077,10.000000,10.000000
38.860259,159.089411,10.000000,10.000000
38.815681,159.467634,10.000000,10.000000
39.205294,159.685971,10.000000,10.000000
40.485284,159.200836,10.000000,10.000000
41.090838,159.397509,10.000000,10.000000
