138.000000,99.000000,60.000000,140.000000
137.241005,97.982620,61.901688,140.718018
136.866816,98.510719,58.907146,142.382614
135.476486,98.369972,57.721954,143.282730
135.893961,97.174202,56.241619,146.954544
134.857021,96.167511,56.542336,148.584198
134.650097,98.115990,55.692574,146.093094
134.533051,98.234596,55.344971,145.312363
135.439045,100.203445,53.180290,145.935974
134.778828,99.542618,52.991966,144.364777
137.803322,101.639481,51.045822,143.419830
137.609621,99.703400,51.712856,144.464691
138.490719,99.953026,51.428200,144.207840
138.864038,98.534790,50.689526,145.863373
139.198351,99.527626,53.041439,145.559982
140.719023,99.556877,57.549747,146.276718
142.515303,97.345039,50.273014,147.626480
142.682655,98.351212,51.147690,146.903961
143.010729,98.967865,50.108486,145.649109
143.608179,98.517357,56.000439,143.470505
144.005236,99.856026,53.978085,138.652512
145.015015,100.344978,55.265350,136.610916
146.104914,100.109200,53.324718,135.579636
149.311813,100.910820,50.699951,134.325729
150.407827,98.277367,50.998890,135.823776
153.692650,98.347878,47.603500,135.328354
157.718655,96.649765,46.952309,137.162720
159.759378,97.335648,51.284466,137.568420
159.702631,96.762344,60.232555,138.254364
162.503239,94.389534,63.399773,140.641403
163.963348,93.729782,57.853088,141.259674
164.796110,95.220993,58.233829,139.846466
166.294397,94.473129,59.257366,141.002686
167.024895,94.220230,62.260666,140.936829
167.403103,93.151474,65.442818,142.996796
167.514164,92.067451,65.342827,143.266068
167.416206,90.093697,67.603592,144.867813
169.277523,88.564034,66.811714,145.236191
171.257492,86.140343,66.448944,148.972214
180.612942,85.106651,56.568275,148.233353
185.724342,82.955414,51.927902,146.669830
192.903858,81.030350,45.805626,147.170929
200.329859,79.926102,43.418591,145.277435
205.224197,77.841179,40.659363,143.561966
207.477770,77.482582,44.127560,142.252853
209.973461,76.815254,51.949928,141.215988
210.051399,76.427597,60.722977,141.011932
210.464844,77.615440,67.816864,139.816391
209.971382,76.927177,77.293289,140.880783
207.752007,77.813942,83.051895,140.323471
211.722481,77.270042,81.793594,138.082169
209.625908,80.143593,85.426865,134.062515
216.050426,76.896843,79.571999,134.824142
224.055717,80.019531,72.771927,130.708130
232.677940,71.362450,63.773575,135.753128
241.495632,71.636269,54.407936,134.211624
244.732113,69.844749,52.003578,136.452438
258.118835,69.152740,40.866486,135.883148
262.418432,69.177673,38.844044,136.086578
265.722931,67.988564,38.757294,136.846115
267.354647,68.191109,43.559628,138.234421
267.645802,67.602234,47.794304,136.854767
268.449375,66.692223,53.097038,137.050461
268.109768,67.181374,52.511757,138.031662
268.298725,66.242233,63.670280,136.152710
268.474075,65.955139,60.430847,138.103394
268.165995,65.779617,63.184307,138.911957
271.069195,64.940826,65.500343,140.082672
273.485741,64.270782,62.823929,137.003296
276.396378,62.386475,62.843506,136.944275
282.057314,61.722763,55.253567,131.890961
282.130608,67.412102,55.113327,119.682205
290.620195,58.966694,47.787411,125.652031
294.290466,58.116566,43.890594,124.430016
292.681080,60.039635,47.068260,122.962540
288.468567,61.004482,54.731506,118.652382
293.502174,60.440769,46.199966,121.440056
288.097359,66.108730,54.473679,112.547127
292.656586,60.947605,49.297760,120.410912
290.805969,62.042816,52.898621,118.079041
288.950953,62.328526,54.965588,118.184227
284.768524,68.622318,64.774200,111.636253
274.373283,73.458042,104.088272,109.972679
297.902105,68.872448,60.315601,116.073128
292.390173,67.037998,62.029316,117.150230
296.250355,66.303997,64.340233,120.454079
296.939396,62.354359,65.252037,126.757805
297.082130,64.519081,87.171158,128.049606
366.970896,104.936821,60.316723,140.095108
359.251499,104.138390,66.382164,134.087997
308.999069,59.173798,69.381866,130.635315
319.328205,54.329048,70.143028,145.357162
331.949635,56.184433,56.814812,140.218109
339.964701,66.099541,50.910686,135.127090
352.575588,115.448906,60.911415,156.035751
340.637802,113.819668,66.764099,108.703285
360.652782,121.588081,52.803474,147.421799
347.796963,119.965424,71.941017,144.167999
345.933708,121.340508,74.021805,143.145370
348.685982,117.580738,73.510788,96.880913
357.167740,64.880875,69.963989,140.112671
363.814163,68.311363,64.336395,135.982254
374.122620,64.645447,62.378754,150.703491
378.258413,59.485573,55.572926,169.418106
370.201559,134.315430,45.764393,135.110870
370.125572,135.427528,41.847366,136.398788
393.938011,60.040398,55.732346,145.242752
390.607029,60.051933,56.436852,142.204727
396.218868,60.937225,51.624763,141.923492
391.904467,61.551231,62.648678,147.526779
403.432009,62.420364,55.726955,137.959076
404.089548,61.532425,59.744030,142.149109
410.005890,60.335930,57.240753,143.566055
413.180092,59.779045,57.494736,144.657852
418.978271,60.811249,56.507416,142.830933
420.026623,58.940407,63.949501,145.675674
420.962811,60.450172,69.979195,144.048508
421.999779,60.758522,76.815323,141.764694
422.819309,61.867371,82.633141,139.846741
423.332561,63.041840,85.847389,141.247101
425.347233,64.532318,83.779808,140.800751
425.352615,65.802048,83.119354,139.911987
432.752914,63.660309,76.083374,141.012817
439.456974,63.612457,68.483299,140.304779
443.827194,64.244392,64.735504,140.153397
449.721920,63.986084,59.379463,142.116669
453.558722,62.790497,56.004932,144.126190
456.759178,62.542442,52.420975,144.657669
463.914671,64.077492,46.063694,145.315842
467.166372,64.475044,42.293629,145.969101
468.079847,66.189590,41.433384,146.801666
469.008787,66.303497,40.264164,147.696594
468.827703,67.132103,40.230518,150.299759
470.809719,68.988121,38.388222,147.663712
470.201538,69.466515,39.387146,148.206406
470.783407,70.112312,38.541615,147.271103
469.864204,71.458023,39.412888,145.860809
468.984959,73.219215,39.631462,144.268661
469.278934,73.523026,40.028435,143.611053
468.224777,74.601494,40.589752,142.944473
468.211040,74.626244,39.295723,142.548111
466.397181,75.523102,39.804424,142.085693
464.950598,75.903641,41.488819,141.525970
463.533117,76.380791,44.121632,141.336105
454.915606,76.304794,51.592373,142.333191
449.014795,75.577614,58.812267,141.682053
443.509941,76.669411,64.225662,141.894638
444.595201,76.404137,61.744442,140.692795
443.667746,77.705177,62.591572,141.311264
443.718046,77.160187,61.624516,140.516785
443.518766,78.132706,61.356327,140.062958
442.297092,77.377190,61.105034,140.321060
441.994081,78.746590,60.142361,139.143936
440.755213,77.301735,57.785686,141.301498
439.208950,75.575058,55.295204,142.288818
441.866129,75.595581,51.431377,144.495392
439.570869,74.815155,50.815689,147.404022
441.355171,75.354950,48.250900,148.490143
438.758528,77.333122,48.273014,148.909775
440.996904,78.010887,45.240017,150.345596
439.220337,79.447502,46.258789,150.379318
444.202332,79.549324,41.985596,149.897232
439.930897,82.503273,46.629326,147.876328
444.173635,81.599831,41.041676,148.402939
439.492844,82.812279,47.672974,147.402481
444.477962,82.037231,42.705879,147.825653
441.257282,83.072388,45.780388,145.905487
444.729628,82.459694,42.370426,146.139816
442.980856,83.715408,44.754810,145.376556
445.395319,82.972046,42.014019,146.584137
446.323759,83.610184,41.835728,145.676819
447.303394,82.763939,39.614555,146.302872
447.852863,83.579231,39.863152,146.422043
447.960733,82.885132,41.644085,147.550354
448.119057,82.492477,43.386185,146.919037
448.144268,82.302345,45.286903,147.522141
448.999409,82.574226,46.229271,147.035324
447.877081,82.401733,47.904804,147.523041
448.601053,81.827003,46.881298,148.467484
447.997503,82.065224,47.828297,148.201218
449.330074,81.516281,46.777840,148.895325
448.986511,81.955002,47.642426,148.105042
449.439955,81.171669,47.414310,148.881851
449.125029,81.152054,47.626225,149.214020
448.322676,80.349884,48.263309,149.825134
449.012903,80.056732,48.044231,150.067780
448.822086,80.626930,48.569511,149.966110
449.364311,79.855751,48.205185,150.834427
449.693508,80.540817,48.313271,150.204956
450.005476,80.829590,48.063084,150.096039
450.178553,80.661285,48.397564,149.872559
449.764040,80.415504,49.542568,150.290726
449.768778,79.634293,49.635967,150.314545
449.418270,79.706230,50.258461,150.470993
450.579021,80.063896,49.148659,150.864548
452.532806,80.175507,47.003754,150.785858
453.835777,80.709572,45.029099,150.008835
455.788094,80.936707,43.137100,149.846313
455.740122,81.307304,43.041424,148.618240
456.232521,81.351868,41.934128,148.402710
455.169769,81.326538,42.476440,148.595154
454.840601,82.319588,42.610699,147.431015
454.959188,82.901543,41.802479,147.110672
454.174227,83.814606,41.914089,146.496246
454.930239,83.891853,41.244656,146.353439
453.613775,82.981491,42.153767,146.702942
454.042336,83.574539,41.668259,146.544128
453.517534,83.964561,41.396938,146.862381
452.382217,84.612503,40.693939,146.465942
451.661360,85.027725,39.392582,146.243835
450.090164,85.336800,40.025085,144.890335
447.302347,85.247116,42.002819,145.342712
444.998760,85.951385,44.717720,145.112030
442.025661,86.351875,47.621132,144.526840
430.089821,84.105446,60.056686,146.843216
424.888195,84.523544,64.921577,147.009644
419.541077,85.618385,69.092834,144.883438
416.054531,84.275902,72.068947,146.044724
414.878078,86.763435,72.593910,143.339462
417.286770,86.664963,70.364357,144.027588
416.684715,85.408554,69.692093,144.198212
415.850029,85.265663,67.302872,143.941330
413.418861,85.883156,64.466507,144.085190
412.450323,85.305908,59.449146,144.757721
411.514318,83.881920,54.036457,146.742844
410.447853,81.274765,47.757492,151.303284
410.318766,83.358345,42.115398,150.077469
408.391388,84.426384,40.696716,149.346024
404.538862,85.710350,43.626682,149.278030
398.375284,85.054123,48.525280,148.778931
396.900221,86.162666,48.287968,149.201065
396.204716,86.063812,47.141350,149.879608
394.945311,87.087410,46.411259,148.517868
394.064734,88.194321,46.703419,146.626068
394.032299,87.863968,45.769142,146.869019
393.309847,88.788956,44.501888,146.079529
393.010994,88.593903,42.804855,145.767914
393.751972,86.701553,41.180687,146.438324
392.244123,87.693909,41.009281,146.742615
392.902737,87.099556,41.539223,145.832657
390.796055,89.658936,42.303246,144.399078
391.084875,91.374634,44.207081,142.305786
389.405861,93.040031,44.925339,141.267105
389.005608,96.895599,45.662369,139.529877
386.543987,98.629776,48.417366,138.955811
387.146692,100.077919,48.285198,137.284317
388.359602,101.710533,47.118046,136.165298
388.675434,102.623390,47.016563,135.973373
388.812767,99.856506,47.002792,137.729309
390.531019,98.948196,45.971684,138.680176
389.535769,96.214264,46.582699,141.162537
393.105358,94.985222,44.393440,143.056442
393.147966,93.846230,42.758022,142.540237
393.763586,93.604385,44.238026,144.557892
393.103134,93.995247,43.346832,142.913956
392.742785,94.291603,43.877834,143.307022
391.536779,95.452744,42.983112,142.376465
390.442667,95.913513,44.938122,141.073242
392.041317,95.678864,44.591103,141.044067
390.732283,95.241272,45.536961,142.546173
390.277452,93.346756,45.303036,143.835907
394.229624,90.753258,42.989635,145.342422
394.994015,88.556595,42.673744,146.657318
393.984314,86.646454,43.991730,146.299561
394.081429,83.352013,45.933212,147.104172
394.214436,80.491676,46.481956,143.213028
392.979900,79.356682,50.315498,139.103867
393.950497,78.204391,51.711189,138.819794
396.583977,77.143982,53.573868,139.045380
398.901815,77.025749,53.255787,138.161667
398.998075,76.951820,53.097599,139.209641
398.678602,76.109772,53.852299,141.785797
397.783550,78.278709,55.097786,142.123276
398.971708,78.308334,55.753666,137.530090
401.066517,79.549500,57.556847,130.911652
403.625746,80.288319,60.425144,126.419426
404.525700,84.315498,66.366783,120.908279
403.552891,84.367733,70.229332,118.688759
407.217253,83.690884,49.414738,119.145790
402.545557,78.161137,61.674206,126.474205
406.076637,78.241341,60.242050,125.782639
406.290768,78.397247,58.620735,124.155701
405.796606,77.506580,56.421070,126.800438
406.346119,77.438663,51.283348,126.862114
408.390930,79.435154,48.272186,124.841423
408.848497,80.557915,47.691097,123.611588
407.345495,82.788250,51.215717,120.788521
407.986948,83.670074,54.649029,116.100952
408.145712,84.711048,58.922199,114.165703
410.029224,84.516197,65.477104,114.081192
409.845673,83.206680,75.282532,115.220001
409.840408,84.217747,82.987518,114.361565
411.559547,80.500652,88.223129,118.380257
411.659248,77.746738,94.255386,120.501122
411.404156,75.227428,94.327217,123.265968
413.508789,74.117374,94.660736,123.227898
422.728127,73.569466,87.844711,125.419968
429.100082,73.276463,82.807281,125.229088
439.900806,75.016933,71.892784,124.414833
455.331606,76.160042,55.590725,123.841385
