326.000000,238.000000,19.000000,19.000000
327.045452,235.139467,19.156937,19.562229
328.226752,230.997088,19.439432,19.649477
331.478120,226.374018,18.722235,18.574741
332.320475,221.011279,19.079929,19.385592
333.722010,217.972394,18.460094,17.895315
334.627038,215.666812,19.146643,19.499186
336.426770,212.621268,18.416327,19.064005
337.736323,207.155216,18.851618,18.690800
338.353678,203.191173,19.034122,19.408224
339.742648,204.648900,17.694239,18.092577
330.754183,202.652033,17.735138,18.297874
321.393891,200.909267,18.723421,18.547825
314.048807,197.787088,18.120735,18.225296
303.736658,196.278577,18.434612,18.542658
296.206939,195.069355,17.697912,18.399578
288.471001,193.749817,17.016479,17.712246
279.840430,191.841998,17.973421,18.297911
270.994658,191.037455,18.424221,18.272903
263.188260,187.704639,17.793867,17.833286
255.259995,185.149172,17.345131,18.501022
247.682828,185.868359,17.122725,17.072590
241.339537,183.972295,16.552307,17.188692
233.862858,180.134487,16.847500,17.271873
224.946137,179.148638,17.669046,18.440632
218.334952,177.620461,17.438173,17.910620
209.841689,178.997786,17.346926,17.529919
202.878930,176.376292,17.315268,17.338755
196.905533,173.462723,16.864944,17.766441
191.405724,171.260264,16.265606,17.184374
183.201345,172.230614,17.087139,17.412941
176.206929,169.460515,18.058207,17.654409
174.369707,164.883609,18.005463,17.652006
194.676378,162.989992,17.773399,17.298355
216.702965,163.889834,17.664318,17.159567
238.893656,163.821775,17.587662,17.795288
261.126578,163.493324,18.089239,18.324291
283.814907,167.785911,18.465099,18.127195
307.426811,171.833241,18.600491,18.097361
330.351512,176.995885,20.174322,18.619715
357.528699,184.311464,17.910891,17.373764
378.699257,192.808087,19.079205,20.452440
400.752625,203.395801,19.226429,19.472815
422.968367,207.033938,21.464828,20.095411
441.355411,205.915130,21.030844,20.937590
461.255582,210.263314,20.998652,20.365656
454.576922,206.344025,20.993353,21.437481
444.654659,202.598142,19.425694,20.050211
433.739380,201.521439,20.018044,19.329502
421.981043,198.595794,19.411926,19.005125
411.714028,200.213871,19.765322,19.464436
399.305581,201.905996,18.977736,18.277557
388.415035,201.442573,19.295696,18.227743
379.583236,206.129539,17.531984,17.954288
364.326111,211.226411,19.934582,19.736292
353.078497,220.292333,19.446529,20.030382
341.828709,229.356925,19.598679,18.809042
328.792147,237.663741,20.495796,19.663977
318.040646,247.358773,20.047428,21.152979
306.293256,255.017354,21.701982,16.982646
302.293441,251.982043,19.396475,18.732956
294.880836,250.500815,20.146488,19.498962
289.519604,249.116587,20.760128,20.515388
282.668375,248.763791,20.126465,19.953022
276.808245,250.965559,20.349686,19.745279
271.102849,254.403224,20.468332,17.385788
264.975531,257.384109,20.757378,14.507093
257.535119,261.649921,19.797277,10.350079
255.192331,262.000000,14.151837,10.000000
253.930660,262.000000,14.219006,10.000000
253.451448,259.045970,28.006813,12.954030
244.448935,245.924179,42.127480,26.075821
201.633053,238.621717,44.497051,33.378283
189.712956,258.789097,26.582659,13.210903
188.519727,260.511509,21.538500,11.486401
189.904374,262.000000,18.391870,10.000000
189.481638,260.975165,17.836510,10.927939
187.662760,262.000000,13.334014,10.000000
188.559770,262.000000,19.489035,10.000000
185.816212,262.000000,19.683086,10.000000
186.324044,262.000000,20.052202,10.000000
182.596267,257.194786,23.628710,14.805214
182.195913,258.099969,23.444241,13.552343
185.098824,254.810228,27.714745,17.045307
181.635038,253.983423,16.883282,16.647121
183.905815,252.389134,15.478639,17.949247
186.099263,246.718191,24.156584,23.280937
205.108424,227.342301,21.469988,19.221292
214.254507,225.304781,16.872181,17.899048
217.296544,224.888741,18.015203,18.373949
220.656488,224.069263,19.335491,19.532269
224.485659,216.026976,17.460255,19.063099
224.043879,208.155196,18.727802,18.908915
224.432783,201.779721,19.180187,19.174509
227.754123,198.727400,18.671518,19.422775
226.822504,194.728476,18.785275,18.637039
228.086275,191.279462,18.219158,18.428431
228.296160,191.279883,18.802692,18.921888
229.193847,190.297873,18.492472,19.705414
229.724384,191.999070,18.375893,18.542284
230.501143,186.845013,18.482515,19.295696
229.536976,179.191316,18.305443,19.191240
231.397337,172.763501,17.555027,18.193117
231.718720,166.891731,17.798628,18.732185
231.249793,164.487313,17.598177,18.039389
232.053470,161.334749,17.357409,17.360912
232.032892,159.408675,17.678944,18.565462
232.381547,158.436670,18.094084,18.778294
232.804729,152.531357,17.768221,18.035694
237.169300,154.254910,17.764374,18.913555
244.878173,161.010296,17.877192,18.755314
251.358834,164.699234,17.939962,18.796276
258.587574,164.543789,18.039391,18.327908
263.721498,166.108200,18.202665,18.869419
269.523909,170.185175,18.214466,18.349731
273.850748,175.525300,18.831448,18.854319
280.862982,180.321027,19.129902,18.783236
286.528292,182.179658,18.522579,18.012453
290.370456,182.716682,19.272181,19.472858
296.534181,184.707216,18.662802,19.476799
301.056918,186.731649,19.570360,19.767326
307.321698,190.842996,18.891409,19.105211
312.755031,191.587299,19.135813,19.609570
317.573060,192.336354,19.064863,18.648394
323.057818,192.595212,19.612848,19.610308
329.480953,192.151638,19.465942,19.392826
334.175478,186.235609,19.939625,20.185028
338.330803,182.587477,20.237045,20.135490
344.117281,175.355722,20.345966,20.607826
350.498241,171.790505,19.959343,20.352571
356.400239,174.450675,20.150312,21.011450
360.890251,179.043941,20.512199,19.890888
365.549865,182.222691,20.410273,20.366886
371.721943,185.229756,19.722420,19.543756
376.947907,184.558610,20.294653,20.764414
381.960326,188.097727,20.931139,21.297012
388.592633,190.167024,21.356985,21.552988
393.463370,193.470876,21.578997,20.942026
399.743254,198.575509,20.939533,20.994829
405.093127,197.645525,20.580606,21.443420
409.461744,196.054860,20.535099,20.100084
406.527438,184.478806,20.581148,20.048115
403.716770,174.961119,20.473801,18.679886
400.828215,164.861152,20.281223,20.771791
397.008163,157.026442,21.067039,20.222683
392.972993,150.230239,20.258268,19.608713
390.803832,145.244594,20.288637,19.605639
388.157476,142.526643,18.526760,19.135969
386.658955,142.230267,18.614799,18.714256
383.759588,142.186379,19.631191,18.878042
380.072659,143.930571,18.628914,17.351902
378.276028,145.587173,18.781647,20.077173
374.396570,149.840610,19.322010,19.487452
376.190972,145.969325,18.929396,19.812059
377.335148,141.443161,18.801826,19.351181
379.976813,137.481786,18.384371,18.731283
380.577356,134.702656,18.308620,18.497993
382.358287,132.215694,18.084093,18.756828
383.880441,131.932025,18.220106,18.373049
384.030124,132.548467,18.598490,18.568968
383.972341,133.280828,19.148626,18.825911
384.852458,134.765597,18.843058,19.253923
385.578183,140.503484,19.039213,19.713324
386.469922,146.739185,19.296423,19.526237
387.222627,140.238779,19.500402,19.715565
392.047409,136.422263,17.951508,19.179087
392.816205,133.055014,17.229940,17.955151
394.926830,130.389680,17.253883,17.929861
397.168589,129.637227,17.148540,17.768850
396.027945,129.541610,18.234371,18.060770
396.550462,130.703609,19.506041,19.075190
398.137671,132.909928,19.165956,19.227606
398.934909,131.627630,19.152063,19.099636
390.061520,131.882314,19.119484,18.686857
379.611281,134.793396,18.481310,18.539413
365.924218,135.737699,19.129103,18.770819
352.472879,136.723355,18.817337,18.573553
338.970288,136.479086,18.811731,19.041126
328.709433,137.469675,18.850800,18.403759
317.621348,137.222925,18.819105,18.959476
306.701630,138.400377,18.953423,18.673023
297.966443,137.042862,17.974016,18.562675
288.698890,137.403354,17.703001,18.397844
279.950009,138.082976,18.080587,18.774912
270.739024,139.006311,18.208170,18.526562
261.885501,138.172885,17.949129,18.603754
253.422815,138.446770,18.282677,18.999336
244.526227,139.393386,18.244440,18.514627
236.038391,139.795813,18.042713,18.408474
227.551527,139.607521,18.002136,18.563622
219.279013,139.944358,18.163425,17.759653
211.989997,139.652494,17.656778,16.828526
206.965351,146.719408,17.255058,17.412251
194.472584,135.850932,32.935413,24.682638
187.268625,135.912989,45.643425,38.633446
180.484961,128.303844,52.622147,41.955494
169.547138,139.398716,16.188938,17.101810
163.729074,139.349967,18.535059,18.095747
172.279878,140.269469,16.756891,18.126074
193.507976,143.121358,13.181432,15.598931
171.963337,137.925955,42.203194,27.844761
200.426113,106.175330,28.153542,30.269777
207.762308,112.782043,34.845791,32.692459
240.302535,167.648578,18.326998,19.566172
251.220740,175.554601,18.942430,18.527822
259.711392,176.751807,20.165403,20.024210
269.384517,179.216609,19.832605,19.622156
278.224084,180.996837,19.937407,20.504847
286.079708,185.882615,20.740646,20.647680
295.903103,191.826906,20.905258,20.618649
306.776045,198.938022,20.817997,20.274721
312.771461,200.315972,19.790644,20.517370
319.261138,201.816827,20.976328,21.490225
324.589401,204.805776,20.860222,20.552160
331.279213,208.589916,19.667831,20.417625
336.652383,212.854562,20.302954,20.983549
342.165458,213.898290,21.110857,21.275938
348.652260,216.490000,21.045639,21.405521
354.170269,221.511150,20.699768,21.665680
360.701182,224.015547,21.095522,21.899525
365.928259,227.395891,21.757908,21.803242
372.907037,231.802837,21.341070,21.722382
379.856038,235.665422,23.570898,23.155537
380.870978,238.165022,21.506838,22.621387
382.047599,237.541723,21.487101,22.240688
381.722054,236.333385,21.285736,22.208977
381.234492,237.002834,20.577173,21.273849
381.108487,234.309601,19.772032,22.515396
382.951941,233.008143,19.447565,22.313097
381.074034,233.273570,22.229153,22.914270
381.258678,234.015468,22.476746,23.106371
383.268980,232.468801,21.991283,22.873518
382.659724,232.096968,22.497049,22.736881
383.112695,232.032812,22.021917,23.089321
381.441560,232.222089,21.514639,22.603979
380.922516,230.703603,19.796387,22.054838
381.387061,229.716936,18.486269,21.890545
381.716221,230.970925,20.887886,21.757093
382.395002,230.516893,22.468533,22.930943
381.842370,231.414380,22.047705,22.287771
380.825492,229.498548,21.469469,22.325697
380.667545,229.191836,21.414330,21.902376
381.880328,231.132966,20.315577,19.369963
380.481571,231.107543,21.415909,19.596025
380.545541,229.604682,21.174330,20.196383
384.821506,229.971273,16.730425,18.757496
385.351285,229.873929,16.065840,19.450697
378.306483,226.542776,18.719721,18.103413
364.893073,223.046537,17.940737,19.674397
354.204338,217.898829,21.875061,21.488735
343.211996,213.428668,21.667515,21.285875
333.698442,208.724386,20.757612,20.864902
326.928839,205.252663,21.498409,22.096413
318.341509,205.265537,20.909542,21.126541
312.807152,203.985344,20.345520,20.625900
306.463201,200.472259,20.918447,20.771341
300.055198,198.357368,20.687647,20.310656
294.274323,194.718343,19.647589,20.126005
288.128965,190.134882,20.450481,20.145367
282.223323,188.798153,19.957964,19.977814
276.943210,187.141073,20.142000,20.357792
269.858216,185.363970,19.372000,19.825321
263.727611,181.972688,20.402292,20.400923
257.339442,179.530583,19.995966,19.701200
251.724000,177.601036,19.589025,19.750778
245.515811,174.916499,19.361818,19.498476
240.829512,171.078630,19.126408,19.089367
235.590150,169.240559,20.033239,19.646721
229.515276,166.720675,19.363560,19.779436
226.147011,163.769042,18.668541,19.007776
224.043428,160.990251,19.290066,19.845686
233.771516,154.912945,20.171415,19.810997
244.519613,152.580040,18.831593,18.974838
252.506852,150.480767,19.303717,19.077978
261.575213,146.989836,18.812868,19.093098
268.203367,142.362526,18.163830,19.123657
272.326503,139.667450,19.012262,19.490852
279.113425,137.000376,18.838686,19.176250
284.316220,127.156262,19.380850,19.392809
289.054295,116.746507,19.359634,18.777990
294.296877,107.963383,18.281055,18.118237
305.116087,96.195810,18.748623,18.609417
311.172834,95.692433,18.028591,18.056593
316.249113,93.778874,17.459759,18.319891
320.675676,92.241716,18.335354,18.438099
325.566644,91.472582,18.663473,18.349323
330.854259,89.785937,18.643930,18.615358
334.702889,87.375989,18.668707,18.421461
339.143221,85.801835,18.204189,18.403624
343.987267,85.480066,18.132385,17.516621
347.751283,84.290376,18.381849,17.694944
353.349339,81.238971,17.779015,17.881128
358.056697,79.599399,17.452799,17.634409
360.731163,77.741964,18.014473,18.677959
364.050420,77.020682,18.146078,18.443590
363.209654,79.800276,18.043926,18.301296
366.186803,83.412787,17.238913,17.729502
365.417462,87.002875,18.725004,19.130602
367.112413,91.413713,18.305149,19.103939
368.014300,98.395954,18.437700,18.836052
371.455024,105.530492,16.075663,18.768179
370.201968,105.830132,24.052660,23.001068
375.268330,127.574421,25.043022,33.238197
384.634052,131.862448,25.705269,28.413700
378.992364,120.100109,22.679380,27.700958
383.951731,122.729456,21.400906,25.090130
387.558371,124.402948,20.713840,20.608150
393.704872,128.407399,19.479477,18.737806
400.080896,134.261621,16.863262,17.938740
401.362125,133.692621,19.163849,20.433475
404.967089,135.700048,19.503925,19.784863
410.171883,140.385456,19.607513,19.843307
413.796442,144.906572,20.081310,20.611897
417.146490,147.428754,20.050152,20.548712
421.761580,149.257654,20.488857,20.436169
427.526324,156.047950,19.495943,20.050112
431.079357,161.102030,20.866318,20.792561
434.556652,167.294374,20.551529,20.773016
439.959392,170.213846,20.684641,19.854885
445.536670,174.895453,20.373697,20.648867
445.777293,180.931219,20.609819,21.463139
439.468551,190.096760,21.431627,22.009918
434.124927,196.830071,20.811785,20.543386
431.467775,202.537630,21.186047,21.174496
428.546854,208.431536,20.859882,22.586712
