348.000000,145.000000,10.000000,10.000000
348.085644,145.042542,10.019351,10.000000
347.579159,144.525054,10.113818,10.000000
348.319264,145.250820,10.054305,10.000000
347.980435,144.809527,10.000000,10.000000
347.946011,144.958074,10.274992,10.000000
347.674485,146.253969,10.046406,10.000000
348.205800,145.554878,10.267831,10.000000
348.143786,145.318066,10.234177,10.000000
348.678104,145.339997,10.255439,10.000000
350.658788,145.181233,10.240024,10.000000
351.361277,145.869904,10.162500,10.000000
352.886336,146.882911,10.000000,10.000000
352.332381,146.628659,10.096897,10.000000
353.532917,146.199260,10.290941,10.000000
353.664024,145.723309,10.355108,10.000000
353.771892,145.625741,10.411633,10.000000
355.604549,145.845422,10.071361,10.000000
355.080632,145.804937,10.201985,10.000000
354.739250,145.633184,10.071157,10.000000
356.124177,146.102775,10.138463,10.000000
355.313935,144.703747,10.260743,10.000000
355.861237,144.455301,10.263009,10.000000
357.203948,143.835155,10.257890,10.000000
356.874158,144.232390,10.189231,10.000000
358.240459,143.667763,10.279135,10.000000
358.510387,144.158026,10.345079,10.000000
358.994969,143.012719,10.293907,10.000000
358.750849,142.508770,10.019060,10.000000
359.326232,142.194227,10.368144,10.000000
359.799939,141.792372,10.383072,10.000000
361.274393,143.473104,10.296855,10.000000
361.843191,145.187002,10.339457,10.000000
363.167430,147.620179,10.000000,10.000000
363.608192,147.526960,10.395811,10.000000
363.211598,145.667093,10.096925,10.000000
362.630312,144.368124,10.183892,10.000000
363.845664,145.812987,10.264699,10.000000
365.917727,151.010821,10.834419,10.195068
368.858110,156.877009,10.638053,10.008800
371.921959,161.088288,10.000000,10.000000
371.485305,161.321066,10.041789,10.000000
369.689428,158.319170,10.255616,10.000000
369.040843,153.621089,10.388357,10.000000
367.720338,151.418001,10.265658,10.000000
369.307539,152.439510,10.206438,10.045772
370.650192,156.553986,10.418055,10.000000
373.412613,160.237721,10.021858,10.000000
374.548554,161.602592,10.000000,10.000000
372.998876,160.154567,10.116791,10.000000
370.350198,155.490891,10.240397,10.000000
370.107882,152.191154,10.372927,10.000000
370.730161,154.003510,10.873538,10.000000
373.109415,159.686941,10.471168,10.000000
375.817101,164.636856,10.281128,10.000000
377.254068,165.682199,10.000000,10.000000
375.070705,162.957371,11.322917,10.000000
375.389694,161.051363,10.000000,10.000000
375.595204,160.105815,11.317781,10.391053
376.951405,164.525212,12.271519,10.741110
379.762466,170.374244,11.916360,10.356138
382.280054,173.613112,10.000000,10.000000
376.914783,171.482264,18.174625,14.900768
359.828815,185.037233,10.000000,10.000000
358.386903,180.347497,10.648885,10.000000
357.802054,179.348588,17.573549,13.410082
360.229274,184.765494,15.906046,11.983244
363.323780,187.459332,12.527261,10.341365
363.477729,186.159582,10.368097,10.000000
360.947276,180.375248,13.897124,12.034112
361.239479,179.067939,18.615913,16.022738
365.325421,188.154350,17.554998,14.426889
368.466561,190.615966,15.528677,14.535380
360.125004,180.431984,23.605408,18.363911
357.674363,183.218553,28.028685,19.056894
358.347651,182.415705,31.927944,23.137558
362.917397,189.378574,24.003546,17.953054
363.954262,183.062127,17.997696,15.965632
365.324665,182.001069,16.250351,14.676525
367.516204,184.601552,16.624399,14.531178
364.786775,176.347914,16.158426,14.601852
362.921531,179.404369,22.819021,19.935263
368.365126,189.534763,17.471992,14.890203
365.287946,184.480565,15.885159,14.376204
363.873309,180.673418,16.011808,14.618319
363.319944,179.570470,17.547665,15.203630
368.074420,186.309017,16.573206,14.251714
372.061351,193.497648,15.465447,13.475892
371.302026,197.019974,15.504473,13.822568
369.287920,196.087564,15.742087,14.151649
368.150212,191.716761,16.628206,14.935079
371.396320,195.359079,16.798649,14.012945
372.569323,200.480335,18.144165,14.979760
375.439531,205.541756,14.782433,13.479248
373.977168,205.128655,16.683073,14.132671
370.889284,201.726243,16.051399,13.993267
368.318293,197.703502,15.461842,13.810927
369.407044,198.824535,15.498782,13.931692
371.749376,204.284626,16.167694,12.972615
373.606210,207.809540,16.949385,13.893719
371.813249,208.586440,17.770567,14.492805
369.617529,206.309253,15.741425,14.700389
366.238782,200.890174,15.771845,14.739134
364.729044,196.320666,16.935917,14.816315
370.564195,200.963457,15.150023,13.557642
369.703639,202.507950,16.255392,14.212598
367.854563,200.436153,17.491123,14.781293
366.828713,196.221749,15.460875,14.176628
364.108035,191.786408,15.373309,13.966743
367.159266,191.255805,14.876064,13.824625
368.209764,195.458454,16.746387,13.340578
371.060989,199.265292,14.895299,13.703449
367.404808,198.868180,14.983979,13.791195
363.290728,193.710149,15.311752,14.135084
363.282651,189.648650,14.796491,14.030505
363.108773,187.801851,15.142730,14.402334
367.033548,192.717546,15.394872,13.524175
368.065913,196.874057,15.549398,13.265024
367.132644,196.206635,15.304616,13.942079
363.213699,191.090205,16.342495,14.258143
361.554684,187.401095,16.940617,14.697715
362.980212,186.199079,15.111808,13.846736
355.821659,177.119606,22.599953,17.758183
355.446387,182.460647,23.152338,17.707479
345.019289,185.038763,35.840977,22.476679
334.371793,192.626442,18.062918,15.893429
329.854129,182.891559,24.720240,20.617754
333.804083,184.346990,17.104374,15.464880
335.809732,185.155742,19.434406,16.972277
332.347993,180.349353,26.269636,19.174326
334.916557,184.898162,14.285652,13.852473
334.497402,186.217405,15.395501,14.170813
333.639097,181.493669,16.808849,15.502139
329.963722,174.209012,18.436352,16.247292
339.514188,184.282266,15.726274,14.872458
331.863459,175.681130,19.269192,16.401699
333.667069,182.267419,15.265540,13.260904
332.863156,183.831746,15.603891,14.100197
332.706920,180.394895,21.215773,17.353106
331.120577,176.586696,16.795151,15.400389
329.287964,176.222341,15.151413,13.692790
328.086293,174.841870,15.335425,13.819381
328.280637,176.443995,14.884179,14.100095
327.913116,178.763134,15.420368,14.203526
329.041837,178.398542,14.614584,14.402075
329.205807,178.156467,15.664314,14.525758
326.593338,176.550905,15.498952,14.092524
328.380660,175.067420,14.960628,14.233523
328.920221,176.326522,15.156834,14.195452
328.344443,175.917450,15.227015,13.845345
329.416520,174.862519,15.507434,14.309525
328.725222,172.771732,22.240807,16.217733
328.092393,169.492347,19.981455,16.240461
328.360977,168.123809,18.913769,15.631506
330.697227,168.780726,15.092473,14.002227
328.994686,168.223536,15.705528,14.113305
329.286140,168.453147,18.447453,15.440298
330.977847,169.201308,16.320807,14.707245
331.807917,169.773475,15.351391,14.485053
333.616760,172.239494,17.343246,14.724072
335.178005,173.448632,14.589616,13.045826
332.753107,174.229638,14.966352,13.966423
333.188792,174.300282,15.124010,14.189281
333.873623,173.155077,16.881783,14.822522
332.145936,173.140783,15.094908,13.987065
333.428218,173.430820,14.941278,13.978311
333.295688,173.166245,20.584482,15.967301
331.934160,172.634555,15.520191,14.573534
333.413092,174.071970,15.530193,14.419671
332.676064,173.273301,17.314299,15.196392
331.863678,173.617477,15.386748,14.167112
332.702648,173.179753,14.939054,14.202182
332.890138,172.631493,17.380056,14.676431
331.535733,173.376094,15.337188,13.886027
332.868829,173.293270,14.577336,14.018701
332.812359,173.271105,16.196716,14.715310
332.161504,172.707447,15.748258,14.302407
333.074048,173.757518,14.833907,14.302386
332.275022,173.567895,15.604955,14.406584
332.346470,172.739264,16.367596,14.920330
333.341976,172.836078,15.143880,14.233237
332.752999,173.653660,15.713739,14.655728
332.574614,173.624717,15.355842,14.376838
333.361062,173.186648,14.753450,14.324981
332.506770,173.106385,15.447810,14.327457
332.660119,173.419921,15.388971,14.555377
333.298720,172.837833,15.320726,14.657006
332.215153,173.256779,15.773407,14.687604
332.386006,172.907790,17.240004,14.887627
331.873454,172.801673,17.033251,14.906965
333.032404,173.355207,15.432437,14.389199
331.846488,172.749503,15.945592,14.341942
333.139440,173.745732,14.883508,14.159198
332.717860,173.152723,16.948317,14.910771
332.767551,172.501167,16.640327,15.120664
332.538752,172.863001,19.210018,15.137131
331.712907,173.210850,15.079142,14.071438
332.398249,173.053449,14.822799,14.270526
333.114758,172.962901,14.821990,14.159846
331.853434,173.327916,15.838351,14.396782
332.859579,173.273095,14.864068,14.349757
332.255980,173.256736,15.212249,14.246058
332.890712,173.068935,15.106050,14.265355
332.476712,172.961129,15.401446,14.269256
332.818539,173.149858,15.271038,14.666469
333.283329,173.588336,15.215638,14.508469
332.048859,172.813490,15.563152,14.045434
331.980361,172.313037,15.544768,14.380163
331.809674,171.546408,18.057711,15.281465
332.640399,172.452386,15.359243,13.946421
332.053838,172.504125,15.168692,14.304366
332.474046,172.737815,14.670034,14.330713
332.009069,172.584351,14.792538,14.095838
332.604150,172.276799,14.667424,14.151153
332.218774,173.014310,15.378343,14.444907
332.558307,173.430545,15.018884,14.517310
333.370595,173.466003,14.896586,14.327108
334.624121,174.880777,14.753703,14.196450
334.840765,175.226198,15.319419,14.517411
334.650640,177.540293,15.700876,14.176347
334.740180,177.871615,15.920815,14.171978
335.454800,179.791899,15.371310,14.170484
335.108076,179.815229,15.524918,14.034121
334.789655,179.775012,15.603716,14.019138
333.965423,179.459141,16.062128,14.251622
335.359737,180.399457,15.225331,13.733962
334.553878,179.707520,16.253771,14.546178
334.451907,179.695630,16.388712,14.535309
334.584918,179.931483,15.863634,14.126906
333.806381,179.796163,16.469570,14.275653
334.700922,180.022422,15.653813,14.073458
334.281730,179.845614,16.238859,14.248230
334.593651,180.261617,15.902512,14.296184
334.725471,179.577902,16.224323,14.450780
334.620237,179.644073,16.124863,14.039080
335.630919,179.604395,16.034941,14.601270
334.190345,179.642551,16.575068,13.963015
334.692544,179.449563,17.609762,14.846595
334.172542,177.649230,22.169588,16.676315
330.063143,174.477322,28.344868,20.204006
330.132182,148.759984,15.357920,14.347346
329.626412,149.464605,15.866823,14.590849
330.104537,150.222659,15.199578,14.531753
329.543604,150.741052,15.653133,14.650767
328.124449,149.433513,21.952541,16.917940
322.988577,146.862435,38.100864,21.897476
329.951048,150.855966,15.499325,14.025146
330.165493,151.318428,15.396439,14.574159
328.316427,149.940812,21.709862,17.059929
327.780954,149.533119,21.232361,16.948763
330.271271,151.419287,15.604740,13.960644
329.860209,151.255880,16.524446,15.224961
329.357842,150.339623,17.295374,15.215801
327.711371,150.128728,21.749815,16.828524
327.189544,149.578269,22.363638,16.504807
328.000326,150.273539,20.922142,15.690476
329.780286,150.145391,15.909250,14.624795
329.973011,151.235541,15.270115,14.676719
328.331217,149.386955,17.557350,15.195065
329.888231,150.330061,16.021469,15.148766
330.548648,151.501858,14.970224,14.417943
329.162314,150.574755,16.849867,15.041558
329.534929,150.876017,15.468045,14.280828
328.235145,149.149346,20.257307,16.421093
322.436920,145.414593,31.920261,20.201168
321.469631,141.579149,46.867870,26.149912
332.434475,148.384160,21.253536,17.249607
323.045780,144.478899,35.219517,21.483772
329.322908,147.508533,19.543282,17.479467
319.796471,141.699279,39.201778,23.080923
330.030975,149.695952,18.523312,19.079979
320.438505,143.656446,38.884964,23.419443
330.619468,147.620865,22.540106,18.241375
321.677328,143.651709,36.775978,22.418686
328.729112,148.419791,19.060244,16.452766
329.875849,150.730184,15.455840,14.636737
328.858226,149.162449,18.691500,15.573940
325.886905,146.758374,26.022058,19.491520
327.579762,148.135934,25.897682,17.946779
326.547770,146.129902,27.470188,19.221485
326.316008,146.975070,31.871563,19.477699
317.860998,138.257548,53.105831,29.767212
362.622261,145.362145,16.454338,18.784107
361.229092,133.412416,10.246647,10.000000
360.616369,133.493904,10.484071,10.000000
361.082497,133.443830,10.511002,10.000000
360.884212,134.098749,10.403599,10.000000
360.170128,132.866218,10.670779,10.000000
359.941021,133.685114,10.496154,10.000000
360.042055,133.614825,10.361568,10.000000
360.159125,134.035222,10.292376,10.000000
360.058594,133.604708,10.185322,10.000000
359.871122,133.987849,10.121560,10.000000
360.416453,134.521792,10.403300,10.000000
360.218284,133.516217,10.171544,10.000000
359.680487,133.548548,10.386642,10.000000
360.380005,134.144083,10.244617,10.000000
359.993928,133.943409,10.244043,10.000000
359.607472,134.794717,10.298999,10.000000
360.192557,134.072248,10.223745,10.000000
359.716096,133.612760,10.336004,10.000000
360.279091,133.741308,10.309650,10.000000
360.105261,133.607432,10.413162,10.000000
360.276091,133.548680,10.284469,10.000000
360.489036,133.684733,10.634291,10.000000
360.758430,133.498209,10.231129,10.000000
361.180879,133.734051,10.398336,10.000000
361.020939,133.709403,10.209381,10.000000
360.503609,133.840490,10.460284,10.000000
361.119422,133.890722,10.367879,10.000000
360.781973,133.859334,10.363075,10.000000
361.376392,133.756742,10.340267,10.000000
361.088620,133.480011,10.253828,10.000000
360.822059,133.316044,10.383699,10.000000
360.823371,133.777747,10.090429,10.000000
361.589367,133.809632,10.598609,10.000000
360.980264,133.304641,10.363840,10.000000
360.844500,133.156900,10.100891,10.000000
361.373214,133.043659,10.579615,10.000000
361.121333,133.558043,10.071890,10.000000
360.936620,133.467300,10.472982,10.000000
360.866307,133.478099,10.264377,10.000000
361.482820,133.383308,10.469995,10.000000
361.613291,133.264232,10.183463,10.000000
361.559447,133.120718,10.276866,10.000000
361.461420,133.083728,10.395523,10.000000
361.439029,132.775700,10.348372,10.000000
361.415874,133.819801,10.305444,10.000000
361.573486,133.763478,10.075883,10.000000
361.516284,133.518177,10.235124,10.000000
361.524279,133.288768,10.484492,10.000000
361.685862,133.037212,10.380367,10.000000
361.809475,132.851417,10.208809,10.000000
361.896041,133.847530,10.229424,10.000000
361.008291,133.677091,10.474590,10.000000
361.137973,133.372703,10.314699,10.000000
361.208353,133.075287,10.178842,10.000000
361.215360,132.707850,10.343039,10.000000
361.411150,133.621014,10.152923,10.000000
361.432696,133.334415,10.315268,10.000000
361.547598,133.127150,10.259300,10.000000
361.518992,132.872580,10.343459,10.000000
361.616792,133.867560,10.263104,10.000000
361.685059,133.552569,10.219096,10.000000
361.644484,133.261272,10.413657,10.000000
361.703884,132.876208,10.285661,10.000000
361.835571,133.749310,10.261674,10.000000
361.801974,133.567595,10.273524,10.000000
361.998098,133.229284,10.102844,10.000000
361.036777,132.971468,10.428098,10.000000
361.305583,133.813443,10.000000,10.000000
361.696682,132.984095,10.058089,10.000000
361.809925,133.859109,10.004478,10.000000
361.707352,133.591486,10.125605,10.000000
361.800300,133.344964,10.261116,10.000000
361.878675,133.153043,10.423589,10.000000
361.122211,132.937857,10.538245,10.000000
361.819985,133.208603,10.113775,10.000000
361.972737,132.920541,10.005152,10.000000
362.095989,133.823073,10.170627,10.000000
361.153427,133.576866,10.542689,10.000000
361.942675,132.653194,10.000000,10.000000
361.542706,132.923509,10.000000,10.000000
361.115034,133.242987,10.000000,10.000000
361.503643,133.556944,10.028999,10.000000
361.540414,133.349156,10.038311,10.000000
361.598532,133.217874,10.142337,10.000000
361.908325,133.112400,10.010402,10.000000
361.889884,132.788695,10.000000,10.000000
360.756298,132.715316,10.528264,10.000000
361.129535,132.294724,10.046328,10.000000
360.724594,132.470201,10.489972,10.000000
361.560460,133.059639,10.073897,10.000000
361.566024,132.203306,10.000000,10.000000
360.297750,133.360666,10.308588,10.000000
360.894449,132.855174,10.277335,10.000000
360.818590,133.470679,10.191508,10.000000
361.216475,133.445127,10.431455,10.000000
361.334817,132.958879,10.000713,10.000000
360.791049,133.836904,10.509732,10.000000
360.962600,133.144058,10.414742,10.000000
361.036457,133.037079,10.000000,10.000000
360.735671,133.483442,10.267557,10.000000
361.433736,133.214988,10.335187,10.000000
361.144879,133.125528,10.291025,10.000000
360.787674,132.986061,10.377139,10.000000
361.605443,133.836068,10.198348,10.000000
361.267367,133.697505,10.353683,10.000000
360.995753,133.459121,10.363104,10.000000
361.033273,133.181107,10.000000,10.000000
361.006667,133.493468,10.210777,10.000000
360.882092,133.369956,10.000000,10.000000
360.921658,133.596225,10.017187,10.000000
361.386996,133.378256,10.366445,10.000000
361.090358,133.440601,11.110142,10.046430
361.404011,133.388728,10.333604,10.000000
361.151984,133.492223,10.363369,10.000000
360.902274,133.492712,10.471265,10.000000
360.782938,133.266579,10.496863,10.000000
360.516483,132.859616,10.000000,10.000000
360.651351,132.790839,10.000000,10.000000
359.510807,133.541419,12.504081,11.923100
348.707133,123.590352,15.525710,13.224104
348.782006,122.752822,16.961552,15.072641
361.956017,133.767087,10.394755,10.000000
360.615274,133.302355,10.416838,10.000000
361.251872,133.285523,10.536583,10.000000
360.039512,133.630914,10.499952,10.000000
361.083615,133.718828,10.201861,10.000000
360.614913,134.325852,10.663488,10.000000
360.911139,134.361091,10.129279,10.000000
361.909603,133.354000,10.034990,10.000000
361.833899,133.297292,10.085773,10.000000
361.774768,133.340787,10.058867,10.000000
361.827568,133.197765,10.053571,10.000000
361.823051,133.055980,10.052896,10.000000
361.820482,132.769433,10.016466,10.000000
361.888621,133.527208,10.000000,10.000000
361.700274,133.019411,10.000000,10.000000
360.996126,134.096208,10.320817,10.000000
361.425103,133.701622,10.180014,10.000000
361.797868,134.262749,10.061762,10.000000
362.387353,133.543467,10.544950,10.000000
361.714517,132.971402,10.521993,10.000000
362.376830,133.352657,10.149295,10.000000
362.538251,133.189103,10.018430,10.000000
362.705765,133.058357,10.000000,10.000000
361.901165,133.336983,10.274517,10.000000
362.050846,133.148963,10.197208,10.000000
362.003426,132.896725,10.351154,10.000000
362.196547,133.814558,10.021183,10.000000
362.251914,133.517044,10.203124,10.000000
362.539415,133.275056,10.000000,10.000000
361.903034,133.560123,10.335163,10.000000
362.241488,133.300307,10.046266,10.000000
362.433831,133.096469,10.078927,10.000000
362.550165,132.859653,10.135262,10.000000
362.641133,133.746772,10.112524,10.000000
362.878539,133.534409,10.000000,10.000000
362.362988,132.873376,10.019364,10.000000
362.377763,133.730325,10.000000,10.000000
362.838324,132.897581,10.052423,10.000000
362.883666,133.778415,10.029078,10.000000
363.120857,133.613119,10.000000,10.000000
362.683638,133.161222,10.000000,10.000000
362.023662,133.506617,10.420042,10.000000
362.321560,133.348155,10.032280,10.000000
362.221979,132.996243,10.111433,10.000000
362.299685,133.817858,10.000000,10.000000
362.796212,133.066910,10.063259,10.000000
362.988704,132.889585,10.061398,10.000000
361.720193,133.759863,10.256847,10.000000
362.735532,133.756543,10.255626,10.000000
362.858817,133.531912,10.223157,10.000000
362.910659,133.603030,10.103877,10.000000
362.697760,133.815465,10.271035,10.000000
362.642717,133.768979,10.254236,10.000000
362.649720,133.594362,10.259766,10.000000
362.685349,133.484049,10.196346,10.000000
362.537176,133.345157,10.342569,10.000000
362.642519,133.230122,10.102633,10.000000
362.624866,133.141852,10.149702,10.000000
362.546168,133.041823,10.233929,10.000000
362.448493,132.840257,10.279804,10.000000
362.338359,133.629026,10.267517,10.000000
362.177779,133.438959,10.382863,10.000000
362.196018,133.335101,10.180521,10.000000
362.185745,133.184252,10.247332,10.000000
362.143407,133.116622,10.161479,10.000000
362.170798,133.055540,10.085598,10.000000
362.112233,133.073763,10.162774,10.000000
362.173117,133.114372,10.093855,10.000000
361.985994,132.941847,10.260665,10.000000
361.962979,133.728590,10.248634,10.000000
361.992048,133.762093,10.072703,10.000000
362.024511,133.689956,10.155143,10.000000
361.952694,133.503740,10.214860,10.000000
361.878648,133.365301,10.298050,10.000000
361.856246,133.267090,10.207755,10.000000
362.609481,133.314921,10.175297,10.000000
362.632895,133.177038,10.159032,10.000000
362.552400,133.052535,10.270779,10.000000
362.600968,132.876258,10.176381,10.000000
362.455425,133.778901,10.302977,10.000000
362.364465,133.647761,10.452351,10.000000
362.405922,133.455632,10.316404,10.000000
362.349023,133.291097,10.320846,10.000000
362.387882,133.407866,10.263438,10.000000
362.265225,133.751193,10.457334,10.000000
362.099859,133.764892,10.432681,10.000000
361.715912,133.668348,10.371168,10.000000
362.314790,133.902234,10.177794,10.000000
361.976278,134.024148,10.511969,10.000000
362.034902,133.669303,10.519610,10.000000
362.141984,133.199716,10.265954,10.000000
361.617042,133.209436,10.615730,10.000000
361.824648,133.664364,10.303102,10.000000
362.335535,133.861156,10.241083,10.000000
361.695844,134.055205,10.404411,10.000000
362.398302,132.938783,10.365706,10.000000
362.067339,133.812442,10.505502,10.000000
361.803139,133.576058,10.801928,10.000000
362.088049,133.094907,10.535050,10.000000
362.135651,133.465842,10.344999,10.000000
361.435122,133.267180,10.589237,10.000000
361.597803,133.512858,10.229811,10.000000
362.152684,133.454530,10.177300,10.000000
361.583627,133.277851,10.521076,10.000000
361.504307,133.538987,10.438752,10.000000
361.991428,133.381680,10.260706,10.000000
361.281137,133.077915,10.585068,10.000000
361.398971,133.324391,10.272877,10.000000
361.869676,133.145928,10.235427,10.000000
362.203673,132.989033,10.309072,10.000000
361.673026,133.660854,10.330669,10.000000
362.161456,133.501575,10.324615,10.000000
361.537069,133.187557,10.547419,10.000000
361.653433,133.417317,10.340306,10.000000
362.164174,133.233470,10.281724,10.000000
361.540096,132.967950,10.554095,10.000000
361.845620,133.227966,10.000000,10.000000
361.802643,133.549295,10.085348,10.000000
362.279020,133.430943,10.131498,10.000000
361.877666,133.190508,10.270344,10.000000
361.291475,132.934499,10.390559,10.000000
361.794768,133.886572,10.216020,10.000000
362.301517,133.788961,10.251846,10.000000
361.658408,133.534555,10.657254,10.000000
361.793416,133.042531,10.330078,10.000000
362.272737,132.963725,10.196068,10.000000
361.916646,133.759346,10.119229,10.000000
362.352095,133.575212,10.227476,10.000000
361.790944,133.363990,10.525646,10.000000
361.761754,133.645353,10.379848,10.000000
362.353126,133.507942,10.282012,10.000000
361.682797,133.301383,10.574014,10.000000
361.897851,133.532350,10.402370,10.000000
361.455822,133.292176,10.579935,10.000000
361.592598,133.626058,10.319773,10.000000
362.102674,133.509144,10.298697,10.000000
361.677982,133.303661,10.490256,10.000000
362.238478,133.136322,10.483735,10.000000
361.801041,132.889693,10.558981,10.000000
361.900122,133.192001,10.488362,10.000000
361.560103,132.962647,10.373223,10.000000
361.820911,133.803802,10.578676,10.000000
361.959978,133.281208,10.379630,10.000000
361.415710,133.055214,10.666831,10.000000
361.507489,133.258688,10.581227,10.000000
361.687464,133.509508,10.350282,10.000000
