102.000000,14.000000,190.000000,114.000000
121.357536,23.559273,197.246902,108.919479
150.215584,32.198769,188.372116,100.722458
174.028404,38.459953,186.504166,101.529861
196.734146,44.608475,178.592194,105.916046
210.921928,47.018707,175.698441,106.894714
221.232330,45.405613,171.220459,118.386650
226.716034,45.847775,166.281860,126.027596
226.415146,42.636505,169.836456,137.889648
226.909912,48.572952,169.314331,127.564545
225.771591,45.134605,171.032623,134.599380
226.752556,49.854225,170.599197,114.241013
232.133698,27.272438,166.587097,130.534714
240.245369,34.919670,161.729660,117.960587
242.819984,5.003891,164.324875,139.834564
245.770760,34.550957,158.539108,151.767471
245.976830,133.379726,169.042557,104.373482
246.374260,126.289062,165.851456,108.982117
243.979774,99.578392,168.460434,132.633591
241.831192,24.501579,165.127960,136.783310
244.581741,8.362221,166.616608,155.944839
243.889824,18.541512,166.148270,154.749100
242.955849,23.679634,164.916489,151.957474
241.975754,20.683220,173.034760,146.837570
241.693680,6.229179,173.840302,149.432846
242.786957,2.196068,172.396667,150.367233
244.264999,2.249390,173.143402,149.672821
243.992668,5.184486,170.172379,155.114395
241.570259,0.479904,168.661728,149.089722
241.616432,6.625984,169.643784,143.983963
238.571266,0.000000,167.927902,144.630547
236.087234,1.574566,170.618195,153.250702
235.214264,1.987988,173.423340,144.715240
236.132118,0.301853,173.476486,152.710068
234.252083,3.732502,171.782761,141.010330
235.214729,2.489407,172.968246,145.664856
237.460884,2.963268,174.681198,143.751007
237.630035,4.528042,175.774780,140.568726
239.150253,5.030376,176.528473,141.776764
239.355263,4.727375,176.810898,140.679947
239.455360,4.319225,177.187851,139.207977
237.934753,4.961590,176.631958,138.850128
237.909119,3.817982,176.427429,139.110306
235.525635,5.183437,178.342896,134.815613
234.368515,6.204967,179.541534,133.862640
234.485626,4.306622,179.088989,135.518829
234.681778,4.567547,178.639618,134.572296
232.668472,5.126156,180.698334,135.897522
234.737282,3.826679,179.414352,135.470840
235.437813,7.392620,180.950058,133.308807
234.430351,11.312748,182.054459,130.665146
232.196251,13.390526,184.986404,127.635811
232.218033,11.638508,184.067230,127.711258
231.847786,10.742092,184.526169,130.062500
232.427277,10.076336,183.355347,129.463287
231.286194,12.140896,183.197632,128.199402
231.117157,10.114529,183.400940,129.100098
231.434998,8.483509,183.318481,129.616837
231.516342,9.273335,182.873138,129.527725
232.875023,8.273579,182.760513,131.209915
232.328537,8.328068,183.953094,129.634933
231.921356,11.815216,183.966064,127.726494
232.667801,10.273380,184.521698,127.787582
233.249672,10.047718,183.677048,129.362808
232.551552,10.344273,184.266586,130.098190
232.359360,10.857334,184.331573,129.910934
232.627144,9.666508,184.231857,130.555099
232.227203,12.524403,183.713135,128.001724
230.625534,10.854355,184.196075,127.537132
230.619965,11.879406,183.545654,128.025726
230.386078,14.206871,183.250305,125.376534
228.207642,14.182983,183.200073,126.127983
230.580452,14.649124,181.076401,125.914330
229.634308,14.872669,182.163513,124.136246
228.162498,20.904079,181.798782,119.885986
227.208488,23.037121,183.469254,120.375580
227.935402,26.168228,184.142014,118.701988
226.698608,28.759632,181.359924,118.279678
226.936554,34.374470,180.731445,116.094925
227.149452,37.968769,179.746933,119.102737
225.582458,42.396259,180.782776,120.849136
229.271629,45.071911,178.158463,132.553986
229.824081,51.508076,179.822662,135.996109
238.197334,58.798565,189.546799,146.602692
271.172081,111.423859,182.602310,116.137749
250.322899,109.035507,201.139297,114.299767
240.057594,96.923546,210.805161,120.349983
232.090347,82.426105,214.853119,131.977859
230.666939,83.725040,217.888168,127.990219
231.904938,83.425228,209.891479,122.459534
232.225861,85.022453,207.305298,122.663216
230.957626,86.332138,209.096039,121.414085
229.115875,81.871410,207.508911,123.445526
234.947754,78.417545,204.772949,125.565842
232.620712,71.283863,206.447296,135.780838
228.890747,75.670177,199.957275,132.732086
227.726814,73.111759,211.451645,131.111679
228.479317,69.003841,208.426254,138.809326
226.777061,59.994900,199.503372,144.690369
251.785355,65.091373,180.416779,139.358994
224.713074,63.972439,203.840820,151.741943
229.674118,58.211040,197.388885,149.157196
228.609062,54.635799,202.536758,159.619568
232.397682,51.759472,201.165756,159.018585
234.294357,55.075703,196.941620,165.212601
238.261040,41.648342,194.087906,181.783936
239.535347,66.002758,185.172531,170.282867
244.524689,51.498577,183.615234,172.708405
245.373909,50.598377,188.229477,167.959366
255.636223,8.871124,194.535233,127.929131
255.436966,33.544918,192.219269,105.316040
254.422127,42.058540,179.717148,99.111549
260.224770,34.337925,143.396286,97.417404
262.457802,29.850170,124.352249,91.413513
262.040844,24.927246,119.024391,92.364311
262.004677,17.458893,122.362015,100.249687
262.808823,0.385586,170.225922,107.727234
259.878571,1.209763,194.490967,95.265526
256.748550,0.132946,144.824188,95.763519
256.687546,0.270351,194.681915,89.016174
250.267593,0.000000,174.758667,93.888779
255.404503,0.000000,189.544601,89.674328
250.185150,0.000000,187.111328,88.370184
253.535049,0.000000,192.011749,86.763309
251.405739,0.000000,194.553696,86.316297
252.316544,0.000000,193.848175,88.123500
251.790443,0.000000,192.597397,84.639192
249.411224,0.000000,192.679962,82.264977
251.034485,0.000000,193.301575,81.413925
250.220100,0.000000,194.652878,81.135678
250.607468,0.000000,193.502014,79.601774
250.269341,0.000000,189.952408,81.935386
250.473686,0.000000,192.421402,83.297565
247.711685,2.443659,189.664154,84.219330
248.940971,5.252523,183.220413,91.144386
253.057243,19.650354,163.145432,76.156769
249.294044,24.712091,144.903336,70.546112
248.684532,6.651167,188.451401,90.268608
245.416443,19.341291,189.028046,87.898308
245.208145,24.487615,188.980713,83.170479
243.132805,36.103758,186.624893,84.444481
243.436646,45.715467,150.566071,71.398827
242.507988,39.130239,176.934647,94.443825
237.655083,50.538194,179.556992,97.184067
240.778999,43.035162,184.584549,119.563911
247.447937,108.445658,186.424042,128.131592
242.960930,52.083177,190.598129,183.489853
239.580605,41.931444,191.072952,141.811996
242.541420,89.833429,189.667496,139.180328
246.157318,102.472563,189.285004,125.309471
245.978531,96.164213,187.376343,126.360191
244.493393,100.273691,193.879822,121.320312
241.849495,103.011301,207.077957,114.839355
242.489532,100.321348,189.518646,117.585960
244.696747,100.217413,187.532928,115.874458
243.653267,101.889978,188.187332,114.327545
242.160484,101.061971,189.114670,111.857521
240.986488,101.276052,186.702713,113.860695
241.870277,101.779768,187.093521,113.134087
240.546570,102.338480,185.461578,112.047546
240.170029,101.924330,187.166382,112.123650
239.974983,102.717291,185.363907,111.495979
239.806007,103.735670,186.498734,110.523613
238.186409,104.039057,185.700394,112.421417
239.657646,104.230486,184.875717,110.473312
239.191246,105.985552,186.341660,111.181808
240.838104,103.443460,185.809662,113.878418
242.601349,101.500128,186.334137,118.324226
244.091118,60.563677,189.872604,163.225266
241.076149,110.971006,193.632401,123.036400
246.922913,115.077692,185.074615,114.796967
247.698715,109.471933,194.875488,127.233215
248.657280,112.883959,189.015182,129.495529
247.098228,116.802835,191.890610,133.297119
258.342491,0.733240,187.210617,108.782990
261.235634,0.000000,189.703445,110.583631
261.869148,0.557910,186.292374,98.633949
262.357117,0.000000,187.250092,92.885886
260.406876,0.000000,185.063293,90.001140
262.798279,0.000000,194.109161,84.957731
257.795586,0.000000,189.688553,96.541613
249.088326,45.016241,166.833481,91.694130
251.780861,157.939126,179.018906,109.974518
250.831352,162.680261,176.018936,99.851318
250.899666,156.160062,175.466232,104.600945
254.928749,159.608098,173.899338,102.930824
254.947174,155.189386,178.056519,107.237122
257.228256,158.925291,179.300629,105.118523
256.322136,156.683523,181.498306,109.072517
255.325699,157.419240,186.407562,107.545601
257.672234,157.577474,187.087540,107.079842
258.578270,158.926950,188.761795,107.207733
258.050362,0.000000,193.196335,81.269811
258.868912,0.000000,185.060944,83.973010
261.148949,0.000000,186.481705,83.468381
257.967560,0.000000,187.587524,91.751464
256.388718,0.000000,190.363495,103.653770
250.402176,6.900600,196.893646,135.832611
258.746292,9.402553,191.513641,140.445160
256.833115,12.632770,192.508331,165.079636
249.031456,114.441837,194.098465,124.451431
245.044617,114.520225,185.061584,112.497536
243.806610,95.520191,181.424255,128.726120
243.383614,86.018787,182.171249,132.771774
242.183784,81.220455,180.057236,133.931915
238.976929,81.533962,180.842957,132.095001
235.139694,87.298256,181.564117,120.589607
231.578857,70.340954,181.011414,134.253296
230.524170,72.214893,181.271973,134.029709
229.182999,70.601795,181.427582,130.947922
230.960800,71.987594,178.271759,125.169853
230.195786,73.310333,177.021088,123.661705
227.450829,76.100929,177.381668,121.123787
224.342331,75.929382,179.635834,117.447838
223.510704,76.917499,183.685989,113.663132
223.259125,77.942966,185.427246,111.092422
222.697311,76.696830,181.160797,110.749977
225.970116,81.794258,178.629837,106.249641
225.533890,81.593708,182.253143,107.395370
221.642075,81.889007,183.610321,109.171532
221.667358,84.707790,184.808533,107.725311
220.556633,89.751495,185.245682,103.691978
222.280708,86.721660,182.755417,106.933899
221.727448,87.163135,183.310730,105.311508
222.802925,86.810775,182.811996,104.553947
221.555794,88.031646,182.691269,103.766930
221.685913,89.585132,182.245972,102.527878
221.178940,93.931442,184.181305,99.094597
219.611259,94.474399,186.564774,98.895340
222.041679,95.444141,185.114090,98.979599
223.522362,83.595245,185.914810,111.100304
225.368874,77.839992,183.619003,120.228363
224.812431,76.007557,183.202896,125.672531
224.108559,76.177559,184.370834,127.098763
223.701424,73.368183,185.452621,129.372177
224.021034,72.162105,188.538986,133.774261
224.526199,65.709682,192.363617,148.415497
225.576767,56.732166,194.693878,158.664658
232.010429,50.263286,193.508865,172.042419
238.235535,46.432056,190.028992,192.160263
242.022141,33.851040,195.037811,205.243256
241.913834,99.575161,197.512848,150.685455
242.813965,16.392440,189.262207,114.987144
241.930237,1.052211,189.026184,119.159058
242.611977,1.263027,188.344528,104.080750
239.150177,0.000000,196.973022,95.109546
236.333321,0.000000,199.446030,89.713369
234.518524,0.000000,203.098816,83.316478
238.406075,0.000000,199.849655,86.157945
237.440331,15.361447,164.120316,101.305534
240.187469,11.636906,168.249634,98.625893
253.346947,43.815644,149.645523,81.567429
234.994049,0.000000,187.100067,70.733079
234.962486,0.000000,189.924973,64.063851
229.192406,0.000000,192.239395,69.121838
232.485802,0.000000,191.210526,62.691748
227.344635,0.000000,193.009949,73.849338
230.854279,0.000000,184.135895,71.603979
229.983162,0.000000,196.171585,65.513415
230.318108,0.000000,189.784775,63.608411
229.488831,0.000000,190.901215,63.278598
230.195221,0.000000,190.828430,63.850042
228.329590,0.000000,191.988007,63.559477
232.156853,0.000000,191.136734,61.799789
227.156754,0.000000,193.780884,67.596477
232.578957,0.000000,191.212845,66.817446
232.639175,0.000000,190.748566,68.293443
233.839584,0.000000,191.799255,69.280014
233.734665,0.000000,191.158203,79.521130
233.777428,0.000000,198.107956,81.965464
234.009148,0.000000,196.325394,101.832093
235.832115,0.000000,205.291824,87.898858
237.459961,0.000000,207.230774,93.446636
233.940659,0.000000,214.322723,107.469660
239.017647,0.000000,203.354721,121.989350
243.492973,1.303734,202.356522,120.293503
243.970795,6.989342,196.790771,135.482040
243.437965,22.144814,190.212265,189.841995
238.128036,62.542031,197.921844,183.802689
243.667351,11.643151,196.717667,202.481064
251.731544,8.890938,195.748581,177.770218
234.079025,55.999245,197.200592,184.397537
236.794434,89.588799,192.185608,152.813950
246.807602,75.773919,182.357513,162.144577
239.443237,75.950989,190.419128,164.345001
237.379738,77.782097,191.933029,165.260056
242.471802,66.407410,178.839539,155.011017
233.470978,105.771802,185.617493,126.181831
237.124748,110.231984,183.498367,112.684807
236.092422,94.500485,178.511566,127.833473
234.758080,102.800175,170.578629,109.742638
228.327255,44.726456,183.703461,171.690186
242.764450,53.024262,166.431427,171.646332
239.512329,44.738534,174.835449,184.750015
247.766609,47.329819,171.167404,182.655701
261.352875,44.696702,159.211548,183.148621
235.792061,45.302231,178.205307,184.893494
244.050987,52.047051,173.393326,186.667404
231.102646,46.766709,190.661713,188.930359
232.183762,52.940323,189.148468,182.689636
224.804993,48.345215,196.236328,185.949677
227.527924,55.068314,192.964355,182.611023
225.374420,48.915635,196.940002,184.496033
225.195404,54.018075,196.461121,186.213577
223.922844,51.565270,198.163773,185.074997
221.756927,51.951149,200.050903,190.986221
224.319679,55.226220,199.060165,185.443649
226.949730,53.396355,196.626602,187.265060
227.778267,61.407120,193.862045,174.296021
226.135445,60.161812,194.408676,171.220535
227.436401,63.627076,188.601868,175.549896
230.672104,70.958298,179.787872,172.014526
233.003372,53.069069,189.613800,174.773026
238.894958,48.024575,186.957153,169.539688
242.870232,20.860909,195.893509,137.014969
247.679909,14.329876,199.626572,126.574226
254.417854,0.486119,191.000473,123.868919
253.190361,0.743126,187.607681,120.723434
251.882202,0.663636,194.121521,118.963593
252.958199,1.129067,192.218735,117.653824
253.239410,0.537640,193.376404,117.963570
254.218498,1.024392,188.643082,117.796341
253.110703,1.600892,189.581207,118.162933
253.179115,0.851872,189.091476,118.356102
251.898506,0.531769,187.437790,118.096832
250.360138,0.094159,190.270020,118.389229
250.050682,0.920483,187.107437,117.214668
249.289528,0.294941,189.058823,116.338982
248.448059,0.985295,191.038696,115.843590
248.557297,0.632294,189.631195,114.798859
247.816010,0.057683,193.547607,114.804344
247.393707,0.000000,196.869995,114.878186
246.559471,0.189726,196.599625,114.469070
246.393303,0.000000,200.041031,113.533747
246.875534,0.000000,192.660248,113.345891
246.104095,0.000000,198.950500,113.706572
246.571846,0.000000,192.184372,109.934680
245.804413,0.000000,197.179016,111.289167
246.477119,0.000000,192.118088,104.869929
245.388321,0.000000,196.324310,102.393308
245.051079,0.000000,196.335587,98.395762
244.870918,0.000000,195.686630,101.235849
245.195580,0.000000,190.426285,98.671502
244.140358,0.000000,192.378586,98.744156
244.348846,0.000000,193.830444,98.014450
243.564598,0.000000,194.650467,97.795677
242.337418,0.000000,192.244904,95.576290
241.314049,0.000000,191.043900,102.582411
241.353317,0.117156,192.413544,94.941727
241.225464,0.000000,193.368530,99.830112
241.432274,0.000000,190.621902,94.792913
239.830238,0.000000,196.402390,97.156077
240.707047,0.000000,191.103424,93.001222
240.359085,0.000000,194.013519,92.573434
239.192253,0.000000,196.117874,95.942227
240.309181,0.000000,189.463425,91.920263
239.007637,0.000000,196.886765,94.498592
240.227196,0.000000,190.527847,91.243524
239.420731,0.000000,195.994598,94.015206
240.312164,0.000000,191.372009,90.532406
240.734955,0.000000,195.338928,93.623144
240.494720,0.000000,194.759949,88.893329
241.203171,0.000000,195.591278,92.862932
239.884064,0.000000,196.388733,90.695134
238.092514,0.000000,200.128998,93.808882
235.260040,0.000000,193.399719,91.563003
230.340042,0.000000,196.449921,97.015499
222.817810,0.000000,204.071533,95.977823
216.729851,0.000000,198.973953,103.574971
211.427856,0.000000,197.416077,112.487315
205.523354,0.085603,189.799179,117.615547
201.781487,1.818753,197.964859,118.025528
197.007393,0.760057,194.324997,119.278664
192.280891,2.456254,190.622665,124.424110
187.154648,1.890619,194.156281,126.104210
