165.000000,50.000000,14.000000,15.000000
165.373028,50.838470,14.771755,14.896891
165.251592,49.584596,14.653081,16.061693
165.148308,47.057899,14.762404,17.451349
165.778558,51.563916,14.660475,14.163253
166.072635,46.403160,13.987509,18.636711
165.521822,51.139218,14.135742,14.370687
165.303363,50.901639,14.037820,14.712396
165.834845,50.703192,14.573203,14.624663
165.067100,47.069584,14.617537,17.664234
165.384817,51.413804,14.894249,14.348902
165.986590,50.234232,14.297415,14.985897
164.896692,49.400199,14.737717,16.247759
165.632556,49.613830,14.891546,15.096861
165.560342,48.912168,14.719465,16.626787
166.020839,49.927932,14.535653,15.191052
165.740669,48.912661,14.829041,15.921390
165.977672,43.003205,14.145758,21.275599
165.717871,49.951534,14.633667,15.152065
165.519152,49.034524,14.656567,15.790841
165.817129,48.581380,14.683850,17.123087
165.915780,43.370127,14.231352,20.973728
165.753667,50.974212,14.664296,14.422541
165.110825,48.995049,14.641284,16.135962
165.690525,50.131147,14.960758,15.126911
165.562692,43.396989,14.103478,21.717234
165.809274,50.735834,14.639733,14.507691
165.030879,47.814772,14.583091,17.855759
165.456908,50.369515,14.739058,15.026668
165.524008,49.327100,14.507968,15.825749
165.827256,50.029146,14.726974,15.200016
165.609620,50.027780,14.753862,14.922666
165.395660,49.637564,14.875852,16.290977
165.889994,49.705317,14.502686,15.785400
165.148692,50.173110,14.632277,15.304850
165.864625,50.039217,14.722207,14.855321
165.628081,49.594173,14.865050,16.262814
165.303227,44.952851,14.197814,20.149630
164.913885,52.351966,15.029003,14.439856
163.821833,52.545250,22.016640,16.040245
163.088657,57.128630,17.046490,15.597103
156.428628,60.452080,17.312300,15.246612
148.905771,61.388137,17.654518,15.693895
142.307925,62.308621,17.732542,16.261290
133.962258,63.760593,18.007013,16.428093
126.506991,64.410184,18.716196,16.897116
117.555368,63.417389,20.343956,17.758720
111.197046,64.413502,17.988956,16.395660
102.705712,64.977379,18.419252,16.732628
95.443021,64.875763,18.254896,17.022972
87.488782,65.111999,18.074877,17.016794
79.392212,65.615001,18.078236,17.089930
71.599925,65.250340,17.444483,17.092735
64.445300,65.557106,17.961561,16.707207
56.473327,65.849710,18.324629,16.910679
48.559628,65.974589,18.155783,17.232073
40.992834,66.647103,18.431973,16.805754
32.790560,66.407212,18.245087,16.813353
25.718482,67.622139,18.313856,16.703346
17.546533,67.353177,18.468531,16.780691
10.129165,67.893681,18.639055,16.642769
2.693656,67.463369,18.129942,16.675304
0.000000,67.932373,13.586686,15.558015
0.000000,69.071901,10.000000,14.142407
0.000000,67.355874,11.705096,14.758059
0.392675,66.624591,14.270091,15.999414
1.529603,65.586452,15.607160,16.513145
3.483708,65.069294,16.576071,16.352177
6.226668,63.860898,16.990084,16.617682
9.536167,62.904430,16.858122,16.563499
13.567065,61.654509,16.579224,16.254658
17.044623,60.885741,15.623857,15.837070
20.014571,60.659062,16.750496,16.219103
26.821399,60.018191,16.528572,16.267485
32.070478,59.662013,17.739407,16.914778
38.567580,59.890327,17.443298,15.905338
44.006823,59.764347,17.626169,16.417843
50.473894,59.839664,17.641306,15.869573
55.473199,59.077316,17.586895,16.544147
57.583557,57.186623,20.897268,22.971554
60.184691,39.618843,28.450228,24.968494
58.408999,53.782090,31.886301,29.791689
37.525817,34.905731,64.431686,49.220051
107.633403,55.617678,41.050407,46.370285
95.649057,53.582579,53.460094,52.928017
94.994418,45.515057,59.054604,58.420391
101.711784,48.589228,64.608109,61.713608
64.651469,42.880915,108.167503,87.658798
112.443206,27.720850,152.621811,116.144119
137.603568,25.916658,261.606506,164.985535
187.736137,16.103258,217.176086,163.635468
188.843375,41.118265,191.663574,143.087753
141.156684,26.286074,245.159882,162.415405
198.178855,39.132113,197.928711,144.727966
148.185821,20.995440,223.180222,164.968842
185.272537,39.043436,200.388016,143.730026
139.074882,5.770601,250.884583,184.122314
171.130309,22.966394,218.907394,167.571671
146.297965,7.767855,266.128235,174.437378
165.134185,20.531618,250.626877,169.119934
93.499320,1.131609,222.713623,148.394135
140.127891,13.230280,264.441040,171.513992
170.225532,16.342440,225.488373,163.249329
147.078346,21.705965,275.217316,163.880432
194.216361,22.066545,187.719055,177.733734
142.630058,28.098093,293.994080,160.982651
200.717056,27.986444,148.559891,126.825027
293.005557,143.028975,36.098122,31.965002
281.217014,147.433105,26.724724,22.524830
267.511163,146.414745,26.129063,22.363819
253.941506,144.559590,25.725798,22.270151
240.340336,142.616906,25.507696,21.994921
226.550027,141.528462,25.371815,21.850458
213.853104,139.750175,25.102987,21.913746
201.112965,137.895759,25.028715,21.935316
187.543924,136.656956,24.540668,21.506779
174.908256,135.749696,24.234276,21.511805
162.108312,133.196915,24.880886,21.493671
149.800278,132.847385,24.399702,22.094051
137.225644,131.211619,24.105610,21.585951
126.821368,129.399484,23.500320,21.054102
113.217040,128.572905,24.359745,24.638107
110.214827,123.912172,21.385908,24.004547
111.073639,124.776251,20.449129,18.472191
111.373949,116.551321,20.786802,23.842667
111.693653,123.365952,20.636347,18.021669
113.323609,122.911361,20.224985,19.740736
114.740194,122.096925,20.155563,19.235636
115.269553,122.236049,20.029774,19.934683
116.162794,121.900202,20.000906,20.146759
115.799308,121.631737,20.815716,20.305416
116.340506,121.069466,20.857252,20.585125
116.004542,119.738037,22.668814,21.348354
117.855432,120.425629,20.877892,20.989796
118.376895,121.513527,19.707050,20.450481
121.051288,122.478884,17.905338,19.335251
119.872583,120.619346,18.231689,20.167517
122.789701,122.345193,17.141022,18.025812
120.486750,121.643976,18.111723,19.468819
120.302510,120.580457,20.049295,20.881777
123.047239,120.425583,20.332108,22.280224
124.148782,121.448917,17.404259,18.323025
124.047302,119.043050,16.540325,18.820650
123.165092,120.103335,17.346119,21.273764
124.712325,119.909389,18.201206,20.495808
126.073206,121.624727,16.948576,19.724983
124.837685,121.931124,19.277704,22.605934
124.520747,121.690766,18.971867,20.210360
125.016988,121.648344,19.843590,21.800133
125.275961,119.793733,18.727201,20.176073
125.147131,120.876125,18.667822,20.355984
124.898519,121.391388,19.589691,19.964977
125.980221,122.793745,19.274820,21.294693
125.297698,119.960269,18.171581,18.905569
123.530384,119.870638,18.953058,19.557159
126.181937,121.507860,18.109793,19.946587
126.049225,119.790260,19.118998,19.888538
124.556884,118.149227,20.229290,20.480099
124.466294,118.873417,20.100840,20.202480
124.691523,118.908541,20.322119,20.302040
124.514204,118.415822,20.233877,20.276567
124.155294,117.973811,20.395607,20.182943
124.857270,118.572009,20.178339,20.186438
124.889277,118.530066,20.480360,20.262222
124.730250,118.077749,20.185369,20.230690
124.635427,118.111919,20.585991,20.287945
124.398574,118.770567,20.200130,20.278671
124.187308,118.882360,20.777746,20.524500
124.510680,118.115316,20.463978,20.504906
124.037419,118.829070,20.568293,20.264425
124.854944,118.303692,20.344160,20.441944
124.540662,117.880063,20.298286,20.386690
124.130951,118.595529,20.391283,20.307726
124.892123,118.194238,20.163776,20.346498
124.284776,118.858771,20.638695,20.413160
124.587148,118.087461,20.460182,20.300819
124.303499,118.688238,20.291578,20.295410
125.071847,118.311070,20.131721,20.236124
124.339687,118.507149,20.180965,20.297626
124.516582,118.612222,20.165653,20.465990
124.211736,118.339543,20.101067,20.184763
124.257905,118.433220,20.304192,20.467503
125.038627,118.195750,20.095104,20.195517
124.257313,118.237324,20.222712,20.406857
124.704233,118.904062,20.390379,20.304962
124.482204,118.561094,20.262035,20.214073
124.739152,118.670424,20.067947,20.236938
125.020562,118.909990,20.067696,20.289185
125.006867,120.791113,18.839739,20.241882
125.263798,121.049791,19.244730,22.408287
125.796038,121.954962,21.427313,20.877884
125.035957,120.385910,18.461002,21.529224
125.283426,119.857533,19.248566,22.434320
124.123778,118.585325,19.564947,22.335365
124.147774,119.736174,20.238840,19.714813
127.042929,122.114258,17.050688,20.048100
124.069247,122.792136,17.348806,19.187155
127.598736,121.643588,17.955439,18.710089
125.844929,120.888722,18.288874,19.488024
125.026322,117.510529,18.613665,18.659687
124.768818,120.657873,19.003351,19.004562
126.413955,120.673911,17.755062,20.020933
126.506401,119.932964,18.678858,20.958935
125.965988,121.155305,17.929697,19.886629
126.366453,121.551851,18.351103,19.195206
126.122465,122.119602,17.728804,18.867138
125.432421,119.783252,17.910620,18.898108
127.769288,120.848660,17.120323,21.101084
127.955098,121.014945,18.024940,19.893034
124.662294,118.485167,19.991829,19.865753
124.325841,118.878800,20.138596,20.005243
124.567530,118.822751,20.080183,20.214258
124.696470,118.856761,20.219383,20.362776
124.430855,118.536339,20.190790,20.245235
124.560505,118.605708,20.206484,20.450750
124.264575,118.314194,20.114437,20.288509
124.449026,118.460834,20.186201,20.315748
124.130243,118.020131,20.163414,20.459970
124.373183,118.660676,20.645147,20.574831
124.683459,118.830858,20.298429,20.502785
124.528617,118.527020,19.985332,20.342503
124.707291,118.686263,20.173731,20.181501
124.847395,118.807599,20.266722,20.266359
124.669538,118.356853,19.999374,20.169262
124.645725,118.298730,20.296656,20.574892
124.524309,118.052638,20.046530,20.172186
124.467701,118.109658,20.408983,20.469576
124.202680,118.871547,20.251556,20.152578
124.443016,118.988638,20.191957,20.284859
124.550236,118.127004,20.391520,20.228037
124.062611,118.779140,20.649462,20.448093
124.465424,118.003703,20.337809,20.318487
123.989838,118.626177,20.604380,20.323273
124.869251,118.187852,20.180386,20.248682
125.081612,118.362308,20.212595,20.290503
124.892501,117.944855,20.036930,20.363018
124.937310,118.113729,20.282343,20.063211
124.155355,118.034760,20.368095,20.469431
124.703187,118.712543,20.317299,20.443455
124.454467,118.385867,20.159161,20.186331
124.659299,118.445292,20.299637,20.349396
124.479754,118.084512,20.165510,20.435419
124.089639,118.764447,20.239517,20.257563
124.211431,118.959819,20.245262,20.348593
124.805433,118.607794,20.248528,20.194244
124.992750,118.661492,20.254683,20.304255
124.764326,118.295515,20.169355,20.122314
125.002964,118.411105,20.189554,20.179075
124.282517,118.433042,20.242418,20.409578
124.975347,118.157764,20.131752,20.083248
