16.000000,146.000000,21.000000,48.000000
17.240148,146.370070,20.107031,46.420498
19.185131,145.222809,18.042175,47.529404
21.228851,144.093794,16.550774,48.173244
22.356129,143.571823,15.755599,48.257515
23.819115,144.426704,16.558884,48.147926
25.419297,143.936466,16.961164,47.958496
27.505835,145.266970,20.885952,46.838230
28.290667,144.728109,23.598057,47.590305
28.784575,144.934105,24.561977,47.355988
29.530577,145.208679,26.213528,46.779190
30.785386,145.957409,26.779776,45.610481
31.195906,146.317818,26.971905,45.530563
32.201345,146.868992,26.826092,44.353401
33.151177,147.388412,26.064520,44.523178
35.578388,146.983696,23.547607,45.041565
38.115424,146.061888,21.218943,46.051533
40.754213,146.192509,18.488224,45.965210
44.382633,144.956526,16.233223,46.552822
45.581444,144.912266,16.788170,47.527039
46.725728,144.844172,18.295149,47.564793
47.211886,144.650599,19.706308,47.178295
48.686534,145.946972,21.233332,46.430725
50.062351,145.946980,22.404549,46.118385
50.398043,145.668989,23.672405,45.328205
51.559070,146.034267,24.698435,46.504189
51.898288,146.085861,25.302881,46.647171
53.603051,146.624048,23.997816,46.661282
55.941060,145.974329,22.121298,47.080425
58.701934,145.042524,20.148928,47.972980
61.230504,144.584209,17.499945,48.422340
63.586135,144.837444,15.470095,48.355667
65.328376,144.364426,15.574030,48.562614
66.255980,144.223806,16.236225,49.001225
68.377195,144.600616,17.164906,48.490654
70.001412,144.259115,16.033964,48.726009
70.677309,144.102972,16.264225,48.428173
71.751521,144.456274,17.986063,48.430729
71.432494,146.123964,20.602884,46.870480
72.712922,147.263634,24.332800,44.534096
73.226607,148.621521,29.929651,43.497307
75.681906,146.774307,27.656689,45.071068
78.613699,152.368113,26.135159,40.207600
83.351872,155.647760,23.500471,36.234776
91.313658,151.723515,23.120983,46.049774
91.315367,154.013626,22.966793,42.736992
91.086012,153.213371,24.108318,45.899315
90.820571,157.043293,24.865580,45.134811
90.031821,147.609140,23.638315,45.653385
90.149792,156.509867,24.933807,46.624592
90.704482,155.619360,23.404749,45.913235
88.535812,148.361914,24.675713,42.916340
88.419570,154.256626,25.827951,51.737297
91.133759,147.201635,25.299843,43.294338
91.403069,150.335381,24.113564,42.160240
90.459204,148.125607,28.269802,48.367828
92.716088,144.316713,25.233618,54.495640
96.384038,142.303614,23.656752,46.087849
105.149687,141.301876,17.421261,48.139481
104.373199,142.226795,22.423088,47.472649
107.982031,142.297537,22.456371,46.257603
107.533529,141.875443,26.095760,45.775620
108.284404,142.446899,26.681810,44.522949
108.229857,141.979309,28.331568,45.905731
111.723333,142.731937,25.936825,46.095818
114.571967,142.499763,23.129435,46.085724
115.541660,142.109783,21.795181,46.726509
116.709159,142.333366,22.298944,46.736526
118.280067,140.958288,20.110817,47.773350
120.949037,140.518072,18.030523,48.358379
122.385674,140.113146,16.324041,49.206585
122.718646,139.797798,17.005915,48.542458
123.835404,140.083891,19.282377,48.490444
125.513927,140.274813,19.784151,48.336010
126.974463,141.527340,21.362286,47.596542
127.494473,141.569044,22.276075,47.299107
128.564007,141.501070,22.662125,47.654797
129.862649,140.956390,23.106314,48.107315
131.359701,140.082144,23.153378,48.022572
132.449623,139.844612,22.938316,48.442841
134.244631,139.925304,22.152943,47.540352
136.981637,139.264498,20.212469,47.486340
138.482928,139.736113,18.699594,46.204136
139.081083,138.862383,17.439465,46.275654
139.922697,138.602930,17.142429,47.881870
141.103764,138.638456,17.266678,46.820904
141.891005,138.708172,17.904667,47.534264
143.118046,138.666706,18.315681,46.018456
142.521511,138.885572,20.131927,48.352070
143.837630,138.693951,20.875681,47.370338
148.296942,139.449303,17.790737,47.734352
150.236033,139.071009,18.139986,47.140224
150.970657,139.312906,18.113739,47.246975
153.314911,139.353640,17.746086,48.306332
156.015352,138.202976,17.555744,49.107971
156.413917,138.375162,17.714472,48.724850
159.249475,138.213497,17.092115,47.553963
159.681634,138.396790,17.611174,48.928986
161.897923,137.097664,18.536362,50.151253
162.563331,137.384134,19.311106,50.613613
163.474035,136.872038,20.637646,51.912533
165.048389,137.464602,20.438370,51.448566
166.640251,137.333355,21.600044,52.523239
168.268892,137.789654,22.134541,52.414200
169.887492,138.518478,22.708574,53.463890
172.543809,138.212767,22.144903,54.033688
174.161958,137.638355,22.478216,56.468842
175.603108,137.799900,22.451231,55.049774
178.860628,137.027672,20.527973,52.455177
179.010789,137.982607,20.738211,53.468739
181.645041,136.729559,19.983959,51.302425
181.801517,136.683985,19.936922,51.049427
181.780430,136.522757,20.905319,52.608913
184.603285,135.900026,19.525082,51.160007
187.532201,136.190817,19.132368,50.607632
188.321371,135.980928,19.342319,50.549732
191.839682,136.171419,17.590824,50.709850
192.972624,135.649750,18.152767,48.506508
194.246168,137.116436,18.154392,47.154274
196.499598,136.532047,17.994183,49.252014
197.911980,137.147520,18.510941,49.355328
198.896360,137.191027,19.490864,49.653606
202.758817,135.692789,18.397833,49.405338
203.812242,135.303356,19.274565,50.792961
206.061304,134.306419,19.141872,50.608284
207.017592,134.195383,19.464823,50.592236
208.189133,134.393301,19.066795,50.347065
209.694531,133.049309,19.954054,50.519508
211.545011,134.136984,20.747572,49.274792
213.536208,133.809620,21.399820,47.759644
215.207199,134.071815,21.243126,45.880981
216.997414,134.205648,21.266457,45.503925
219.175602,135.283812,21.215790,43.837513
220.404412,135.028561,21.687597,43.528542
222.698189,134.876295,20.577820,45.989460
224.874835,134.078377,20.277140,46.559837
225.729633,133.534706,20.137093,47.853874
228.642874,133.586966,19.347263,45.426975
229.424249,133.375219,18.702948,46.934856
232.371823,132.700251,16.540823,44.406506
233.533111,132.678749,16.923517,45.720505
234.875163,131.738262,17.681551,48.440727
236.642236,131.952374,18.117743,45.563988
239.192122,132.194437,18.271212,44.739346
240.384120,132.557819,21.027506,45.631180
240.689453,133.058554,26.320526,46.617321
243.225313,132.103830,26.083752,47.547855
244.985371,132.820330,24.990517,47.161076
247.565011,132.710188,23.323835,48.003002
249.498094,131.458517,21.623625,48.647106
251.479021,131.160149,20.064327,50.033363
252.782886,130.626900,18.622522,50.159126
253.751181,130.420736,17.620487,50.545391
255.438909,129.756987,16.282919,50.721951
257.767915,128.817684,15.298947,51.109154
259.507597,130.221996,17.160458,50.358101
260.703249,130.230080,20.770878,50.501266
261.812770,130.488874,23.420412,50.700565
262.296122,130.279036,25.742252,49.317097
262.606814,130.997759,28.102373,49.646938
262.453444,130.238420,28.866159,49.140575
263.885673,130.666142,29.734629,49.927040
264.472622,130.066877,29.673538,50.427570
267.686494,129.278629,25.951941,50.249092
270.639598,129.382145,23.591204,50.544167
274.071885,129.737484,19.739050,50.909172
277.667330,128.762432,17.297474,50.869408
279.596227,128.351442,15.436452,51.029644
281.147018,129.240093,15.585366,50.909882
284.015347,128.382929,17.804153,51.486874
283.889104,129.580427,22.089514,50.124691
284.798476,128.543810,25.017046,50.697437
284.985242,129.551498,27.631964,50.454231
285.328748,128.993519,28.638784,50.126480
285.947193,128.958391,28.838600,50.404819
287.076441,128.138924,28.324612,50.301476
288.502285,128.053497,27.682640,50.214058
291.527346,127.925915,25.374660,50.120316
293.750358,127.957970,22.642061,50.113869
296.477867,127.056032,19.839401,50.564259
300.403260,126.684595,16.577635,51.408207
301.981805,126.744646,15.903928,51.168209
303.494324,125.555161,17.494164,53.944023
305.834342,128.219357,26.347498,55.462143
305.796213,128.720060,24.173084,53.804821
309.109273,136.861982,24.203260,47.736217
308.864888,131.746586,23.972319,54.325241
309.059737,128.923368,24.865519,57.862011
310.851252,127.790033,24.114460,57.184071
312.015698,126.624855,24.614286,56.638771
316.901719,127.015577,20.153830,51.963833
317.940823,126.580296,19.740204,50.744270
318.860015,126.880980,19.323801,50.374523
321.425774,125.666143,17.177620,50.770084
322.845660,125.089680,16.756975,49.867996
324.924801,124.955774,16.305893,50.014599
325.484462,125.400476,16.973162,51.796291
327.003649,124.188725,17.342068,52.766449
328.278496,124.563110,16.477074,51.163033
329.258219,124.871387,17.589039,50.261887
330.011645,124.616501,18.671350,50.633736
330.254090,125.613129,21.575705,51.460541
329.542278,125.868982,24.710709,52.523113
332.292623,124.829710,22.519575,55.016163
334.213086,125.125645,21.801512,54.426933
337.969662,125.557421,19.126648,52.849422
340.784623,124.986530,17.668463,53.824554
342.431107,124.378736,18.252579,54.133945
343.198563,125.167654,18.870667,52.219845
344.595008,124.943762,18.823503,51.518475
345.128732,124.946276,19.965178,54.483402
347.395535,125.061632,20.204597,54.762653
349.110524,125.381157,21.659094,53.064064
348.445014,125.716156,24.087648,53.654213
351.708554,125.776714,23.341894,51.984665
351.974662,126.579340,24.705950,54.272495
353.613852,126.228882,23.563419,51.640083
357.082527,126.703800,22.125977,53.133743
358.300147,126.878881,21.239580,53.381145
360.810930,126.126266,19.512615,52.539360
361.892956,125.780422,18.878777,54.808273
363.349910,124.926601,17.681101,52.084938
365.059449,124.461313,17.743345,53.227055
366.874460,123.701788,18.804264,54.417309
368.684439,124.154039,19.876537,56.367603
370.112958,123.798435,18.150770,56.086899
372.384745,123.450602,16.816578,57.966053
375.414479,123.457426,13.351454,34.256969
376.478674,123.742001,14.567142,46.928909
377.663783,124.765339,15.441295,50.065903
380.017357,125.293165,15.628684,52.180111
381.245889,124.003508,17.113508,53.440258
382.465639,124.573332,17.989315,53.178219
384.606783,123.928432,17.690571,53.992989
386.606521,123.590601,17.885904,51.366413
387.518964,123.211451,16.702307,50.762897
388.607512,122.737009,18.254953,52.560390
390.039158,122.196302,17.561180,51.716450
392.670601,121.186987,17.729378,50.996410
394.087233,122.308052,18.688465,48.991730
395.186336,122.331701,20.570910,50.934559
397.315189,122.669809,21.594040,48.316219
397.584297,123.155792,23.222496,47.159241
399.507416,123.549351,22.875542,46.011604
402.259850,123.553385,22.147881,46.811275
404.629657,124.127621,21.258287,46.189568
406.923288,124.109182,20.541538,46.680744
408.622766,124.409805,19.915989,44.335480
410.346133,123.992928,18.912470,47.297272
411.719692,122.629734,17.204979,48.952629
413.798373,122.531876,15.333353,47.923729
415.453636,122.502022,16.472984,49.411903
417.516169,122.210419,15.921855,47.209496
419.240406,122.354376,16.758614,50.411572
420.333967,122.171677,17.600361,46.537758
420.490966,122.912378,22.573687,48.735355
422.802596,122.119020,25.360292,48.845951
423.697079,122.910227,26.780952,48.480228
424.689073,122.351889,27.349546,49.681911
427.204138,122.481413,25.406666,50.348415
428.863632,121.724401,23.764694,50.506512
431.122271,121.924627,22.206203,52.203075
432.418337,121.140432,21.619152,51.657055
435.343110,120.905956,19.063627,52.365356
438.382571,119.915356,17.040689,52.439545
439.641633,120.663300,17.973898,52.176224
441.368744,120.681969,16.929298,52.318764
442.686979,119.733126,19.400448,53.099903
442.598801,120.312651,24.029839,52.228115
442.899086,121.015661,27.919365,51.855160
444.514027,120.891315,30.085831,51.527863
443.820891,120.120775,31.156488,51.502552
444.672546,120.610090,31.946693,51.906963
445.669884,119.890867,32.060722,52.211987
445.928743,119.919058,32.243885,52.499325
