326.000000,143.000000,21.000000,49.000000
326.231694,144.430050,22.262716,46.664177
328.001400,144.471380,20.484993,46.342457
328.998962,143.805374,20.369789,46.348976
328.498945,143.875307,20.552525,48.102520
330.182156,143.402687,19.936562,47.228119
332.396205,141.852943,17.370211,48.042343
332.804199,141.384674,18.714569,48.901237
335.046405,142.241068,17.189470,49.020390
336.020195,142.952005,19.841431,47.670574
336.161810,143.116051,23.742069,47.841873
337.450768,143.616430,25.738846,46.437290
338.608936,145.176380,26.409096,45.339287
340.611570,145.412485,25.778812,45.692120
341.031754,146.070320,25.586912,44.949371
341.459371,144.168261,26.539709,46.312023
343.199373,143.980230,24.766964,47.803684
345.440237,144.613997,21.865391,46.590092
347.812752,143.099812,20.679657,48.301025
351.047132,143.003372,16.813114,47.885529
354.832378,142.935635,14.767250,48.258102
355.696587,143.248241,14.521149,47.004715
357.529456,144.258905,15.687282,46.828617
358.077006,144.780186,18.802988,46.858337
358.456013,144.808582,21.940002,46.432274
359.441022,147.583906,23.203169,43.771778
359.155065,147.298248,24.748259,44.775757
359.545582,146.643026,24.794159,44.396717
362.588863,147.710207,23.126526,45.729855
363.236189,146.672049,21.696102,46.051289
367.973146,147.003069,17.476810,46.066364
369.975914,145.902884,16.760117,47.593266
369.852231,145.389210,17.999540,48.023476
373.835267,145.451447,15.432776,48.565964
374.498993,145.020811,18.522537,48.260143
375.575903,146.490204,20.702702,46.937325
376.983497,148.053358,24.299837,45.714748
377.141853,148.022135,26.386047,44.545780
377.730746,148.581688,27.499353,45.013512
377.418199,148.065029,28.075697,45.044144
378.157796,147.916784,27.326635,45.916500
379.677210,147.801321,25.642162,46.196621
382.642099,148.373339,23.595928,46.547550
385.147652,146.566284,20.490768,48.199303
389.239233,146.263182,18.092381,48.376904
392.520360,145.909121,14.798553,48.378567
394.389327,146.612820,14.383243,47.756844
395.610502,146.711525,15.848607,47.483688
395.770616,148.272493,17.997511,46.569004
396.351233,148.153196,21.455996,46.914478
396.967215,148.597925,24.072239,46.965687
396.240767,148.143976,25.605837,46.989536
398.324347,148.909515,24.433765,47.791924
399.669935,148.946693,23.764530,48.819206
401.628039,148.844776,22.690516,48.785370
404.777785,149.127672,21.725527,48.951298
408.691617,149.251774,18.783422,48.742416
411.204230,149.293373,16.550287,48.134453
412.889869,149.271187,17.481928,48.548676
414.563046,149.811945,17.688574,48.109821
414.152385,150.009199,22.120012,48.203022
415.073585,149.307671,24.579264,48.479599
415.341743,151.214275,28.183861,47.132149
415.864350,151.964279,30.811880,46.081573
416.094729,151.088453,30.939684,46.869923
417.265699,150.742142,31.262997,49.084641
419.763964,151.638027,29.097080,48.535454
421.630737,153.322594,26.610374,47.081894
424.635335,152.059164,23.722105,48.795536
430.149010,151.733397,20.122978,49.158024
433.793770,151.598017,17.617577,49.609547
436.532883,151.185083,16.760277,49.393375
438.385265,151.885145,17.004547,48.944332
438.424514,153.124739,22.775927,47.752918
439.300896,152.664368,25.361954,48.720337
439.451857,151.180981,28.642796,49.419090
439.520499,154.151846,30.297304,48.477329
441.276830,153.243456,27.626791,49.140408
444.097716,152.374119,28.989061,50.031700
448.496272,150.659645,26.587122,51.667297
453.882454,152.067551,22.736572,50.144684
455.692071,150.394897,21.776472,53.234772
456.711536,150.048552,19.739357,53.501987
455.448747,151.203367,25.401167,51.421604
455.171486,151.386677,23.437378,52.369270
454.644675,150.592638,22.873980,53.377285
452.412785,149.669468,22.239265,54.320824
448.513049,148.501989,21.439035,53.660389
446.980990,146.877680,21.269297,56.613949
443.102792,146.317301,27.093092,53.275585
438.268524,148.687185,28.605865,46.855152
434.694038,147.910078,31.720383,47.304050
434.196845,151.004288,29.196657,43.229706
432.710901,150.301655,32.503551,45.013863
431.982639,152.320114,27.355537,42.275146
433.326063,152.014957,36.955982,44.561760
431.939418,148.145617,22.280741,45.833660
431.781045,147.217705,23.192732,47.217102
430.059763,145.385117,22.699902,48.509491
428.098907,145.143068,20.298241,49.352428
426.446051,145.406021,18.643963,49.245224
425.862745,147.881454,18.196613,45.636017
423.331549,148.326971,19.509846,44.604473
420.580319,148.165737,21.203596,44.345085
419.182890,148.722565,21.924931,44.415833
418.634778,149.168610,19.687803,43.822800
418.205037,148.471010,21.685858,44.490353
416.239526,147.774872,20.801901,44.793602
416.459725,146.972567,29.937597,47.164585
413.123803,145.768307,17.127249,44.348770
412.243317,146.339323,16.903946,43.592785
409.116046,145.061089,19.268717,44.674820
403.397586,145.298046,17.622324,44.873657
396.555058,144.456343,20.590591,45.173977
389.046769,143.928076,28.134893,45.213474
378.012180,143.601976,28.318779,44.774227
370.534695,143.686237,30.001472,46.064186
361.134053,143.613279,30.522467,44.721806
355.982281,142.695753,25.338387,44.860996
350.182998,142.613689,22.597521,43.972206
340.204761,142.309734,22.693293,46.152092
328.395148,141.085941,20.676294,46.148643
316.328569,140.362949,20.753597,52.557579
307.579327,139.528883,18.064873,47.051281
300.412950,139.291925,16.077040,46.059551
293.062956,139.271173,16.049335,45.793156
283.481227,138.917337,18.412973,46.003765
275.857980,139.861231,20.222311,45.436382
268.311616,138.624308,23.202459,46.131207
262.024822,139.588097,23.469353,44.239990
258.394069,137.740007,23.616640,48.417355
254.618615,139.463266,23.801092,45.472546
249.975346,139.641525,20.458916,44.839279
247.822352,139.369940,19.906275,45.682507
242.937297,139.683020,18.703646,43.612240
236.825380,138.960587,17.884335,45.221542
230.354846,137.517992,17.672548,46.038876
222.621539,137.325994,17.610086,45.998379
216.459665,138.355808,17.126957,44.686943
206.267653,139.025787,21.010342,43.762993
199.762094,137.229225,25.141697,45.925713
194.930931,136.845673,31.637505,45.965782
188.653261,138.613352,37.476460,45.647327
184.086663,138.076283,25.385092,45.373840
180.659954,137.641855,21.520561,44.893391
176.030068,137.431324,28.306173,47.030556
170.300339,137.483644,30.544624,46.344479
163.890322,137.218609,19.400394,45.199165
158.726065,137.267712,20.071033,45.791306
151.383248,137.218296,18.845037,46.098755
145.956721,137.234192,19.743113,44.956627
139.152563,137.861036,30.479259,45.051815
130.502222,139.171904,25.400639,45.499676
121.143576,134.633257,21.527065,46.946003
115.526430,136.883240,33.124897,46.754448
108.356305,139.585226,22.117857,48.646954
100.703837,139.881918,19.225878,47.682766
93.107619,139.590225,18.904253,48.000786
83.283953,139.611143,17.960583,49.200993
71.176160,135.842886,19.372030,52.658848
60.551716,138.161238,17.813934,49.055210
48.140338,138.256781,18.639994,47.029865
33.980325,137.735395,20.907965,46.734081
27.513206,138.700701,20.931427,47.390476
20.671232,139.336781,32.543629,46.262802
15.058118,139.420841,31.842428,47.759674
10.973715,138.631430,30.855000,48.381130
1.205585,132.639612,37.077919,55.937992
1.173234,131.827534,23.958296,62.857727
1.219277,142.573519,25.645430,60.071980
1.191715,160.472462,18.872871,31.739151
0.103128,161.782152,15.432667,32.089710
0.670722,163.320613,11.114328,27.023516
0.933071,144.909138,11.319970,45.914146
0.000000,138.285767,16.783929,50.350693
1.315189,153.194071,31.397844,57.365932
0.240845,195.544722,42.928749,54.030491
6.949889,201.035963,38.697887,44.085667
9.216289,207.438553,25.984041,34.757751
6.706595,213.116559,22.538387,28.107176
0.782155,209.329511,23.918610,27.420668
0.794009,207.337742,18.552357,30.730461
0.076059,205.937494,15.777853,32.872524
0.000000,211.296775,11.831767,26.812044
0.937847,218.692315,15.672732,27.867926
22.571799,218.217202,19.072432,30.910788
9.625757,187.825687,54.375305,56.061577
66.174528,142.797047,32.004509,54.142052
61.445535,148.521225,27.577972,45.000153
55.321932,142.347317,25.808477,47.648781
51.077191,153.781162,22.995729,42.785393
45.399076,150.993324,24.645088,49.667206
39.681532,147.189104,25.499533,51.008114
33.312614,146.022720,27.330875,51.101776
31.251665,150.915834,27.160065,46.367611
27.997218,146.349442,26.693342,54.647049
23.362596,142.094515,28.379669,59.632671
17.822464,145.955139,27.483355,55.246902
14.469545,140.345308,27.787109,55.822628
7.080436,152.556263,33.613728,69.841927
8.631881,143.004940,37.871922,60.229164
60.637577,97.590500,28.010189,76.808945
57.576871,153.866425,50.767097,41.085587
48.933849,109.451382,45.264339,79.706673
42.901741,112.352036,44.277149,81.969070
42.504859,111.067600,48.010059,78.981880
40.527370,105.385437,30.585155,75.798370
40.937549,102.836693,23.258312,70.759979
38.677917,106.869621,25.459431,75.058136
38.696132,102.514851,29.975552,76.462410
34.239837,106.272675,37.160679,83.203323
21.643014,156.576723,42.454544,54.278942
0.000000,178.378426,29.904396,67.451782
0.590517,176.490704,34.372501,74.975151
21.733349,111.776646,28.024307,64.040855
30.573707,139.791451,50.816551,53.818970
19.367643,111.435677,44.279110,73.026962
18.675909,150.867945,57.839581,45.172894
12.839561,147.782484,74.468483,56.175678
14.241537,114.339161,40.404339,67.375648
1.163044,143.419022,42.864548,52.708511
5.980722,134.401394,43.081669,52.494484
10.122114,142.739536,51.782085,53.349831
1.561918,139.436253,44.679424,49.749413
1.937093,105.262524,37.066952,83.218834
0.000000,109.130230,28.463356,81.972694
13.419411,110.994080,46.636604,78.561874
0.000000,101.784206,27.937543,83.027824
12.861758,108.033051,87.606697,92.186951
177.073943,130.341246,30.311966,49.296391
180.735778,131.096504,19.613096,49.668030
179.786131,131.065956,18.447983,55.372818
175.617843,130.814617,20.009573,55.224861
172.787953,131.100550,19.631130,54.245235
169.697568,130.383015,22.177698,55.022240
164.728240,131.511946,21.927359,51.746189
162.668163,132.568920,25.345350,51.076897
160.680600,125.737738,23.236233,61.366962
154.469899,131.193562,27.001202,54.838692
149.946041,129.930304,28.010267,55.612019
148.466191,129.202984,25.835537,53.675484
147.052727,128.548399,23.750599,56.996021
143.312592,124.751171,25.179859,62.257591
145.331589,129.311317,27.098148,54.949249
141.768383,130.355484,27.855450,56.997879
144.272329,129.452368,29.353312,56.339893
144.178631,130.644939,25.594662,50.056190
144.714164,129.891062,25.061666,52.740719
145.682239,130.592058,23.073164,50.387127
143.879056,130.812994,20.665995,49.128956
145.913206,130.401009,21.219767,49.937309
145.073675,128.570606,20.393335,52.837280
145.069389,128.289810,20.141485,50.360527
145.900239,128.772270,19.097658,51.064613
145.878952,126.500435,21.179714,54.950035
146.152589,127.360575,20.503382,51.282322
147.167845,127.537102,21.867172,51.814903
145.481775,126.686600,19.743967,50.490120
143.251872,128.731245,20.994070,48.584530
147.638304,127.443174,20.802963,51.652508
148.201003,127.256481,21.765366,51.670639
146.974747,126.284018,23.853298,52.151531
151.114673,126.711132,21.751715,54.274429
152.771307,125.742558,19.317612,53.102188
152.009669,122.566862,17.957367,58.316494
151.819163,122.203838,19.258896,57.132080
149.277802,123.156483,20.594791,55.863602
150.775745,121.611917,21.088972,57.359913
150.494598,122.499815,26.851629,51.507153
150.641422,122.238850,29.234159,50.335251
151.227425,122.885853,30.184254,49.738800
151.121926,122.199135,29.255512,49.597557
150.552741,122.563799,30.776266,51.326191
153.970341,119.969040,26.509167,53.226860
148.673045,121.052210,29.104294,51.609379
148.809596,120.956928,27.510956,51.022293
149.261503,121.429947,23.689508,51.216621
154.456654,120.212307,16.991451,52.731781
154.394923,118.753534,16.347862,52.224606
154.106919,119.375046,17.742748,52.616653
152.956575,117.929544,21.698648,53.194996
150.287241,117.899738,26.808235,51.829224
147.688216,118.496689,31.988174,51.069466
145.768420,119.374235,32.474556,50.425411
144.511225,117.600945,34.599693,51.374519
144.669495,118.373648,34.215221,50.220623
145.345625,118.846464,32.242630,50.980785
147.708782,116.770237,28.788458,51.484238
149.765324,115.175117,25.075092,52.942940
151.950099,115.354029,20.687994,52.772282
155.176840,115.857258,16.804214,52.014252
156.648856,114.692596,16.714439,53.189682
155.956353,114.383408,19.601147,53.107292
153.165122,114.520496,24.133772,52.101334
151.628154,114.657480,27.466040,52.497990
149.631279,114.423870,30.420071,51.343842
147.032130,114.265274,32.251945,50.533638
145.802012,113.219294,32.483025,51.257801
144.111516,113.361771,31.672029,50.372948
144.134939,111.198141,30.310030,52.311474
147.946936,111.694593,26.015930,52.910610
150.478398,109.808641,21.072498,53.743229
148.816071,111.644197,20.026058,52.710361
149.763555,111.095232,17.873522,53.913059
145.594354,112.647610,17.242334,52.457512
137.875701,115.147787,22.449324,51.046482
129.509415,115.077868,27.009258,52.758801
116.844782,117.242279,28.984398,53.209625
103.294079,118.320236,30.033482,51.731033
85.588274,119.259832,33.746338,52.996449
70.629895,120.816133,34.478985,53.296124
66.146470,121.198378,34.209156,52.500050
69.094315,119.227030,27.374943,54.816021
66.768775,118.157478,26.989492,55.776947
66.273409,118.079693,22.631088,55.413261
65.523424,117.819138,19.627581,59.073563
63.814219,116.494499,19.182846,59.417145
63.889802,119.165030,17.347261,53.845982
60.319692,117.368572,19.531603,54.359200
56.483523,118.340359,20.192375,55.665932
51.779365,118.201204,22.932020,51.724987
48.168060,118.829237,23.075087,51.763599
41.848733,119.028231,25.189219,53.476360
37.440818,119.136879,23.078444,52.340714
37.645446,117.436102,21.844023,54.509876
33.507089,118.503672,23.321512,51.509777
31.414360,116.169342,20.816786,49.250778
30.141212,116.117615,19.336096,49.422913
25.983698,115.118467,22.400009,51.441372
22.268813,116.733391,20.909653,51.848137
19.770603,118.442711,23.953863,54.094933
17.547412,118.107861,22.195730,53.458176
12.098504,118.749310,26.706020,52.262817
12.282290,120.541264,22.039009,50.755051
11.832464,118.759888,27.018175,56.378242
11.248931,116.393204,27.088209,55.710411
9.569079,115.417612,27.232979,58.372715
9.390820,114.927530,26.989704,57.783390
6.488782,115.784555,28.273272,56.757664
4.433651,115.696943,28.266148,54.433590
2.372581,117.226881,31.702696,58.324413
2.028748,115.612303,33.763042,63.648739
0.692484,115.958620,33.586617,62.707218
2.587088,114.924791,31.539322,60.075199
0.747257,116.582314,25.024710,57.052193
1.239208,117.158381,28.430044,52.498463
1.350754,117.174675,29.626217,55.632698
0.974398,113.192772,32.354225,61.698616
1.694418,111.007044,30.076187,56.708241
2.332760,117.046724,28.010685,53.308186
4.850927,113.729134,21.928789,55.466820
2.342783,119.464794,31.301811,58.639191
5.680446,114.764996,27.335592,53.413559
9.011590,113.703903,24.144831,64.434441
11.239221,114.844021,27.164621,56.234238
12.326303,115.101938,27.242929,56.765125
14.188397,113.330139,21.742878,54.420540
15.899523,113.668579,23.524269,60.420860
16.527717,112.709433,19.492033,55.395977
19.111917,113.779196,19.246607,53.223629
22.348114,113.621283,19.597134,50.576954
23.580059,113.900030,19.875904,46.932079
24.148102,112.556414,21.048328,48.494106
26.490342,112.367167,20.880680,52.420086
30.872838,112.607132,19.216562,47.782608
33.309659,115.188526,17.700258,44.611488
33.805829,110.731544,18.764170,52.564430
37.105986,112.297081,16.408241,47.118797
38.282305,111.834822,17.203903,48.223888
39.948518,113.777925,16.928576,44.825802
40.082792,111.657757,16.985147,46.571465
44.357086,112.889166,16.933645,44.959507
46.235147,113.425432,16.506411,41.764370
48.804255,114.896753,17.826965,44.105709
49.670118,116.025499,19.934183,47.171711
53.363819,113.228731,17.340673,45.925533
54.964070,114.669878,17.036160,41.759823
57.337972,113.320612,19.325304,51.954014
58.975995,106.414379,20.330477,52.664001
59.659730,110.709316,22.198969,52.003052
61.400947,108.810669,25.360029,53.824028
65.778540,109.479340,21.936707,60.129951
65.522665,116.057129,25.841568,56.092339
72.984129,123.099411,28.643082,40.418724
73.210982,110.788588,25.534760,62.705868
74.309149,120.150581,28.891129,47.929207
78.719417,113.060017,26.672262,61.520386
78.806107,122.226891,28.844280,50.642982
78.326734,108.947666,28.998064,65.495010
79.456911,112.785120,28.410624,61.775837
80.285799,114.405788,29.767601,56.749863
71.152331,117.372267,35.270393,55.285275
74.524590,118.490959,32.258221,56.521935
81.878111,111.321251,29.558533,53.935371
80.515242,106.235378,33.919098,62.363525
88.399617,113.228172,34.720707,51.694252
88.565499,109.420143,35.632595,54.499275
95.429132,110.945576,30.641382,52.649765
99.201430,110.650074,28.178421,52.177292
100.225794,109.448681,27.305489,55.811829
