303.600000,101.200000,15.600000,5.600000
303.820999,100.050926,16.186190,5.285927
304.897463,100.022564,15.321668,5.074073
304.675771,99.801457,15.023813,5.060518
304.785236,99.377437,15.859777,5.089799
304.958852,98.937287,13.686885,4.741565
304.184266,98.286395,16.396309,5.279002
305.150643,97.985507,14.296226,5.027094
304.388488,97.834687,15.485758,5.245642
303.786559,96.902301,14.950382,5.147496
304.833985,97.932745,15.538040,5.195794
304.174657,96.541837,15.929908,5.019841
305.767097,97.384794,14.573290,5.302185
306.204087,98.164396,14.190636,4.878460
305.939604,97.005980,15.357228,5.011126
305.380775,97.200688,15.476202,4.763313
305.936903,97.925211,15.307541,5.067165
305.540491,97.676063,14.747276,5.299706
306.009727,98.085374,15.301328,4.941260
306.395115,97.334302,15.113438,5.136025
305.503664,96.842312,15.811565,4.807320
305.038899,96.604322,15.330581,4.971802
305.034500,95.816083,15.983458,5.300200
304.846699,96.822632,15.302594,5.159901
305.100266,97.442736,16.098236,5.077593
304.403413,96.808390,15.532907,5.241764
303.480925,95.659332,15.416199,5.084932
302.387390,95.437964,14.552111,5.027248
302.829725,95.385108,14.627408,5.117837
302.594245,97.211210,14.988905,4.954362
301.723603,94.949632,14.450400,5.190598
301.094039,92.937389,14.320308,4.843737
300.341106,93.286942,15.519083,5.110642
300.072464,91.989588,15.017376,5.156815
299.841897,91.612184,13.537180,5.068507
299.674089,93.072120,15.025652,4.900142
299.762421,93.167809,15.203656,5.406145
300.212265,93.363737,15.351456,5.497881
300.888452,93.056450,15.223963,5.255277
301.152088,92.892838,13.843195,5.150956
301.143906,93.184741,14.426284,4.808673
300.808216,92.156040,15.103685,5.021018
300.767040,91.441829,14.404706,5.242778
301.116121,90.238158,14.101186,5.059678
299.876640,89.841537,13.924290,5.081820
298.212046,90.461640,14.269621,5.142850
298.579715,89.074513,13.203359,5.237537
298.584483,89.303308,13.471048,5.002055
298.853577,90.408818,13.628287,5.209748
298.384690,89.868429,13.591383,4.937552
298.891688,89.555849,13.884645,4.848714
299.434374,90.095239,13.855056,5.131548
298.777439,87.841450,14.731132,5.131790
299.199873,87.837321,13.990805,5.281798
299.299570,86.942826,14.753712,5.384551
299.875579,86.694413,12.297859,5.030432
299.687095,86.616051,14.270363,4.977430
299.162707,85.214596,14.655180,5.060334
299.538901,85.374359,14.229333,5.208712
299.807786,85.811936,13.985414,5.265152
298.734582,84.290822,14.378269,5.322563
299.384838,84.936774,13.517814,5.046765
299.482494,84.481447,12.248646,4.822343
298.221677,83.116332,14.112371,5.064136
298.283162,82.789335,12.071415,4.810991
295.639226,83.775958,13.481617,4.922585
295.668562,84.318532,13.686544,5.015053
294.985869,85.385907,13.295492,4.875882
293.688868,84.109459,13.697237,5.119249
292.884159,81.570035,12.753264,5.055777
292.880331,80.647452,13.999258,4.873920
293.179723,79.462939,12.889416,4.801053
292.500804,76.608902,14.159427,4.769944
293.356768,75.981444,12.308450,5.025671
291.895903,75.317133,13.880036,4.799641
292.961099,75.455772,13.023979,4.712978
293.473473,75.963450,12.569291,4.648765
292.775030,75.871123,12.930064,4.626244
292.055094,76.141844,13.188415,4.809308
292.206097,76.004050,12.865436,4.733188
291.881927,76.027369,12.787642,4.818252
291.733921,76.261372,14.397259,4.610977
292.711303,74.839959,13.626009,4.898363
291.400525,73.142138,14.942643,5.290545
291.551867,73.478074,13.534182,4.875024
291.316360,74.995887,12.652225,4.966466
291.156307,74.676414,11.545768,4.760497
289.907305,73.798151,14.020888,4.758233
291.190755,72.872382,12.207848,4.908421
290.308586,72.364727,12.909244,4.915407
289.320766,72.646537,13.278657,4.814198
289.159642,72.868493,13.785030,4.789791
288.265554,72.111548,12.292475,4.701303
289.473592,71.993613,11.452753,4.753462
289.307351,73.055237,11.607386,4.472540
287.907470,72.523883,12.830836,4.740023
288.781288,73.278905,12.400151,4.689012
288.244906,73.826385,13.416385,4.906911
288.301296,73.523315,13.440621,4.827188
287.373805,74.206234,12.372171,4.769383
288.574770,74.471613,11.893628,4.809177
288.015316,74.250559,12.485860,4.779174
287.277263,74.522939,14.068045,4.713224
286.907905,74.401961,12.940433,4.924667
287.887840,73.089906,12.118827,4.726292
287.775492,72.964960,12.278658,4.863151
287.237197,72.530180,12.077506,4.791681
287.034126,73.475919,12.088875,4.923923
286.651113,72.775801,11.539912,4.831572
287.122011,73.125815,12.334425,4.629784
286.488336,72.678729,12.346523,4.881559
285.681877,72.698583,12.876497,4.724684
285.544232,72.779204,12.971123,4.585829
285.092180,71.776380,12.401722,4.686422
284.833994,71.358993,12.650085,4.615671
284.855456,72.223927,12.307379,4.759570
283.081251,72.046139,12.673144,4.713339
282.732196,70.813993,13.377135,4.837095
283.563975,70.007858,11.590991,4.705427
283.629997,69.923168,11.186502,4.308414
284.040901,68.954838,11.014030,4.488019
282.784856,68.368639,12.216796,4.673374
282.915533,69.127896,11.889114,4.812407
281.571878,69.724447,11.990031,4.646564
280.639891,70.119049,13.276585,4.469854
278.855480,72.344521,12.830698,4.690686
279.552693,73.765055,11.430512,4.743451
279.484328,74.217915,11.505846,4.535815
278.518375,74.651934,13.284307,4.547816
279.075008,74.846587,12.721548,4.483889
279.147405,73.705557,12.111131,4.907270
278.304750,73.844757,12.422093,4.794806
279.033424,74.776391,11.905690,4.784885
279.595755,75.070094,10.626748,4.365311
279.128211,75.914214,11.967198,4.660488
279.153151,76.969085,11.913853,4.591517
278.769980,79.569663,11.629038,4.682632
278.167624,78.625582,11.918574,4.289453
278.229762,78.002506,11.471712,4.821750
278.630388,78.406779,11.627852,4.502527
278.250595,77.889950,11.487720,4.325925
278.750297,76.843831,11.370674,4.628245
278.951897,78.018245,11.253903,4.455088
278.368231,77.640215,12.047228,4.971955
278.445078,79.438527,12.247100,4.594399
278.219020,81.006118,11.848726,4.568290
278.435519,80.790429,11.108394,4.413976
278.345018,80.973336,12.932979,4.723696
277.583160,81.186146,13.153375,4.795624
277.906679,80.204959,12.116974,4.664295
278.075740,80.030698,11.768163,4.617393
277.276628,80.455256,11.655724,4.445892
276.719143,80.193816,12.339261,4.540861
277.042371,80.272373,11.974149,4.574483
277.111662,79.679447,11.086102,4.729900
276.451758,80.573925,13.835686,4.885661
276.166149,80.333605,13.758455,4.563128
276.477274,80.144768,12.586549,4.618072
277.117829,81.332050,11.056609,4.890935
276.099125,81.421723,11.099242,4.399652
276.118621,81.107299,11.403412,4.439286
275.579663,82.828474,11.867460,4.535114
275.075527,82.935175,11.563359,4.210610
275.908294,83.320045,10.691257,4.403604
275.695857,83.491524,11.560113,4.163310
275.218586,82.500188,12.568913,4.631390
275.483436,83.907405,11.709626,4.440674
276.172456,83.707515,11.736418,4.593510
275.941654,83.967814,11.893853,4.587639
276.409756,84.050957,11.184465,4.205461
276.389313,83.905842,12.665556,4.553194
277.472689,83.650431,10.828091,4.405989
277.376095,82.842042,11.145209,4.579546
277.990087,83.350379,12.237311,4.607809
277.221688,83.903062,11.204961,4.178599
277.510121,82.627474,10.797127,4.182386
277.394480,83.681790,10.679999,4.263213
277.262238,83.603210,11.195512,4.502120
275.592319,84.095314,11.507037,4.352672
275.303710,83.874036,11.271471,4.467762
274.621566,83.253339,12.269366,4.525439
273.941909,83.413315,11.636354,4.744439
274.155340,84.137816,11.699939,4.522290
273.452639,84.539270,13.083554,4.307871
274.459190,84.193523,10.868125,4.768207
273.913877,84.983968,12.650458,4.726513
274.115539,84.904545,10.518773,4.457852
274.954280,84.845023,9.406270,4.061902
274.560700,84.193588,10.618274,4.255073
274.974268,83.094644,10.660178,4.460462
273.986975,83.197102,11.431007,4.357015
274.779317,83.415632,10.953723,4.462203
274.821407,83.262354,11.579100,4.101125
274.666269,83.032531,10.519646,4.240048
274.870893,83.106555,11.783543,4.235099
274.478911,83.752233,12.950000,4.513334
276.099869,84.717035,9.993125,4.558347
274.680316,86.641588,12.200218,4.599373
274.732724,85.898190,11.436863,4.649898
275.910610,86.727717,10.412073,4.368208
274.621316,86.924154,10.995389,4.434308
275.856348,86.895910,9.066515,4.064569
274.605251,87.446388,11.631900,4.547451
275.012693,87.454333,10.999217,4.188281
275.151003,87.408088,9.297387,3.891464
275.608259,87.984980,10.194820,4.385358
275.198836,87.541986,10.388936,3.893604
275.386260,88.531113,10.352401,4.121654
274.330320,88.042215,11.757898,4.093815
275.051551,87.893247,10.413757,4.039775
274.936232,87.576175,9.947188,4.102178
274.950029,87.665938,9.588018,4.407046
274.138651,88.278108,11.968063,4.640236
275.124897,87.010794,10.088041,4.421403
275.021069,86.409772,10.744314,5.284117
274.275478,86.363303,11.721786,4.776287
275.208348,86.581534,10.866050,4.236736
273.806386,85.520946,11.965359,4.629026
275.369877,85.629825,9.923407,4.093180
275.214842,85.556842,11.578540,4.405647
274.941399,85.963591,10.812116,4.788813
275.299660,85.976481,10.357354,4.598450
276.596953,86.105794,9.856805,4.043561
276.275928,85.716172,9.140840,4.090878
277.092938,85.706315,10.805958,4.252151
277.126232,85.403358,9.622186,4.121952
277.389971,85.598432,10.498144,4.476498
278.226462,84.478326,10.221578,4.315396
278.107519,84.619294,10.808240,4.505603
278.556294,83.455156,9.897233,4.265945
278.626528,82.824110,10.357698,4.214778
280.099602,84.059946,9.486170,4.179848
279.466683,83.898897,9.895931,3.931668
278.938885,84.472866,10.543331,4.116691
278.979065,84.476561,10.713717,4.352382
278.289513,84.696162,11.621972,4.558311
279.607255,85.383470,9.525603,4.514340
277.666107,86.185040,11.412972,4.494365
278.192317,85.818717,9.997154,4.050814
278.630386,85.690713,8.997437,4.161932
276.857114,86.176917,11.643328,4.281789
277.783966,85.619677,10.014255,4.373807
277.424796,86.119844,9.971458,4.475732
275.838838,85.938284,10.829169,4.269145
275.182784,86.368190,8.859816,4.451549
272.686279,85.422963,9.990713,4.042170
272.969017,86.082635,9.298067,4.203870
271.783503,85.681348,10.372254,4.345862
272.253676,85.295845,11.459552,4.711257
270.856648,85.657770,11.304614,4.469784
271.350217,87.493092,11.764862,4.608897
272.333279,87.221760,9.839290,4.360962
271.804161,87.387600,10.099093,4.374217
271.442108,87.695376,10.468963,4.136809
270.743453,88.263633,11.664598,4.469629
271.381328,87.768682,9.934386,4.228169
271.115450,87.672902,10.853176,4.112387
272.025764,88.561819,9.457475,4.205223
271.487813,88.431044,9.512947,4.207948
271.991192,88.499265,8.946439,3.788649
271.417620,89.199648,10.415649,4.233199
271.763360,88.291010,10.232317,4.100019
271.856938,88.906589,10.444601,4.196864
271.003203,88.221891,10.749228,4.465432
271.955649,89.284106,9.954005,4.238582
272.659662,88.488018,8.442963,4.502121
272.124041,88.291067,9.229592,3.890581
270.955514,87.718249,10.456657,4.368874
271.337864,86.919660,10.430951,4.073641
270.845053,87.008459,11.211748,4.186524
271.368861,87.106797,10.625469,4.139255
271.378076,86.626187,10.316367,3.965880
270.771371,86.387029,10.727840,4.510776
270.727098,86.937099,10.753591,4.175244
270.911034,87.248692,10.010874,4.359744
271.188970,88.002275,10.753931,4.349680
270.761603,88.136292,9.521384,3.983592
271.099671,87.479849,9.649956,4.063734
271.517281,87.414519,8.863071,3.843678
270.862555,86.906569,10.181206,4.075884
270.510287,85.737584,10.245470,4.226369
270.573578,86.167027,10.686840,4.335233
270.844968,85.399761,9.496200,4.189118
270.690829,85.392834,9.447949,4.189145
270.954312,85.191857,9.911793,4.158660
270.424901,85.298113,10.121269,4.261384
270.487826,84.965281,11.040879,4.423985
270.696890,85.474678,10.822288,4.347779
270.044241,84.984250,9.965820,3.907789
268.910163,85.481539,10.575815,4.160104
269.960506,85.542905,9.459840,4.240879
268.857012,84.507967,10.909405,4.237693
270.183947,84.571327,9.195822,4.198363
269.994782,85.435175,10.815370,4.355700
270.453739,85.936222,10.486526,4.112299
270.324097,86.608222,10.876373,4.414123
270.094846,86.686167,10.310905,4.002620
271.607059,87.890872,7.932962,3.926744
270.923570,88.920320,9.158195,4.147899
269.973337,90.379435,11.849457,3.966355
