243.600000,93.000000,2.000000,2.400000
243.083849,91.647424,2.977202,2.773124
242.365420,91.584012,2.942145,2.822679
241.644307,91.018793,4.061256,3.259051
242.477441,91.201101,3.873622,3.287456
242.149954,91.491804,4.316200,3.440371
243.437194,92.668165,3.713311,2.853330
244.137408,93.915518,2.960625,2.916934
243.638535,96.018259,2.816639,2.755210
243.228838,97.509148,4.297482,3.069957
243.643179,95.362245,3.311160,2.677929
243.897086,94.102107,3.154329,2.890171
243.384709,92.888106,3.521927,3.297202
243.072631,91.910231,3.779604,2.879441
242.501376,92.155512,4.147222,3.097884
242.321655,90.668998,4.882722,4.118041
243.129445,90.926356,4.693331,3.166505
243.790643,90.688454,3.832762,3.105061
242.914543,91.404507,3.712839,3.092391
243.098076,91.586070,3.487948,2.869301
244.030357,92.195098,3.135731,2.674024
243.436730,93.512300,2.963251,2.489591
244.380097,95.770546,2.964700,2.802350
243.597419,97.162642,3.508034,2.856040
243.743071,96.161531,3.132604,2.517097
244.203509,95.139920,2.887463,2.652926
243.534240,93.985445,3.033343,2.743125
243.410703,93.007879,3.165248,2.700415
242.499787,91.960429,3.935572,3.341474
242.319592,90.399968,4.521278,4.168882
242.367933,91.138367,5.121316,3.544103
242.673333,90.484681,4.950904,3.760777
243.710617,92.389094,3.930520,2.984322
243.323563,92.641359,3.217865,3.064605
244.614552,94.066176,2.794694,2.932004
243.909143,95.624993,3.023691,2.497473
243.742707,97.091995,3.206366,2.979159
243.504643,95.584040,3.204695,2.923340
242.914054,93.650234,3.544883,3.208868
242.257274,93.512746,3.505750,3.010570
242.307030,92.169590,3.104584,2.715511
242.172703,91.760597,3.437714,2.999056
243.018433,91.477000,3.274698,2.838147
243.031619,91.866582,3.014015,2.932891
242.343310,91.737170,3.043461,2.958321
243.148460,91.284482,3.220249,2.757421
242.570662,91.491065,3.572599,2.766393
242.770406,93.416670,3.162272,2.444486
243.242809,93.626507,3.588308,3.114401
243.349579,95.979681,3.269993,2.645283
243.143972,97.071331,3.842289,3.061818
243.018535,95.095970,3.445357,2.885821
242.944291,94.361026,3.412311,2.881983
242.929225,93.356202,3.169951,2.843282
242.657755,92.647209,3.120422,2.818362
242.858429,91.819112,3.253610,2.691581
242.720517,91.198392,3.694643,3.191028
242.233697,90.947519,3.356314,2.376321
242.358659,90.734968,3.768456,2.994311
243.193213,91.546110,3.364051,2.997434
243.888770,91.691036,3.192412,2.833905
244.040694,92.983636,2.692269,2.800670
243.906649,94.977411,2.934785,2.310331
244.047469,96.063390,3.410424,2.985140
244.548168,96.446352,3.469821,2.857795
243.606824,95.534399,3.307145,2.522990
244.090104,93.824454,3.144833,2.408783
243.383087,92.712973,3.146853,2.885525
244.038968,91.825078,3.138056,2.955499
243.874904,91.393548,3.025069,2.740449
243.737511,90.998530,3.416677,3.024242
243.573576,90.955836,3.252702,2.824355
243.395039,90.831366,3.184870,2.731141
243.598174,91.428815,3.202384,2.990315
243.206489,92.380293,3.323034,2.802466
244.140186,93.467118,2.883560,2.860970
243.423671,94.617608,2.717070,2.630042
243.726133,96.779840,3.260320,2.979639
243.196161,96.190755,3.589802,3.155501
242.898950,94.978622,3.415225,2.517913
242.423530,94.182676,3.046392,2.477223
242.905961,92.800683,3.273874,2.682587
241.776979,92.206038,3.223036,2.933546
241.770062,91.549633,3.462046,3.028053
241.672993,90.719980,3.620013,2.949061
241.927287,90.669728,3.763958,3.824501
241.313085,89.115029,3.813212,4.721908
241.622744,91.182924,3.550013,3.329909
242.780841,92.032952,3.500346,3.017308
242.851918,93.504952,3.194076,2.878994
242.817027,95.624852,3.399321,2.498778
242.728622,96.489353,3.333782,2.925134
242.988120,96.817377,3.451500,2.881474
242.898821,94.716617,3.517504,2.873873
242.880836,93.550830,3.294547,2.709543
242.312960,92.540878,3.116345,3.203334
243.033199,92.171920,3.256591,2.782303
242.979790,92.198404,3.028472,2.733248
243.273255,91.550882,3.204558,2.476482
242.757677,91.733963,3.104229,2.516987
242.762667,92.112774,3.729168,2.976885
242.330057,92.594593,3.452690,2.485519
243.151216,93.677024,3.089903,2.990189
243.314645,95.147053,3.319761,2.911964
242.982660,97.343073,4.202142,3.008162
242.503425,96.415051,3.226661,2.477614
242.762349,94.301820,3.207475,2.759883
242.964961,93.071345,3.245688,2.965057
242.889936,92.620680,2.934736,2.786154
242.555677,91.925878,3.418631,3.147771
242.822731,92.179091,3.099735,2.832762
242.583066,91.106761,3.422067,2.923663
242.475386,91.562186,3.054718,2.876082
242.235612,91.545855,3.759561,2.907122
242.217074,92.039751,4.086525,2.746635
242.876231,93.435039,3.557992,2.494526
243.144143,94.054711,3.091529,2.787842
243.640650,96.340391,2.923068,2.543096
242.676301,97.263451,4.444198,2.919709
244.028407,95.961188,3.437902,2.810148
244.206318,94.570589,2.926899,2.668765
243.477346,93.559952,2.965464,2.655538
243.637678,92.706099,3.099435,2.960734
243.426914,92.126467,3.049046,2.866075
243.372246,91.762724,3.225644,2.895501
244.114304,91.765238,3.100180,2.894977
243.303850,92.608632,3.103358,2.789124
243.593645,93.086808,3.065661,2.730821
243.758293,94.861215,3.193055,2.873446
243.766330,95.936338,3.077184,2.416481
243.428358,96.449922,3.546161,2.985713
243.538674,95.397515,3.214596,3.015872
242.809534,94.766339,3.189312,2.843645
242.541824,92.865315,3.463491,3.012643
242.365199,92.266581,3.173367,2.905841
242.709101,91.955902,3.165911,2.812626
242.400818,91.537005,3.456500,3.216329
242.005780,91.082741,3.742801,3.114038
242.257772,90.528810,3.409488,2.695348
241.629776,90.453985,4.441290,3.747614
242.748008,91.066846,3.849048,3.169776
242.967934,92.262386,3.184538,2.727779
242.950340,93.733660,3.481853,2.724514
244.093082,95.099221,3.324967,2.919549
243.710705,97.296157,4.195891,3.054865
244.219851,96.367673,3.547274,2.826857
244.356274,95.199776,3.285321,2.540717
243.831270,94.280860,3.333306,2.567868
244.429292,92.019351,3.198789,2.964329
243.274353,92.356847,3.515786,2.879596
243.449483,92.323221,3.334431,2.791485
243.848861,91.917185,3.148403,2.733559
244.460932,92.046768,3.308953,2.949582
243.844945,92.451194,3.273891,2.811158
243.800320,93.689970,3.435379,2.956300
243.706834,94.722360,3.357500,2.392333
244.300067,96.329936,3.139128,2.984892
244.075902,96.769191,3.370831,3.111999
243.192667,95.080498,3.388672,2.905716
243.053370,94.068477,3.207777,3.035310
241.964930,92.775490,3.751799,3.369584
241.773379,92.261230,3.617356,3.104450
240.777491,91.205622,4.005891,3.492979
241.693026,91.550108,3.604962,3.678043
241.502735,91.081466,3.487825,3.449272
241.653294,91.416635,3.658735,3.109981
241.777475,92.116307,3.932560,3.079741
241.619372,92.529658,3.617415,3.136434
243.043517,94.515512,3.065193,2.874732
242.557306,95.782056,3.079906,2.607100
242.420130,97.273159,4.303108,3.101249
242.829393,96.229448,3.411030,2.670857
242.757009,94.964256,3.295030,2.513006
242.909866,93.941642,3.451011,2.732721
242.469239,92.259415,3.528662,3.480858
241.791031,92.818570,3.466029,3.031729
241.906664,92.050932,3.553060,3.035674
241.341239,91.814704,3.737263,3.029037
242.530182,92.932864,3.293721,2.872400
242.638320,93.539826,2.927375,2.637778
243.106386,94.989465,3.094497,2.363336
243.181045,96.066524,3.409422,2.933216
243.526169,96.727584,3.632266,2.929925
243.406531,95.684560,3.366459,2.896033
242.548290,94.021812,3.353862,2.940885
242.776034,93.495761,3.171355,2.715932
243.124627,92.576490,3.390811,2.622077
241.864395,91.815375,4.201778,3.157067
242.213927,91.393662,4.335348,3.080903
242.167221,91.845694,3.951437,2.873282
242.363716,91.489719,4.069803,3.154862
243.155847,90.881516,3.401567,3.006590
243.960158,91.799433,3.041440,2.642512
244.133283,92.893348,3.144014,2.538528
243.617440,94.148566,3.075947,2.853538
244.218490,95.190176,3.000907,2.721265
242.963055,96.771314,4.409070,3.029036
243.453313,95.792772,3.388158,2.615058
244.071904,94.938128,3.046554,2.548488
243.382548,94.011710,2.993607,2.573065
243.091806,93.198104,3.395253,2.971323
243.607297,92.467472,3.239089,2.913666
242.701973,92.310770,3.335815,2.961457
242.883440,91.792401,3.442065,2.913502
243.507205,91.273629,3.242718,2.811665
243.491458,91.763992,2.895613,2.828721
243.767048,92.192937,3.036432,2.596591
244.236297,93.178990,2.969619,2.628840
243.390900,94.406669,3.381495,2.632734
244.002567,95.276824,3.097979,2.755869
243.045323,96.616487,3.815911,3.134538
243.804885,96.290247,2.936516,2.530110
242.606597,94.591509,3.496149,2.896487
242.683667,93.232905,3.121617,2.692167
242.762918,92.374757,3.155875,2.599124
242.282912,91.843717,3.552769,2.979317
242.299454,92.020291,3.149181,2.784002
241.940986,91.722315,3.432452,3.109638
241.344123,91.502329,3.658427,3.106726
242.151847,91.403992,3.493751,3.004452
242.898314,92.226419,3.293864,2.610542
241.923507,91.878167,3.612610,2.934155
242.389909,93.778259,3.473838,2.940030
242.247613,94.955314,3.598169,2.365792
242.784168,96.388621,3.787016,3.177588
242.346941,96.061514,3.881927,3.430353
242.170987,95.575064,3.868108,2.960343
242.284320,94.084170,3.769326,3.303196
242.477112,93.297293,3.101200,3.233414
242.372057,93.004990,3.042107,2.758039
242.471306,92.736594,3.230933,2.983385
242.331758,91.820081,3.042608,2.854883
242.366729,92.301887,3.433431,2.887256
242.376011,92.663469,3.190339,2.778870
242.818159,93.012523,3.250058,2.489475
243.620180,94.010020,3.004445,2.654281
243.376489,95.682797,3.382139,2.766787
243.268693,96.044864,3.437001,3.159568
243.442079,95.981931,3.881729,3.260242
243.352610,95.332057,3.779275,3.129404
243.824121,93.991724,3.157941,2.776273
243.627456,93.272305,3.246345,3.176818
242.715425,92.455629,3.813575,3.097777
242.258530,90.826710,4.844864,4.030084
242.574329,89.977321,5.617516,4.347348
243.314664,89.587011,6.683366,5.465055
244.260034,89.036997,5.331197,5.942915
243.960215,91.778116,4.343100,3.171769
243.097493,92.435336,4.976162,3.742456
243.541528,95.120886,4.407058,2.830142
244.064420,96.328915,4.214139,3.446238
244.109840,96.263706,4.153887,3.088349
243.369297,95.185938,4.345469,3.014267
243.225991,93.556887,4.662899,3.723034
242.416105,90.301061,5.085795,6.041885
243.427243,87.738587,3.591528,3.576878
242.537919,87.399380,5.012060,5.530729
242.275257,87.548871,5.927661,5.935900
242.816274,88.860016,9.718598,10.215418
246.824952,94.050277,4.823570,3.618275
246.227336,92.742766,5.245143,3.232347
245.137261,90.811930,5.754283,4.081462
243.967855,91.476510,4.273036,3.855010
242.900588,93.792760,4.283028,3.561164
243.722776,95.420874,3.255800,2.697671
243.303571,96.621451,4.466937,3.314455
241.966299,95.573240,4.356955,3.296506
242.413682,94.600301,3.826784,3.193366
243.095533,93.576904,2.948980,2.919727
241.768988,92.109282,3.584295,3.433254
242.024821,92.302997,3.308735,3.397708
241.645224,91.752947,3.671173,3.005598
242.821184,91.936749,3.134447,2.861397
242.899856,91.945832,3.109039,2.861540
242.968472,92.261012,3.273908,2.629807
241.943997,91.635755,3.646130,2.801068
243.270779,92.754002,3.133707,2.252367
243.839175,94.759624,2.985971,2.838594
244.343909,96.010993,2.986414,2.530423
243.171512,96.512700,4.897939,3.436930
244.174074,95.650427,3.252599,2.543793
243.559139,94.544460,3.262920,2.780396
243.653865,94.192063,2.983067,2.562001
243.839808,93.334815,3.243853,2.533391
244.189736,91.999167,3.121601,2.867934
243.487769,92.332899,3.211895,2.601345
243.774188,91.315340,3.255473,2.704412
244.199094,91.351883,3.149312,2.685020
243.604458,91.538628,3.226861,2.559161
244.057305,92.020541,3.223193,2.922361
244.084159,93.033187,3.125337,2.652850
243.617889,94.976866,2.852388,2.698747
243.535688,96.380111,3.559618,3.111315
243.558432,96.361600,4.023261,3.452623
242.066141,94.481406,4.429347,3.554088
242.905612,93.926454,3.443351,2.928910
242.636780,92.666674,3.243477,2.916653
241.891042,91.861276,3.237418,2.956665
241.981406,90.988298,3.454501,3.661545
242.114183,91.062013,3.500858,3.680995
242.234001,91.165516,3.355577,3.471218
241.949978,90.502601,3.563643,3.209899
241.966771,91.119857,3.451811,3.043571
242.887409,91.991346,3.352930,2.573058
242.804998,92.664315,3.197271,2.891348
243.747621,93.534638,2.817134,2.476758
243.620918,95.805877,3.121336,2.757751
243.564554,97.409036,4.330580,2.974926
244.211069,96.404763,3.406250,2.697241
244.172413,95.086056,3.382030,2.617270
243.696476,94.017921,3.284383,2.700725
244.181706,93.080993,3.228751,2.652761
242.859213,92.347006,4.134703,2.832890
243.261162,91.269337,3.820249,2.804227
243.467384,91.056169,3.914067,2.864366
243.179225,91.235839,4.470444,3.443842
243.085310,90.852512,4.487333,3.333400
244.073374,90.887987,3.705734,2.952460
243.984938,92.331401,3.385828,3.066792
244.057799,93.390502,3.392254,3.055907
244.102612,94.907054,3.535596,2.930737
244.226478,96.161290,3.596553,2.771326
243.338668,96.638151,3.622089,3.032098
243.488548,95.509332,3.738153,2.980057
243.286131,94.035802,3.581288,3.012893
242.843142,92.708266,3.514113,2.587059
242.520222,91.848742,3.643049,2.850328
242.437321,91.608331,3.332748,2.662253
242.181992,91.177604,3.774389,3.133564
242.431397,90.856613,3.537844,2.614142
242.241683,90.676486,3.429210,2.519447
242.297770,90.889445,3.748937,2.744357
242.139720,91.227880,3.817707,2.962152
243.270591,92.159062,3.173086,2.842789
244.160340,93.848721,2.973616,2.611824
243.255230,95.338728,3.518460,2.946635
243.300638,97.135332,3.948162,3.042994
243.993814,95.920927,3.828953,2.964819
243.877404,95.558250,3.367332,2.570395
243.338611,93.682590,3.527396,2.828423
243.280145,92.403256,3.512890,3.117340
243.484594,92.376562,3.800903,2.950711
244.258868,92.022593,3.383701,2.943171
244.330974,91.739606,3.466800,3.018523
243.688222,91.707158,3.518367,2.846916
244.650416,91.961792,2.971369,2.849517
244.727806,93.080622,3.230525,2.740467
245.382362,94.562889,2.802952,2.847488
244.874384,95.572520,2.681587,2.736260
244.647829,97.365038,3.181155,2.912083
244.378711,96.403480,3.306407,2.914064
244.165367,95.278583,3.031632,2.592349
243.786129,93.396629,3.260374,2.599085
243.898190,92.731720,3.724754,2.387753
242.955514,92.132457,3.922528,2.958090
243.483099,91.450451,3.346210,2.549999
243.773362,91.316355,3.214585,2.799954
243.481318,91.588259,3.367121,2.854765
243.221007,90.810275,3.469251,2.839917
244.024152,91.162652,3.638783,2.805251
244.231457,91.742532,3.445179,2.755059
245.022041,92.028266,3.165330,2.837919
244.690571,94.110432,2.623505,2.651047
244.579523,95.235811,3.063842,2.217570
245.105758,96.342991,3.154655,2.992264
245.897502,96.721299,3.166583,2.991683
245.377676,95.039253,3.127474,2.764676
245.302532,94.674076,2.999071,2.753729
245.086030,93.281390,3.077550,2.888689
244.724942,92.204315,3.289701,2.869357
244.914216,92.245163,3.279085,2.982080
245.428155,91.824083,3.366672,2.972343
245.335960,91.534971,3.086039,2.716976
245.698850,92.015290,3.052290,2.877731
245.978427,93.213793,2.985026,2.540918
245.912085,94.066152,3.491421,2.885870
246.163583,95.410491,2.852868,2.794856
245.267125,96.388492,3.173416,3.064402
245.443455,96.775084,3.366542,3.036561
244.558825,95.018221,2.981250,2.806665
244.509363,94.651200,3.078113,2.758340
243.858938,93.195606,3.478786,2.935833
243.951807,92.807876,3.067900,2.628031
243.355600,92.001473,3.646314,3.222143
242.629652,91.432711,3.830836,2.660882
242.765509,91.952061,3.316639,2.809190
242.542378,91.611224,3.345252,3.303401
242.877995,92.704261,3.225586,2.885314
242.770317,92.893797,3.035559,3.055788
242.530122,94.280953,3.351283,2.991947
242.567192,96.163527,3.350518,2.600659
242.667253,97.773190,4.275296,2.851212
242.579032,96.159619,3.533741,2.597200
242.307496,94.897672,3.778988,2.741890
242.280071,93.933976,3.560082,2.815576
242.298671,93.271787,3.408340,2.848922
242.266847,93.323166,3.279220,2.443785
242.792295,92.405188,3.160889,2.508813
243.280657,92.139946,3.422981,2.908832
243.791617,92.580521,3.263564,2.813050
243.621110,93.665903,3.057396,2.795996
243.981707,94.074032,3.058531,2.719339
243.444526,95.789357,3.174493,2.866665
243.324470,96.264557,3.667091,3.014500
243.879263,96.222296,3.724404,3.018095
243.545747,95.200454,3.500365,2.870054
243.773911,94.236300,3.086309,3.124284
243.826127,93.865010,2.927997,2.707090
243.647249,93.142572,3.567264,2.639047
243.297871,92.703099,3.561684,2.565054
243.279205,93.174765,3.242939,2.599951
243.562527,93.136594,3.240876,2.652749
243.812250,93.026160,3.197847,2.754612
243.930148,92.791627,3.072021,2.877555
243.708120,92.528032,3.126150,2.829712
242.939680,91.722811,3.501992,2.769625
242.885747,91.094663,3.340930,2.880471
242.682586,91.204231,3.336411,3.112126
241.873857,90.884682,3.905150,3.360034
242.269866,90.516308,3.942358,3.233937
242.083130,90.118012,3.664612,2.892079
241.685056,89.783112,4.328644,3.304864
241.746867,90.816489,4.216376,3.222536
242.724253,90.662463,3.829348,3.259574
243.311765,91.370017,3.348148,2.940664
243.889163,93.235405,3.210826,3.043758
243.525436,94.820391,3.245823,2.908577
243.195952,96.060653,3.471374,3.101682
243.042961,96.121679,3.914869,3.338871
242.845261,95.607994,3.308861,2.898647
242.933640,93.634158,3.263884,2.468760
242.439325,92.755984,3.228024,2.518987
242.678130,91.926267,3.556035,2.808407
242.483481,91.026835,3.478095,3.030815
242.265355,90.784449,3.561892,2.887096
241.793888,89.980248,4.023832,3.157870
242.138278,89.763393,4.317117,3.881539
242.604036,90.506297,3.672102,3.178187
243.782494,91.188502,3.692381,3.138898
243.482003,91.941468,3.563012,3.012321
244.773907,93.997489,3.050390,2.817645
245.259539,95.507788,2.938140,2.641349
244.720013,96.609755,3.323309,2.919450
244.824037,95.606514,3.234301,2.507286
245.454874,94.675951,2.982894,2.575201
244.869154,93.801010,3.008432,2.522601
245.081520,92.826000,3.290953,2.648326
244.106225,92.287642,3.380529,2.991067
244.515758,91.921638,3.594879,2.808439
244.404360,91.320275,3.258847,2.858748
243.701870,91.495765,3.623494,3.078819
242.992778,91.040236,4.204652,3.247556
242.781509,91.083963,4.328652,3.415342
242.940021,90.685623,4.356828,2.888655
242.760286,90.147733,4.083459,3.079074
243.040623,90.296494,4.229878,3.433463
242.793331,89.958659,4.241036,3.544875
242.785400,90.008307,3.844339,3.108578
242.707548,89.908338,3.945120,3.169476
242.860055,90.633300,4.281758,3.462142
243.079607,91.622629,4.066648,3.093340
242.790113,91.910140,3.957690,2.901598
243.324171,93.624554,3.623424,3.006728
243.984886,95.179892,3.326079,2.378869
243.549240,96.830635,3.486992,3.051634
243.847279,96.645369,3.817888,2.924840
243.524072,95.153958,3.201493,2.392227
243.491795,94.018593,3.336502,2.780912
242.858495,92.570251,3.259720,2.682545
243.648752,91.737259,3.304044,2.682739
243.200632,91.435976,3.547413,2.986223
242.842403,90.452481,3.683913,3.125860
242.688661,90.469477,3.363669,2.977999
243.586458,91.068605,3.096573,2.750205
244.017712,91.403479,3.277357,2.539592
243.898180,91.376217,3.264804,2.733044
244.598092,92.705448,2.844595,2.382096
244.740592,94.606315,2.985715,2.330679
245.507719,95.799796,2.872552,2.845767
245.884750,97.205494,3.400196,2.847747
246.075544,95.998052,2.960261,2.545570
246.038884,94.443771,2.950764,2.677682
245.535564,93.498342,2.913678,2.638321
246.042958,92.834155,2.917869,2.342113
246.028605,91.871736,3.007156,2.798216
245.566888,92.137153,3.218405,2.608687
245.891665,91.892648,3.540411,2.947146
246.073523,91.252633,3.457240,2.940430
246.418899,91.943067,3.328340,2.758836
245.797723,92.142401,3.172620,2.689520
246.411475,93.385415,3.148444,2.477355
245.972086,93.691991,3.130517,2.490878
245.619413,95.366925,3.133291,2.854185
246.195457,96.576036,3.122662,2.870326
245.667823,95.956897,3.025644,2.718387
245.632270,95.270034,3.057768,2.527351
245.074803,93.584243,3.266455,2.426639
244.262956,92.946563,3.462715,2.855692
245.166015,92.438588,2.977481,2.774101
243.914590,92.093675,3.247097,2.907722
243.850106,91.757144,3.427939,2.966363
243.825336,91.300426,3.334180,2.887825
243.746878,92.330066,3.257141,2.951182
243.734381,92.972790,3.198279,2.693078
244.372308,94.116001,3.008520,2.587216
243.670621,95.591804,3.422844,2.408120
243.844972,96.189825,4.002308,3.305159
243.992205,96.845687,3.605930,2.968981
243.383399,95.790455,3.158025,2.939156
243.215254,94.081325,3.693184,3.058696
242.928439,93.291471,3.519028,2.721627
242.817900,93.303842,3.619885,3.045475
242.245423,92.556056,3.557262,2.647471
242.507820,93.236990,3.064992,2.534032
242.975970,92.243452,3.122227,2.624004
242.583186,92.373631,3.166411,2.606374
243.226895,92.762175,3.269751,2.526879
243.564923,93.597721,3.043285,2.751516
243.765063,94.902837,3.361558,2.499175
243.905650,96.429896,3.944924,3.094998
243.079171,96.351870,4.451719,3.358749
243.612280,95.200827,3.909452,3.178181
243.325152,94.496772,3.605259,3.031671
243.366335,93.380041,3.440904,2.892819
242.873199,92.754472,3.434995,2.871201
243.318983,91.921695,3.293587,2.723913
243.173902,91.981336,3.255739,2.686467
242.933742,91.863891,3.415668,2.808986
242.980978,91.251664,3.547261,2.789829
244.103651,91.576161,3.000042,2.795458
243.258599,91.742608,3.256789,2.618956
243.901204,92.196781,3.134124,2.534010
244.599717,93.601593,3.099772,2.498406
244.626799,94.132195,3.168182,2.885954
244.650207,95.708567,2.865824,2.853562
244.428453,97.136523,3.918068,3.084376
245.248317,95.594628,2.988322,2.561151
244.653152,94.580154,2.808367,2.656925
244.043606,94.320005,3.103467,2.537881
243.585188,92.370023,3.431796,3.254879
244.137732,92.464798,3.534233,2.895247
244.308027,92.811544,3.456287,2.831165
243.408650,91.832146,3.504051,2.886606
243.510361,91.826010,3.473370,2.783794
244.031421,91.961240,3.265921,2.803757
244.486641,92.284186,3.376698,2.836828
244.413028,93.594275,2.983841,2.847666
244.604331,94.658700,2.867599,2.715247
244.542214,96.269146,3.290356,2.883371
243.849565,96.826645,3.626684,3.119066
243.563001,95.873273,3.427737,2.868001
243.610549,94.100594,3.030351,2.878939
243.364441,92.781145,3.290843,2.937800
242.369582,92.175028,3.619507,2.863831
242.521039,92.117070,3.347584,2.585232
242.825558,91.703543,3.571087,3.083270
241.877250,90.854784,3.969061,3.566999
241.978369,88.366149,4.258447,5.393065
242.222085,88.917297,4.007452,5.012718
242.683796,89.912419,3.730667,4.433182
242.622155,90.470543,3.698766,3.596133
243.217730,91.820951,3.735183,2.782576
243.469406,92.990015,3.341193,2.305948
244.435407,94.341349,3.343649,2.917313
244.690903,95.872250,2.942135,2.844431
245.056157,97.333791,4.059026,3.029959
244.900381,96.349276,3.612759,3.146712
245.222233,95.019988,3.060169,2.419078
245.831606,93.688819,3.079779,2.583881
245.723028,92.940045,3.203096,3.054533
245.338686,92.460487,3.228130,2.769369
245.671641,92.191709,3.090979,2.815482
246.125120,91.693184,3.128671,2.584908
245.747359,91.983334,3.242466,2.667239
246.493130,92.536927,3.152180,2.867645
245.723059,93.189910,2.969376,2.604185
246.425345,94.242041,2.903951,2.640880
246.211645,94.959585,3.080045,2.781066
245.750992,97.103554,3.201970,2.982902
245.819566,96.222542,3.009617,2.796979
245.690348,94.564199,3.155671,2.536548
245.208018,93.815176,3.104228,2.392384
244.941329,92.441597,3.213274,2.590771
243.728857,92.111902,3.430905,2.824448
243.346722,91.847516,3.743832,2.697080
243.310179,91.273331,3.366970,2.699154
243.358362,91.445403,3.577317,3.017103
243.231993,91.228724,3.503991,2.953761
243.279978,91.601819,3.648881,2.947821
243.254856,91.879254,3.526022,2.714519
243.364832,92.434124,2.936593,2.656143
243.626031,93.788583,3.150528,2.391435
243.535428,96.011726,3.241743,2.802329
243.274716,96.943811,3.856244,2.827429
244.101163,96.485202,3.304636,2.552093
243.584940,94.762028,3.209583,2.439502
243.721164,93.959943,3.355779,2.568114
243.840408,93.363328,3.277799,2.942909
243.779027,92.839992,3.049025,2.742295
243.545392,92.252319,3.460849,2.912276
243.476538,92.051244,3.135295,2.548969
243.767796,92.001864,3.236268,2.691809
244.163715,92.244739,3.292417,2.515123
243.526202,91.830704,3.731092,3.062988
244.214397,93.737388,3.503290,2.937722
244.453519,94.625196,3.387745,2.614622
244.051029,96.138503,4.000404,3.424459
243.407949,96.730921,4.139698,3.453152
243.968399,95.600607,3.776960,3.068347
243.577905,94.386010,3.166545,2.367994
243.238902,93.170522,3.297550,2.940146
243.670508,92.418027,3.271308,2.873459
242.936893,92.061289,3.303979,2.852722
243.092529,91.351141,3.384440,2.938112
243.135739,91.397363,3.537500,2.878949
243.164887,91.258241,3.688504,2.850709
243.317196,91.386324,3.060499,2.969999
244.096749,92.235467,3.141168,2.524662
243.436461,93.297938,3.271833,2.558318
244.067633,93.632103,3.141525,2.406296
244.465422,95.865156,3.143931,2.853276
244.015278,97.543997,4.018304,2.936846
244.048928,96.140834,3.501324,2.679363
244.145500,94.968893,3.350890,2.507104
243.662220,93.926631,3.250575,2.675782
244.002712,92.974974,3.348825,2.792349
243.916417,92.403186,3.347207,2.745426
243.737975,92.415889,3.467036,2.885100
243.686785,92.377461,3.378586,2.550660
244.175391,91.691341,3.360175,2.542909
243.639169,92.258229,3.453110,2.910193
243.754672,92.981432,3.254466,2.605441
244.549186,94.108211,3.036769,2.626648
244.247781,95.723650,3.218276,2.889669
244.166785,96.339794,3.975539,3.122299
243.361774,96.714199,3.658176,2.819999
243.563275,94.769472,3.073705,2.351705
243.282610,94.328680,3.055772,2.589239
242.735667,92.447365,3.459492,2.895066
242.991141,92.769043,3.274051,2.810520
243.037880,91.704684,3.417355,2.510746
242.886195,91.503231,3.458431,2.928165
243.664364,91.985838,3.085258,2.819660
243.810400,92.034186,3.198663,2.773561
244.262203,92.442357,3.197414,2.587192
243.535098,92.721982,3.438856,2.421319
244.292121,94.110362,3.220335,2.785113
244.211917,95.136582,3.242242,2.828100
244.646119,97.231124,3.774874,2.992631
244.021540,95.528194,3.172398,2.676135
243.969530,94.500848,3.132188,2.759870
243.576529,93.518185,3.291489,2.769694
243.376183,93.062256,3.494266,2.723900
243.315879,92.259692,3.612333,2.888047
243.316639,92.000304,3.616299,2.786278
244.090228,91.449003,3.273276,2.827625
245.049491,91.745371,2.941269,2.929288
244.405670,91.678447,3.039483,2.805428
244.763184,91.609883,3.143470,2.860937
245.187990,91.889634,3.216544,2.648135
244.665470,92.824509,3.261710,2.636783
245.268655,93.735262,3.263274,2.745986
245.110016,95.127559,3.033239,2.387137
245.534109,96.197030,3.299671,3.207573
245.153034,96.112723,3.663529,3.228942
245.025304,94.978406,3.214343,2.573264
244.603652,94.381612,2.949504,2.520712
244.637076,93.439014,2.824519,2.765353
244.314352,92.293744,3.389329,2.844445
243.360604,92.261228,3.813026,2.859481
244.347014,91.259266,3.336362,2.779253
243.559294,91.699337,3.466511,2.807992
244.613323,91.160236,2.889206,2.746224
244.628473,91.318308,3.142943,2.653042
244.747485,91.883058,3.223623,2.876025
244.840876,93.012344,2.877496,2.873074
245.438000,94.968641,2.621897,2.822982
245.263880,95.767464,2.862826,2.607330
244.876728,96.317602,3.457944,3.049691
244.757469,95.870140,3.113325,2.907782
243.954150,94.345017,3.279371,2.871288
243.988899,93.867044,3.163826,2.723315
243.415053,93.125790,3.102133,2.417297
243.990725,92.197758,3.154234,2.862166
242.749017,91.606949,3.833973,3.125248
242.671899,91.778031,3.397948,2.789433
242.876694,90.489664,3.799032,3.520433
243.139857,87.753853,3.281668,2.933989
242.843750,87.508128,3.701836,3.205724
242.803233,87.818696,3.344920,3.004131
243.029240,87.841695,2.999864,2.846805
242.509550,88.304911,3.031972,2.883693
243.160965,87.787618,2.894115,2.656165
242.644352,87.894987,2.918220,2.941833
243.138606,88.196473,2.913220,2.797390
241.632076,86.788541,4.258777,3.690692
242.504498,91.772407,3.227558,2.513759
242.786440,91.539483,3.053735,2.922870
242.276913,90.558112,3.924097,3.690987
242.543322,90.746962,3.440722,3.602122
241.642935,89.439355,3.880044,4.976089
241.745786,90.301043,3.804121,3.626387
242.040227,89.928937,4.183893,3.721543
242.804242,91.461548,3.644135,2.839598
243.641373,93.105628,3.191794,2.703438
243.827280,94.386664,3.197840,2.580861
244.193601,95.120799,3.323244,2.823839
244.045022,96.974063,3.916782,2.816580
243.530084,96.662215,3.951355,2.985687
243.392845,95.359765,3.451990,2.566610
243.890031,93.500922,3.444650,2.860586
243.765547,93.208642,3.400787,3.356693
243.934556,92.509909,3.610736,2.704128
243.968947,92.704321,3.351289,2.898573
243.679296,91.900929,3.648674,2.881548
243.647941,92.176893,3.489957,2.838537
243.739542,92.803715,3.240830,2.648123
244.181650,93.541359,3.289902,2.864020
244.227059,95.381159,3.120490,2.563631
243.061960,95.844332,4.049991,3.105159
243.056921,96.662018,3.758508,2.814747
242.712174,95.403983,3.960468,3.265950
242.567095,93.676843,3.919560,3.240739
242.597768,93.012499,3.433027,3.048595
242.738317,92.790659,2.962358,2.593260
242.701995,92.402717,3.135974,2.884918
242.299295,92.153139,3.188144,2.932609
242.985647,91.608808,3.066284,3.059102
242.830938,91.841961,3.039032,2.313669
242.660720,92.923411,3.473238,2.837098
243.379268,93.267478,3.151119,2.804529
243.901661,94.682537,3.019464,2.416006
244.135086,96.791242,3.400002,3.096841
244.552999,96.262414,3.553073,2.969337
243.945717,95.524021,3.392825,2.901141
244.227744,94.627052,3.182909,2.671089
243.790074,92.976302,3.287834,2.963862
243.526031,92.336039,3.672177,2.896243
244.003827,91.647998,3.732407,2.793628
243.807634,90.608725,4.208708,3.341650
243.971704,91.661067,3.606421,2.897593
244.850199,91.090886,3.340412,2.810312
244.985926,91.743268,3.044674,2.645365
244.369607,92.054504,3.255384,2.667269
245.073383,93.144963,2.928519,2.627625
244.510391,94.256647,2.900311,3.054970
244.714898,95.285261,2.927210,2.943033
243.869307,96.952124,4.095292,2.927461
243.584192,96.433353,3.415341,2.425770
243.083542,93.832755,3.880779,3.238441
242.100934,93.047698,3.614098,3.408939
243.052562,92.650334,3.245670,3.376556
242.207943,92.234541,3.179410,3.447762
242.367509,90.615962,3.233848,4.163096
242.198814,90.214069,3.899304,5.000939
242.412650,89.870231,3.459458,4.520686
242.602762,91.579056,3.267254,3.275689
242.905598,92.400415,3.560564,2.410339
242.830847,92.203100,3.464423,2.811839
243.906571,94.214940,3.002524,2.416513
243.979704,95.383380,3.279301,2.833235
244.534354,97.174556,3.578703,3.053903
244.421448,96.027697,3.841885,3.043477
244.836924,94.755215,3.218631,2.799685
244.532144,93.604429,3.185112,3.011471
244.144813,92.589569,3.156190,3.178022
244.900128,92.275257,3.070436,2.812465
245.084050,92.150791,3.109481,2.911405
244.852308,92.703459,2.983661,2.701928
244.680675,92.622863,3.390824,2.887584
244.834804,93.003370,2.773723,2.788070
245.065473,94.914251,2.761549,2.851893
245.287529,96.195773,3.006199,2.743009
244.196014,96.665491,3.831362,3.064083
244.123240,96.033076,3.424911,2.714919
244.141229,94.616782,3.179018,2.703689
243.379701,93.579103,3.046545,2.765088
242.744305,92.540778,3.584475,3.203440
242.124900,92.453226,3.696065,2.980526
242.676290,92.138759,3.414912,2.789892
242.815432,92.317043,3.095549,2.328404
242.677361,92.261162,3.346272,2.940818
242.816201,92.915293,3.280630,2.737050
243.530623,93.860145,3.478458,2.805794
243.317416,94.770411,3.221175,2.670623
243.478678,96.395889,3.546082,2.995834
243.940891,96.566636,3.657249,2.916336
243.519938,95.661512,3.369213,2.763152
243.416405,94.237452,3.346462,2.714173
243.489978,94.039961,3.073318,2.445720
243.214882,92.585990,3.498241,3.262720
243.789245,93.111341,3.348044,2.591407
244.277727,93.182964,3.422891,2.723175
244.433688,92.966344,3.358546,2.913752
243.934172,93.344666,3.170242,2.809041
243.880339,93.869608,3.128806,3.087492
243.651719,94.948271,3.853318,3.493238
243.478551,97.263966,4.391352,2.963892
243.662428,96.615185,3.699485,2.743321
242.872393,95.367133,3.947476,3.390714
242.571721,93.529860,3.987352,3.380098
242.673169,93.104162,3.389227,3.045143
242.383776,92.606664,3.361634,3.190778
242.699611,92.860025,2.972872,2.915582
242.442090,92.805356,3.312743,3.084717
242.383965,92.377909,2.854436,2.992090
242.630846,92.801310,3.201653,2.531909
242.870673,93.340856,3.596933,3.017806
242.803716,94.240275,3.312217,2.890062
243.741769,95.779374,3.244864,2.829300
243.461687,96.794029,4.098723,2.944884
243.427631,96.559937,3.569552,2.960099
244.054441,95.285117,3.532470,3.010385
243.801856,94.098399,3.386525,2.931445
243.823113,92.916532,3.320767,3.459958
244.334852,92.505470,3.341677,3.251040
243.925529,92.951483,3.345459,2.705117
243.983796,92.468614,3.352296,2.725439
244.093129,93.013121,3.327723,2.793761
244.182214,92.759114,3.393203,2.752621
244.500266,93.057742,3.196243,2.753940
244.662153,94.597836,2.913956,2.970174
244.879035,95.702822,2.953866,2.879921
244.514548,97.360553,4.007473,2.922980
244.024157,95.899527,3.221051,2.632050
243.719600,95.092652,3.244505,2.591956
244.261303,94.408269,3.146289,2.393467
244.189683,93.316906,3.214310,2.257473
243.941715,92.220856,3.251670,2.969338
242.992129,91.854855,3.748225,3.028343
243.286584,92.181620,3.435254,2.688804
243.119624,92.022987,3.442256,2.516458
243.662306,92.773904,3.254648,2.689119
244.302773,93.349071,3.312331,2.813879
245.238152,94.646414,2.843383,2.866400
244.700510,95.757269,2.767832,2.728271
243.937578,96.748395,4.026930,2.974172
244.629626,96.398772,3.354112,2.769371
244.609688,95.341698,3.157247,2.863765
244.671953,94.591945,2.843742,2.927699
245.019797,93.356456,2.714610,2.974808
244.717752,92.642609,3.307773,2.919710
244.428672,92.010675,3.198053,2.896025
244.151915,92.494182,3.107838,2.801635
244.208658,92.524983,3.237391,2.883469
245.212210,93.975162,2.938521,2.880616
244.610351,94.891774,2.942482,2.795319
245.122050,95.971048,2.950063,2.712169
244.216024,97.368305,3.785609,2.900015
244.570411,96.036189,3.617360,3.005610
244.946078,94.832110,3.220399,3.012388
244.772956,94.181984,3.019925,2.852999
244.566316,93.181670,3.167442,2.724898
244.169468,92.661242,3.258652,2.650193
243.587291,92.768344,3.330292,2.583270
243.977728,92.705042,3.311567,2.715899
243.501153,92.866865,3.145282,2.559767
244.036593,93.410702,3.238032,2.969791
244.315709,94.835187,3.248661,2.901350
245.152103,95.759459,3.041072,2.646282
244.193256,96.923248,3.572925,3.104376
244.859270,96.243186,2.944157,2.739749
245.086913,94.356883,3.048817,2.704015
244.502982,93.683188,2.900167,2.601327
245.426646,93.816052,2.786197,2.946677
244.707534,93.042106,2.995729,2.625109
245.049032,92.939619,3.051076,2.793327
244.467618,92.806838,3.149067,2.871006
244.539246,92.357526,3.036773,2.719938
245.235085,92.858499,3.077709,2.795711
244.822373,94.333561,3.124587,2.773800
245.349992,95.056109,3.369668,2.933083
244.355513,96.522199,3.785954,3.157640
244.716154,96.585743,3.921769,3.127608
245.031682,95.174280,3.130669,2.823377
244.517797,94.108742,2.783428,2.742874
244.667845,94.109749,2.950380,2.721226
244.360140,93.209866,3.438955,3.137497
243.992031,92.198964,3.620723,2.916515
243.963823,92.476020,3.649464,2.942989
243.254888,92.039957,3.847464,3.089360
243.705134,91.365077,3.842335,3.189002
243.404483,91.724111,4.203990,3.319088
243.623942,91.194682,3.710488,3.008613
243.856872,90.725546,3.784361,3.265491
243.701958,90.551780,3.620542,2.922457
242.681603,90.338390,3.772891,3.196387
242.234385,88.908844,4.264790,4.565789
242.729467,87.904042,4.603149,5.587607
241.622577,89.067272,4.129106,4.506269
241.646022,87.985910,4.584960,5.062238
241.703857,87.106463,4.580531,5.463805
241.806647,87.648234,5.148162,6.137063
241.778180,87.409141,4.470625,5.642603
241.402237,87.724415,4.282212,4.940855
241.752348,87.130486,4.496945,5.739519
241.473648,88.063121,4.107626,4.481784
240.797526,89.018884,4.609964,3.974194
241.551998,87.788500,4.540061,5.110944
241.790092,87.780570,4.209249,5.337166
242.363026,89.212789,4.092306,3.894230
242.751708,89.666484,3.709808,3.440918
242.286014,89.618965,3.959308,3.358121
242.121012,89.643603,3.694339,2.923178
242.241107,89.865704,3.724398,3.052435
242.657184,90.331385,3.421303,2.759788
242.210381,90.001932,3.748762,2.819896
241.371228,89.739979,4.814354,3.381725
242.059188,89.606877,4.303548,3.110310
242.104189,89.364740,3.764531,2.964747
242.025951,89.787740,4.152420,2.672429
241.239511,89.587441,4.970025,3.256319
241.862326,89.502292,4.418120,3.212799
241.666871,89.944769,4.452723,3.513911
241.189323,89.587004,4.622626,3.572485
241.565827,89.940259,4.367951,3.613243
241.410218,89.755436,4.323883,3.493073
241.348102,89.577505,4.181968,3.425498
241.906385,90.456773,4.362257,3.426272
241.727488,90.186933,4.225259,3.544677
241.517581,89.999337,3.944803,3.691532
242.222570,89.819862,3.989841,3.668041
242.174625,89.770542,3.774932,3.436980
241.483281,89.443084,3.658685,4.832858
241.233400,88.398393,3.775089,10.316216
241.047137,87.910566,3.990129,10.990354
240.835389,87.920100,4.391200,9.757938
240.614747,88.051529,4.533136,10.901377
241.582375,88.960071,4.859263,5.386319
241.668443,89.658409,3.702783,3.911060
240.599138,88.483199,4.934883,4.481194
241.185152,89.823621,4.508912,4.269414
242.645273,90.921928,3.876389,3.223581
242.881156,92.232687,3.709720,3.026795
242.838985,92.968250,3.325263,3.050388
243.648944,94.957669,3.105664,2.580104
244.071443,96.738732,3.200016,2.996264
243.413320,96.012585,3.849928,3.141368
243.480384,94.466229,3.377265,2.612411
243.129862,93.178131,3.533377,2.965955
243.313751,92.511701,3.587992,2.980252
242.943849,91.747115,3.548842,2.825698
242.802941,91.055505,3.802397,3.008312
242.339489,90.884892,3.687368,2.993081
243.702445,91.888237,3.149435,2.978447
243.425214,92.283998,3.473450,2.846668
243.619845,93.776178,3.324435,2.821038
244.596041,95.008106,2.972746,2.857558
244.746399,97.269548,3.341491,2.846735
244.811019,96.209523,3.095062,2.700462
245.181579,94.334261,3.012722,2.663024
244.583910,93.172348,2.950074,2.853878
244.663892,92.204448,3.208979,2.675518
244.716245,91.355484,3.324567,2.844728
244.356518,91.723550,3.375305,2.865614
243.922215,90.471796,3.577624,2.909173
245.116719,91.243078,3.178486,2.585178
244.383388,90.268634,3.463810,2.722739
244.231424,91.218814,3.571850,2.620064
244.424655,91.474063,3.322858,2.963030
244.549832,92.916127,3.332807,2.863154
244.835404,93.732730,3.056994,2.495896
245.517749,95.456167,3.192060,2.835608
243.823836,97.510458,4.472222,2.908355
244.437796,96.316171,3.174098,2.641748
245.050704,94.166624,2.670544,2.764426
244.640543,93.443304,2.905790,2.807304
244.147867,92.177782,3.347162,2.897377
243.460894,91.652948,4.031922,3.041001
242.655520,90.401454,4.457525,3.605341
243.335030,90.252048,4.121656,3.316976
243.424935,91.077668,3.540880,2.918454
243.890815,91.206559,3.385524,2.909274
244.363633,92.345381,3.240163,2.837804
245.398358,93.494663,2.891687,2.977866
244.901548,94.927643,2.776263,2.454656
244.657835,96.157555,3.342180,2.974521
244.578464,96.626544,3.377977,2.877635
244.650559,94.788348,2.977046,2.871097
244.818587,94.144842,2.985540,2.899177
244.368714,92.314455,3.353765,3.201141
243.501508,92.136518,3.949265,3.010424
243.878695,91.516958,3.822280,2.709359
243.924455,91.832168,3.635283,3.024458
243.479280,91.805533,3.669678,2.980108
244.139161,92.242229,3.405977,2.617498
243.752149,91.924794,3.590884,3.013320
243.620409,94.047860,3.276108,2.760654
243.943670,95.214562,3.363118,2.888789
244.422667,96.715275,3.733979,3.347654
243.870413,95.947430,3.374498,2.668643
243.947343,94.606041,3.230530,2.598242
243.397154,93.306906,3.121535,2.894300
244.105238,92.787962,3.030533,2.744534
242.326603,91.680171,3.998970,3.184039
242.140388,90.955587,4.049222,3.346008
242.188144,91.342022,3.876393,3.208621
242.392767,91.631842,3.844451,3.242421
243.228741,91.568884,3.627414,2.633141
243.491254,93.117070,3.126717,2.673493
244.170746,94.839737,3.265237,2.869299
244.398319,95.773531,3.573746,2.766842
243.797720,96.217694,3.889422,3.258574
243.955348,95.632681,3.868752,3.096842
243.497621,94.080458,3.731740,3.014125
243.770418,92.226956,3.724589,3.037996
242.761758,91.780081,4.134518,3.060824
243.736708,91.575898,3.795956,2.746637
243.875862,91.702019,3.592445,3.051685
243.482829,91.311408,3.500871,2.929381
243.429670,91.395762,3.632698,2.955812
244.155341,91.104366,3.562577,3.187873
244.288083,91.841507,3.147062,2.966237
244.820381,92.771239,3.180793,3.238904
244.405990,94.917802,3.224115,2.512326
244.501425,96.559249,3.283930,3.087033
243.577517,95.780983,3.594362,2.998894
244.278710,95.317173,3.248219,2.443982
243.699424,93.044633,3.056221,2.777069
243.722369,93.141834,3.206881,2.739316
243.365325,91.381812,3.515542,2.765560
242.498793,91.708776,3.641515,3.044604
242.931875,91.703000,3.706022,2.938046
242.891215,91.805478,3.603621,2.853082
243.547671,91.973892,3.637301,2.972466
244.175294,93.861514,3.412534,2.911128
244.564401,95.007746,3.292610,2.553644
244.667489,96.718625,3.423786,3.127342
244.510639,96.546075,3.627665,3.161819
244.224095,95.306645,3.576673,2.555359
243.260622,93.827087,3.583214,2.772251
243.193771,92.449899,3.606315,2.708230
244.295767,92.599873,3.615906,2.800594
243.510682,91.267556,3.621323,2.766005
243.718277,91.640269,3.518946,2.860611
244.296900,91.036258,3.298774,2.843245
245.001427,91.506220,3.203150,2.878372
245.018081,92.835004,2.913020,2.852472
245.150996,93.471426,3.114261,3.002269
245.226987,95.346599,2.777227,2.570112
244.932539,96.521833,3.210135,2.933591
244.862365,96.927244,3.259069,3.065273
244.419866,95.266506,3.289466,2.912612
243.472361,94.223088,3.546081,2.828698
243.579573,92.997406,3.394280,2.782055
243.109588,92.118379,3.720163,2.910408
243.037083,91.231507,3.982886,2.741852
242.865883,91.006396,4.380710,3.080389
242.753194,91.553806,4.101093,3.002064
243.687717,91.646880,3.951714,3.153792
244.643584,93.215237,3.134239,2.811875
244.636355,94.793837,3.095428,2.749858
244.639141,96.571678,3.389571,3.135088
244.356740,96.448248,3.602249,3.057310
243.955447,95.153163,3.511647,2.748078
243.829405,94.155958,3.324945,2.870085
243.350892,93.062691,3.479424,3.210167
242.505063,92.111986,4.085532,2.913586
241.970703,91.834185,3.909747,2.963924
242.429206,92.423732,3.777815,2.925694
242.705723,91.954935,3.886574,2.609857
243.037017,91.906410,3.522765,2.969836
243.668734,92.483368,3.202899,2.731898
243.989186,93.254107,3.037489,2.827964
243.456880,94.319640,2.917898,2.654832
243.820919,95.743964,3.317172,2.691010
244.090139,96.829294,3.808272,3.041518
243.668633,95.880313,3.239294,2.826531
243.596599,94.028402,2.985796,3.027766
242.260799,93.035641,3.707957,3.073245
242.650264,92.011523,3.793216,2.960753
241.668162,92.533091,4.144003,2.983383
242.377073,90.844399,3.816791,3.464385
241.989362,91.336059,3.916706,3.259705
242.197617,91.164299,4.297749,3.988052
241.956483,90.712358,4.023095,3.501229
242.374019,92.279582,4.057070,2.995018
243.906878,92.648352,3.466346,2.572406
243.126250,93.662427,3.540177,3.360047
243.408625,95.963248,3.692526,2.774201
243.223883,97.038090,4.312112,2.945745
243.490889,95.795778,3.730713,2.840399
243.853053,94.887274,3.650811,2.722427
243.772230,93.247696,3.407439,2.896948
243.816866,92.902793,3.137533,2.789983
244.097760,92.677896,3.503376,3.021014
243.437587,92.360992,3.689175,2.938662
244.216860,91.970625,3.333613,2.917778
244.888101,92.173770,3.165293,2.906619
244.820652,93.021974,2.990768,2.493199
244.779118,93.837239,3.000382,2.379280
244.789323,94.938613,3.204553,2.744768
245.017599,96.730656,4.344769,3.518125
245.355806,96.588396,3.524093,3.018233
245.163782,95.272525,3.334536,2.511611
244.772216,93.349777,3.406067,2.711246
244.629928,93.069702,3.598198,3.088989
245.015395,92.069713,3.516590,2.849845
244.885591,92.077781,3.485650,2.955919
244.938592,92.078187,3.285109,2.775034
244.819030,92.315988,3.408955,2.908544
244.876226,93.285529,3.248100,2.589126
244.472085,93.404684,3.159121,2.896244
244.487374,95.852018,3.259346,2.877424
243.946219,96.879893,4.271932,2.915532
244.327572,95.971066,3.299552,2.465064
244.715692,95.291413,2.985108,2.433076
243.498204,94.062755,3.770720,2.828213
244.047292,93.779399,3.515301,2.923037
243.820245,92.602763,3.743752,2.739472
243.896343,92.961138,3.439000,2.857987
243.755447,92.097922,3.697026,3.176532
243.260278,92.237508,3.676383,2.813432
243.183949,93.154086,3.585296,3.143179
243.542703,93.302795,3.579301,2.857708
243.569606,93.831357,3.509109,3.628477
243.381882,94.201891,3.923151,3.638160
244.244925,95.229143,3.901209,3.515766
243.808387,96.481182,4.376523,3.373925
244.775848,97.138772,4.007031,3.036562
244.845219,95.855071,3.690337,2.869278
245.328816,95.768936,3.207614,2.934193
246.274137,94.715492,3.236299,2.552554
246.007269,94.478387,3.252519,2.926019
245.813830,94.719050,4.032180,3.857924
245.609100,95.599637,4.237956,3.675837
245.556018,96.757584,4.061052,3.514034
245.577061,94.954593,3.321439,3.038597
245.707952,95.100993,3.072418,2.357719
245.750424,93.703518,2.915324,3.147890
245.635051,93.328107,2.949161,2.852938
245.673094,93.719642,3.130786,3.100212
245.563323,94.955940,3.133752,3.209398
245.490645,96.484626,3.258240,3.322250
245.208174,96.325908,3.880962,3.392069
244.433362,94.873034,3.681707,2.986379
245.163061,94.495290,3.361586,3.191037
244.653862,93.717107,3.152327,2.678644
244.442262,93.227773,3.659220,2.974508
244.386127,92.641815,3.515457,3.037228
244.226468,93.244098,3.384778,3.049603
244.934933,93.384210,3.170082,2.883330
244.544564,93.006199,3.160422,2.740404
244.039987,92.634001,3.658497,3.103832
243.673330,92.378592,3.513142,2.909602
243.755687,92.045916,3.405070,2.926975
243.842980,91.377237,3.473442,3.057841
242.963444,90.648908,4.030420,3.248862
243.644219,89.942200,4.098226,3.705741
242.888226,89.752824,4.282053,3.913018
242.814966,90.557257,4.074988,3.562402
243.385190,91.536909,3.750753,3.247084
244.395835,91.903763,3.769025,2.840312
244.940356,93.070142,3.353838,2.640137
244.266255,94.353046,3.292258,3.034507
245.312081,96.087927,3.061865,2.745092
244.182657,97.518943,4.007615,2.905288
244.512257,95.412899,3.470662,3.027979
243.501496,94.685084,3.835782,3.060672
243.723235,93.163130,3.869578,3.239059
243.431457,92.597277,3.969548,2.997885
243.886775,92.090449,3.708715,2.519476
243.631675,91.194643,3.891603,2.913548
242.406036,90.526966,4.468489,3.173844
243.211985,91.127281,3.823527,2.663288
243.916103,91.110914,3.609323,3.018406
244.502454,91.519664,3.282031,2.568720
245.293029,92.554623,3.165427,2.608623
246.065991,94.216949,2.630873,2.925699
246.414873,95.685072,3.112151,2.538666
246.297435,96.460734,3.365141,3.163548
246.195757,95.359552,3.277873,2.847918
246.355087,94.351813,3.236585,2.667131
246.027780,92.389487,3.246572,3.004507
246.067185,92.690220,3.496459,2.845781
247.082674,91.076877,3.004437,2.959717
246.175755,90.751690,3.323766,2.842176
246.871529,90.386716,3.574385,2.795638
246.357028,90.602131,4.370020,3.158798
248.081123,90.403074,2.830959,2.653952
248.172244,91.183217,3.026504,2.612486
247.978413,91.919757,3.145171,2.957989
248.893234,92.490499,2.897939,2.841947
249.690597,94.387103,2.427079,2.754954
249.499699,96.387843,2.930182,2.382514
249.396273,96.485881,3.409067,3.152559
249.033050,95.211230,3.134591,2.401449
249.222293,93.793227,2.765022,2.468388
249.010747,92.308695,2.968762,2.606292
249.447585,91.316737,2.909026,2.733028
248.828808,91.041191,3.004800,2.858337
249.269838,91.303290,3.106079,2.664561
248.570402,90.513644,3.417200,2.634395
248.714618,91.758307,3.146893,2.968860
248.633872,92.494743,3.156444,2.608471
249.279268,94.080470,3.019119,2.610257
248.781418,96.211108,3.036115,2.624199
248.879308,96.011018,3.561225,3.061546
248.384334,94.668706,3.076267,2.720641
248.160341,93.557943,3.280591,2.875593
248.209419,93.085127,3.356417,2.787660
248.180457,91.716797,3.393842,2.776809
248.179812,91.084961,3.211442,2.834940
248.043946,91.349907,3.260403,2.881569
247.901772,91.604730,3.152281,2.905437
247.114009,90.738077,3.687803,3.064155
245.912559,91.159363,4.520814,3.484928
246.097891,90.607479,4.515629,3.361811
246.165496,90.727365,4.417387,3.396587
246.326973,91.044769,4.130611,3.023822
245.695127,90.407300,4.256853,3.408012
245.587708,90.818437,4.285843,3.037670
245.886253,90.345326,4.351538,3.796462
245.614213,91.540697,4.088740,2.677238
246.210523,92.486731,3.513073,2.728229
247.285366,94.453363,3.249611,2.421044
246.574833,95.091880,3.378675,2.872973
246.267811,96.969510,3.727251,2.751185
246.226858,95.432283,3.238512,2.885795
246.108319,94.680838,3.635513,3.040690
245.775418,93.319444,3.530686,3.123859
245.257127,92.395144,3.435370,2.796718
246.179323,92.544553,3.526296,2.803044
246.290062,92.617232,3.243448,2.314442
246.180827,92.107277,3.471102,2.662953
246.378182,92.085773,3.288458,2.612959
246.342540,92.974914,3.279944,2.785316
247.268762,93.615677,3.009140,2.613794
246.417647,95.247665,3.406555,2.993259
246.222894,97.289070,3.876862,2.680266
246.444686,96.022875,3.304670,2.599244
246.772873,94.738821,3.289908,3.006279
246.742191,93.242537,3.019245,2.821632
246.853327,92.405497,3.303218,2.619611
246.056755,92.151798,3.253625,2.831075
246.667635,92.111550,3.471186,2.562417
247.092415,92.215263,3.320756,2.651948
246.536362,91.258779,3.321832,2.687728
246.959686,91.545593,3.427914,2.602912
246.563655,91.991484,3.455035,2.870828
246.654470,92.820575,3.230486,2.453693
247.352537,93.861402,3.032307,2.621242
246.853897,95.412062,3.294447,2.913319
246.699379,97.276778,3.730316,2.804502
246.631221,95.747454,3.506356,2.845594
246.530978,94.010903,3.146952,2.936912
246.156268,93.281745,3.137180,2.894421
246.454829,92.711055,3.290943,2.812880
246.060972,91.930242,3.222257,2.762033
246.177919,92.462464,3.156533,2.529716
246.571551,91.861234,3.041186,2.325406
246.407424,91.592830,3.198568,2.582662
246.588006,92.223525,3.585039,2.775761
246.470749,92.741611,3.718763,2.716741
247.565349,92.917722,2.820898,2.812947
248.096008,94.586679,2.630420,2.786688
247.932753,95.782929,2.948771,2.488531
247.729354,95.808968,3.538577,3.034394
248.420093,95.819177,3.375727,2.880988
247.501956,94.432546,3.220976,2.695242
247.909909,93.834415,3.302980,2.419980
247.209946,93.312998,3.623856,3.025443
247.857783,92.954152,3.389420,2.419894
247.457122,92.946937,3.562513,2.736293
247.586674,92.652586,3.503035,2.619446
247.625402,93.505075,3.633896,2.778173
248.600636,93.651785,3.038785,2.947939
248.778153,93.981245,3.050173,2.615619
249.281866,94.902312,2.865578,2.670078
248.594560,95.774900,3.187839,2.768634
248.989910,95.991304,3.393637,2.799618
249.098225,94.976235,3.201021,2.402208
248.429464,94.473098,3.456975,2.840253
248.561189,94.306220,3.209424,2.525583
249.152852,93.025629,3.198948,2.846616
248.909534,93.133765,3.721550,2.946515
248.235378,92.842928,3.838474,3.040277
248.647265,93.838365,3.757691,2.934875
248.746159,94.280276,3.202682,2.730863
249.587175,93.861748,3.612258,3.496357
249.130100,95.296484,3.924363,3.365691
248.507037,95.761713,4.175277,3.521467
249.443221,93.138586,3.282835,4.342150
249.900068,93.198512,3.904485,5.185596
248.537148,87.883291,7.036901,9.539195
248.111535,86.603374,5.883849,11.849417
248.945925,86.529086,9.807270,10.762058
250.273612,86.458261,8.925700,11.985831
258.494153,93.736016,4.595895,4.212892
258.959054,94.893179,3.743466,3.390814
259.254299,94.586576,3.965510,3.910372
257.873776,91.740814,5.229558,4.595777
258.315892,91.256763,4.878536,4.548396
256.424462,87.937836,6.407968,7.284545
255.121924,87.155903,7.270408,9.192040
255.516792,88.417330,13.497581,9.527310
264.152548,92.144853,4.193445,3.580143
264.590039,91.163478,2.577338,2.957838
263.690023,90.020029,2.887990,2.833955
263.332159,90.023325,3.486267,2.941068
262.591805,89.127320,3.193031,2.509641
263.064085,88.969691,3.265490,2.985653
262.823163,88.189346,3.530610,3.122475
259.273093,92.307896,3.035149,2.769261
259.518225,93.430522,3.445841,2.776807
259.257432,95.422702,4.087882,3.259178
260.357868,94.226564,3.492013,2.852050
260.005328,93.296054,3.867830,3.290504
261.478473,93.004250,4.320141,2.871314
262.948333,94.074785,3.232171,3.240931
263.083494,96.394125,2.842804,2.983833
262.329479,94.586025,2.833975,2.684155
262.790831,93.044848,2.852651,3.197428
262.560467,90.617936,3.097729,4.433055
262.615666,90.604201,2.924209,3.781738
262.674626,90.912773,3.192692,3.365807
262.232194,91.146939,3.401979,3.095939
262.559369,93.421362,2.717869,2.588121
262.436992,94.654299,2.718915,2.801776
261.155840,95.376113,3.191890,2.805550
260.501691,93.886267,3.320241,2.649094
260.266143,93.210664,3.437073,3.244318
259.085843,91.734467,4.100322,3.465586
259.724898,91.634230,3.118820,3.452201
258.325708,90.321597,4.246463,5.063345
256.974414,87.362984,5.227767,10.070556
255.712672,87.811640,7.762960,9.585527
256.351233,86.665207,7.221838,11.485297
256.925318,86.791300,5.946097,11.400714
257.026152,87.401768,5.737456,10.575552
256.641863,87.177679,5.353852,10.590022
256.584208,87.583562,5.229843,10.577121
257.604075,88.212568,6.441169,11.198524
257.113926,87.021221,4.881794,10.563407
257.128880,87.353246,5.007870,10.398579
257.142132,87.524914,5.051140,10.488888
256.580598,87.146913,5.014167,10.349524
256.494009,87.433349,4.971577,10.091491
257.516917,87.459415,4.828903,10.146230
256.879105,87.248553,5.196358,9.230010
256.947578,87.631598,7.171710,8.209892
256.058675,87.391694,8.919689,9.255629
255.964471,86.882761,12.335229,11.107824
266.696337,94.322769,4.141203,3.216875
267.627150,93.679871,3.662196,3.089073
268.126334,92.435382,3.296782,2.821203
267.939857,91.402172,3.382477,3.007611
267.299269,90.473820,4.015875,3.239209
266.749022,89.111076,4.368343,3.054098
266.997073,88.929700,4.660864,3.673091
267.113905,88.766021,3.971124,3.249800
266.633557,88.199959,4.477727,3.376266
266.296477,88.606360,4.830982,3.787448
268.046382,89.251198,3.433404,3.147137
268.496566,91.178437,3.259737,2.960996
268.610823,93.217866,2.960049,2.420148
268.726699,94.380077,3.207820,2.855619
268.987576,95.671744,3.241519,2.934975
269.097489,93.506911,3.001163,2.605656
268.531665,92.295023,2.989740,2.867282
268.915811,91.164268,2.760436,2.853696
268.260836,89.668311,3.585439,3.312240
267.583253,89.594842,3.948438,3.291389
265.565384,88.149568,5.603103,3.855532
265.281658,87.048488,5.886429,4.041779
266.483665,88.269070,4.899460,3.181617
266.462766,88.206000,4.478869,3.133453
266.127396,88.640448,5.044240,3.516051
267.366964,89.324661,3.745174,3.107170
267.618906,90.881132,3.574412,3.072735
268.060836,93.130463,3.104996,2.764175
267.175252,93.752839,3.319062,2.956895
267.243643,95.039667,4.009803,3.230565
266.173776,93.705297,4.127270,3.168289
266.030329,92.227841,3.905417,2.970736
266.150823,90.761552,3.811688,3.257319
265.785745,90.062305,3.592731,3.227911
264.719377,88.429702,4.721501,3.739515
264.774385,88.616272,4.113930,3.351596
264.781241,87.274232,4.968201,4.246984
264.170026,87.769566,4.991714,3.576684
264.479957,87.282362,4.868721,4.344327
264.491177,87.269195,5.202392,4.507707
264.929256,88.504451,4.359292,3.363931
264.547767,89.603005,4.762663,4.117206
263.970147,90.158831,4.797261,4.066331
266.082862,93.649104,3.017390,3.131635
264.929998,94.244872,4.249939,4.019271
264.955334,93.782583,3.688513,4.720979
261.813541,90.532845,7.149387,6.171086
260.224214,87.255892,6.855468,8.487576
257.045161,86.796283,5.184698,10.998075
256.777944,86.894258,5.280617,10.859428
256.507600,86.903577,5.239741,10.798769
256.179232,86.884624,5.435295,10.787200
257.223917,87.344336,5.126896,9.708214
257.054443,87.130103,5.140526,10.354296
256.157605,87.527801,5.223838,10.761806
256.293698,87.196927,5.751853,10.727544
257.166747,86.782766,6.048671,11.238239
256.285520,87.311969,5.478812,10.579488
255.906777,86.924926,5.033963,11.252253
256.664211,87.295585,5.049590,10.525858
257.239616,87.055568,9.739895,10.014710
255.687270,87.155706,7.684492,11.219799
255.333197,86.677152,6.460095,10.995136
255.442131,87.426991,7.918669,9.565316
255.297442,87.180253,8.998586,9.638173
255.736631,87.237532,8.278174,10.439680
254.643007,87.769078,9.848414,9.721570
254.450685,87.069480,11.074996,10.323456
256.660084,86.855355,5.909941,11.364964
256.062150,87.016749,6.579599,10.132002
256.187365,86.613012,5.828424,10.221619
256.656925,87.209417,5.857305,11.311676
258.905270,95.619458,4.496185,3.553453
259.529911,94.034227,4.127336,3.965488
259.343619,92.330705,4.270069,3.835464
259.399813,91.546601,4.201454,3.862857
260.407645,90.230992,5.180241,4.036083
261.067851,89.932508,4.569591,3.400696
261.629125,87.432509,6.372477,7.933349
261.726983,86.364663,6.490858,10.921671
262.427052,86.499295,5.485347,10.421794
262.329951,87.081411,5.110467,9.381770
261.316199,86.980746,5.972688,8.385976
260.888540,91.191687,3.809812,2.906316
260.506654,92.627634,3.336329,2.529779
260.753947,93.909161,3.343591,3.030003
260.365967,95.322450,3.646152,3.167678
259.710663,94.000131,3.871962,3.479465
259.402736,92.920284,3.694302,4.626606
257.688570,89.304854,4.411653,7.386411
257.584682,87.905409,5.787647,9.999922
256.446186,87.917351,5.646430,9.274538
255.736481,87.749817,6.949610,8.793037
256.654646,87.993573,7.937177,8.904887
255.569584,87.906035,8.092297,9.708412
255.297697,86.958506,7.473720,10.402570
255.796795,87.099592,8.344795,10.718434
254.336852,86.982828,11.931181,11.623701
244.954753,96.482101,4.763241,3.198488
244.083542,95.245341,3.698136,3.473885
243.933036,94.934592,3.380440,3.015215
242.012827,92.605220,4.383095,4.078742
241.083368,88.984215,4.374109,9.930946
240.757504,89.063079,4.809718,9.439275
240.764246,88.926696,4.624635,10.023705
241.455632,88.438459,4.362159,10.347748
241.242087,88.834236,4.814479,10.348249
241.523718,88.058959,4.826698,10.682350
242.051348,88.748654,4.525191,9.977040
241.342147,88.941525,5.169152,10.633837
241.613013,90.367156,5.487252,9.054195
244.287957,95.682724,3.613648,3.974018
244.776778,96.613604,4.077621,3.093608
245.146642,95.088332,3.838587,3.240916
244.501066,94.495364,3.522473,3.022957
245.225244,92.767411,3.716928,3.532137
245.105765,92.194017,3.525880,3.162402
245.505481,91.515545,3.488283,2.754463
245.117496,91.464541,4.199522,3.140488
245.005488,89.894878,4.612179,3.485833
245.240422,90.302071,4.212570,3.319918
245.113971,90.493898,4.533416,3.266854
245.236860,89.556005,4.598750,3.816307
244.975581,89.477843,4.704819,3.591652
245.069438,89.129556,4.305146,3.505457
245.672957,89.377371,4.133815,3.241781
245.601580,89.813129,4.172618,3.527673
244.733256,88.727524,4.210675,4.065906
245.279433,89.158314,3.980720,4.885449
245.182566,88.967868,4.072091,4.183144
244.371985,88.486128,4.053614,9.703585
245.093018,88.671378,4.276620,11.117405
244.797443,88.301741,4.642345,11.241663
244.303980,89.267598,4.523606,8.746340
244.846050,88.918144,4.128453,4.827712
245.622021,90.449476,3.657277,3.652731
245.343919,88.519448,3.944917,7.007151
246.471101,90.730872,3.704434,3.010187
246.262989,90.471051,4.078919,3.596157
246.326369,90.872428,3.983566,3.114616
245.590224,89.998675,4.187707,3.818106
245.998847,90.733130,3.617395,2.875638
246.526110,90.323366,3.825715,3.329967
245.689850,91.652355,3.800527,3.113074
245.480209,91.247683,3.707886,3.286955
245.902139,90.941740,3.631128,3.333122
245.061883,90.047406,4.065860,3.686466
245.268715,90.027093,4.205402,3.946131
244.828655,89.500168,4.096447,3.935232
245.588218,89.883885,4.066908,3.776966
244.740884,90.104116,4.088216,3.141371
245.411040,90.344713,4.328015,3.375509
244.667591,90.885522,4.374759,3.208980
246.098078,91.247330,4.104880,3.233989
246.321766,92.825013,3.255069,2.808272
247.279432,93.762358,2.932549,2.387340
247.091087,95.841862,3.041363,2.988978
246.769398,96.632044,3.459783,2.895933
246.359811,95.514320,3.515239,2.809520
246.047756,95.081582,3.317220,2.846215
246.536512,93.601548,3.179267,2.798712
246.082743,92.567407,3.402186,2.874963
246.121378,91.695425,3.419407,2.805383
246.140076,91.035833,3.609283,3.030167
246.213705,90.888422,3.236757,2.965616
246.511700,91.074212,3.657773,3.187546
246.738769,90.835052,3.408261,3.083820
246.627008,91.445839,3.552402,2.908944
247.467648,92.640197,3.220864,3.003330
247.664824,93.469387,2.770761,2.461236
247.815629,95.354829,3.026979,2.466104
248.822416,96.551468,2.880195,3.039829
249.285902,96.341556,2.958265,2.342387
249.131343,95.093729,3.130651,2.392966
249.210152,93.886822,2.932495,2.313829
249.281014,92.713244,2.990913,2.623501
248.570012,92.356506,3.448635,3.066235
248.783157,91.667430,3.817035,3.147854
248.583570,91.783385,3.852185,2.985170
248.447693,91.534225,3.941033,3.160890
249.365746,91.161221,3.235571,3.145908
249.950352,92.105653,3.150527,3.047217
249.558749,92.158559,3.154058,2.897018
248.231079,91.769935,3.691820,3.058676
248.446341,92.241292,3.412176,2.734690
247.603252,91.856986,3.344509,2.674589
247.986360,91.630730,3.160912,3.001563
246.885030,91.409871,3.515152,2.761697
246.468929,92.020344,3.724604,2.976887
246.521606,91.167715,3.690876,3.297302
246.464062,91.934263,3.425276,2.834217
245.261059,90.585686,3.856658,4.757568
245.637398,90.521912,4.059400,4.218874
245.532624,89.311454,4.097523,5.608244
244.748650,88.672124,4.892128,5.734443
245.854118,88.828045,4.459662,4.865040
246.059664,90.458883,3.521309,3.632077
246.616681,90.776868,3.908361,3.410002
245.977656,91.483656,4.368932,3.458463
247.135736,93.165237,3.357388,2.978036
247.450761,94.288744,3.170978,3.099277
246.583996,96.519618,3.042483,2.335971
246.336099,96.827120,3.480833,2.999858
246.467528,95.283022,3.073145,2.936790
245.765767,93.740693,3.490205,3.456727
245.122718,93.285686,3.647742,3.194365
245.571045,92.299358,3.669650,2.834129
245.638431,92.587295,3.540308,2.952491
245.946276,91.671022,3.336740,3.086290
246.149487,92.237797,3.466392,2.840016
247.293260,93.414860,2.844022,2.998585
246.556013,94.439605,3.246267,2.819397
246.846156,96.451696,3.256771,2.610682
247.652600,96.195682,4.025746,3.579178
247.515770,95.450130,2.868006,2.925619
247.650887,94.529252,2.925515,2.671425
247.981858,93.432904,2.970131,2.762962
247.977372,92.410779,3.512550,2.907976
247.680728,92.763808,3.783800,2.847130
246.812577,92.182636,4.135024,3.094155
247.274717,92.243240,4.414867,3.119989
247.855709,92.177725,3.860809,2.968930
247.555418,91.332500,4.195379,2.975038
247.917631,91.899867,4.224546,2.974705
247.758350,91.434676,3.640752,2.781273
247.971397,91.732496,3.805738,2.820745
247.710331,91.391573,3.703974,2.898582
246.958489,90.790436,3.795233,2.712090
247.668933,90.296200,3.657751,2.878101
246.481096,90.671938,4.363110,3.216144
246.183907,90.051918,4.792936,3.611353
246.049166,90.687024,4.643768,3.335876
246.268956,90.702529,4.493926,3.212574
245.113618,90.522103,4.764347,3.273947
246.080954,90.118246,4.638408,3.452717
245.387318,89.753595,4.636824,3.904830
244.976021,89.794340,4.670249,3.559756
245.053805,89.787940,4.923464,4.042211
245.499591,90.458161,4.307120,3.197286
246.858587,90.771144,3.746856,3.169779
247.162909,92.738723,3.218930,2.930894
248.018494,93.857717,2.940137,2.603740
248.209741,95.628298,2.861035,2.856651
246.906033,97.180147,3.483840,2.714797
247.325322,95.599851,3.294855,2.815974
247.550595,93.623169,3.240568,3.017681
246.442518,92.551019,3.316438,3.065456
246.360488,91.934591,3.152159,2.888393
246.961259,91.749864,3.485216,2.697258
246.460486,90.532372,3.714988,3.469229
245.690933,89.992639,4.386483,4.063276
245.935340,89.595098,4.731406,4.695574
247.039347,92.228655,3.610309,2.867832
248.140219,92.776148,3.261765,2.764072
248.432035,93.781970,3.066245,2.414709
249.433306,95.932985,2.715263,2.847347
248.662757,97.202121,3.274235,2.899117
248.761829,96.237730,3.105891,2.468887
249.302775,95.351230,2.987412,2.557100
248.778230,93.632533,3.004086,2.379846
248.725810,93.005485,3.129809,3.138079
248.801279,92.515938,3.121122,2.858588
249.468033,91.849649,3.298537,3.227468
249.409165,92.591283,3.177078,3.071457
249.585078,92.395959,3.096485,2.697852
249.241303,93.441907,2.836575,2.651710
249.278420,95.173930,2.774945,2.478172
249.058607,96.044957,3.002148,2.606264
248.292018,97.588255,3.295529,2.790548
248.308572,96.461191,3.510853,2.675375
247.247703,95.371470,3.366529,2.606358
246.987150,94.039282,3.649225,2.939971
246.543980,92.586695,3.834084,3.395186
246.687427,92.702542,3.521995,3.354053
247.121645,93.382023,3.315644,2.834887
247.017258,93.395706,3.161777,2.965472
246.775313,93.413941,3.183038,2.822455
246.794087,92.853089,3.387615,2.485024
247.040647,92.877819,3.150582,2.688080
246.286224,92.665768,2.984664,2.823187
246.181310,91.605253,3.355076,3.202012
246.219989,91.380354,3.218934,3.269694
246.192911,88.367492,3.948620,5.324714
245.531685,87.924573,3.760414,5.453215
245.495400,89.114755,3.971195,4.903459
246.250091,89.261552,4.145618,4.028758
245.422100,88.360184,4.621450,5.341950
246.071539,90.734102,3.811753,3.804362
246.674283,91.905904,3.683052,2.895725
246.685861,93.548465,3.226879,2.997890
247.540037,94.221813,2.887966,2.702605
247.625601,95.766584,3.202130,3.050154
247.309999,96.176643,3.561572,3.180698
247.523122,95.017070,3.136655,2.650977
247.460926,94.095146,3.147547,2.770302
247.238634,93.488736,3.089401,2.460841
246.926771,91.950388,3.173453,2.805304
246.608181,91.953808,3.214079,2.879937
247.126161,91.048640,3.179235,3.030149
246.421268,90.397447,4.290752,3.998224
245.684747,88.785728,5.229485,5.157309
245.553400,88.707440,4.828382,5.087593
246.006779,90.024476,4.407712,3.878403
245.245103,89.098749,4.454965,5.207606
245.869217,88.524173,4.430807,5.351265
245.501458,89.157334,4.766878,4.936937
245.352459,88.987775,4.755707,4.420148
245.990249,88.575205,4.412724,4.938223
246.384814,89.424235,3.928228,3.603856
246.971480,90.391500,3.801815,3.354310
247.343603,89.734378,3.472982,3.681212
246.538923,90.141950,3.400470,3.871689
246.556968,89.719898,3.420400,3.702634
246.514832,90.289922,3.411590,3.539193
246.879050,89.683785,3.555230,4.352391
246.409428,89.700446,3.552123,3.830429
246.133494,89.153797,3.824158,4.760972
246.344523,88.170955,4.230945,4.584655
246.943139,89.751293,3.876411,3.608896
247.124444,89.099954,3.685070,3.827151
246.757435,89.130181,3.845392,3.500205
247.080773,89.391093,3.639432,3.503064
247.082455,88.795172,3.897003,3.377917
246.300679,89.428161,3.406023,3.066152
246.243439,89.844223,3.682123,3.042566
246.767375,89.754607,3.688898,2.981963
246.061995,89.547626,3.999169,3.170654
245.842257,89.020561,4.130351,3.064076
246.718166,89.450708,4.018198,3.112888
246.607688,89.119510,3.774239,2.958782
247.100110,89.387616,3.544760,2.763087
247.082173,90.097886,3.283594,2.606505
246.099439,90.114807,3.551920,2.768926
246.974663,89.657293,3.223287,2.749491
246.063815,89.582814,3.282677,2.887223
246.835687,89.159705,3.078387,2.796996
246.635091,89.149796,3.487489,2.946722
245.851325,89.676741,3.573210,2.959364
245.490703,89.853708,3.751013,2.976575
245.839913,90.040120,3.881379,3.376804
245.381632,89.887045,4.209318,3.753374
245.258801,89.008077,4.355086,4.452801
245.409383,89.652605,3.862844,4.318283
244.915156,89.339930,3.907640,4.900444
244.801531,89.206187,3.791407,4.441611
244.992107,88.429737,4.084427,5.550395
244.857620,89.255578,3.917811,4.895184
244.845161,88.974402,3.827970,4.395505
245.202728,88.641807,4.075064,4.750344
245.379847,89.743936,3.732404,3.801686
245.289040,88.866457,4.134821,4.170150
245.015318,89.923433,3.885422,3.801704
245.158213,89.153315,4.094211,3.725685
245.442640,89.530000,4.010030,3.431427
245.263169,89.127344,3.856615,3.440880
245.120212,89.736572,3.711631,3.494142
245.875386,89.337638,3.855095,3.579765
245.798408,89.106484,3.741497,3.453135
245.627406,89.590903,3.736273,3.930160
245.759329,88.902697,4.107617,3.662674
245.223725,89.408506,3.952146,3.367841
245.204126,89.272583,3.860064,3.918802
245.468383,90.134069,3.832448,3.824096
245.624314,90.134803,3.982308,3.481856
245.444066,90.498537,3.832061,3.517612
245.336621,90.025612,3.757612,3.206920
245.287439,89.690719,4.220218,3.784992
245.536497,89.766688,4.126559,3.384742
245.372229,90.079593,4.056837,3.486876
245.516485,90.006329,4.248082,3.410036
244.658467,89.843649,4.474302,3.421768
244.999258,89.671303,4.406577,3.467637
245.132441,90.507338,4.458432,3.568789
245.352683,90.462347,4.356742,3.469770
244.534524,90.357954,4.193278,3.493812
244.622399,90.173999,4.211850,3.513173
244.980230,89.355959,4.106019,3.742993
245.393047,89.480077,3.887417,3.699289
245.684411,89.916720,3.875825,3.471110
245.444761,90.371373,4.052570,3.133913
245.635367,90.707400,3.944590,3.200386
246.471957,91.130010,3.575296,3.017867
246.827248,92.160369,3.318860,2.789662
246.955273,93.905120,2.920859,2.554586
246.727640,95.158428,3.204510,2.818093
246.168495,97.242586,4.049118,2.773197
246.907131,95.416190,3.268128,2.631795
246.136144,94.075270,3.151487,2.977469
246.850199,93.385913,3.008693,2.883554
246.573213,92.329125,3.347677,2.809042
246.221514,91.746786,3.289165,2.881900
246.287700,91.142973,3.464399,2.759797
245.922686,91.248909,3.415490,2.832568
246.436812,91.609936,3.755653,2.825496
246.991764,92.087017,3.640920,2.804301
248.101236,93.324092,2.828614,2.887928
247.532857,94.852247,2.844030,2.300951
248.347479,96.063605,3.529865,3.073691
247.978862,95.797635,3.588282,2.966460
247.653342,95.186546,3.205725,2.535403
248.277111,94.034968,2.979185,2.790424
247.646048,92.960850,3.150281,2.817915
248.189736,92.389416,3.247915,2.813177
248.318780,91.889191,3.186823,2.806957
248.007870,91.435978,3.436985,3.091103
247.746054,91.093863,3.413980,2.987384
247.754741,91.314417,3.630896,3.031964
247.685137,91.626996,3.357040,3.007749
248.068487,92.622850,3.096075,3.008224
247.809788,94.311523,3.467544,2.741921
247.836627,96.371371,3.585413,3.276807
247.175884,96.359940,3.675351,3.121825
247.823331,95.054735,3.056607,2.372754
247.654915,93.569257,2.785178,2.584414
246.508625,92.872389,3.459737,2.809924
245.733949,91.751041,4.399442,2.741513
245.832571,91.415156,4.423456,3.005692
245.768977,91.635967,4.223323,3.126923
246.643790,90.567067,4.394702,3.022376
247.931518,90.467127,3.433408,2.854811
247.943153,91.627926,3.320796,2.765970
247.975240,91.203648,3.386575,2.730915
248.117687,92.473188,3.327437,3.018603
248.617791,94.679813,3.038601,2.658608
248.975531,95.508808,2.860871,2.938855
249.392201,96.968362,3.054608,2.915710
248.633629,95.930544,3.005646,2.864956
248.655028,94.830900,3.087698,2.807087
248.605600,93.356984,3.109094,3.073096
247.876941,91.857827,3.230922,3.901952
247.919858,91.657589,3.512369,3.353014
247.650378,91.515571,3.614006,3.221049
247.059287,91.062933,4.567971,3.489162
246.313840,89.685626,5.230523,6.559356
245.418606,90.185778,3.782397,8.713907
245.371643,90.295012,4.087509,8.608141
245.664666,89.165636,5.923895,8.817026
248.965600,93.679761,2.789522,2.889102
248.694555,95.394961,3.117734,2.763832
248.228810,96.519267,3.628428,3.108213
247.935359,95.987214,3.188200,2.562013
247.415303,94.961828,2.844645,2.649680
247.975151,93.264686,2.841766,2.809942
247.361013,92.120172,3.454618,2.895797
246.355125,92.146889,3.308768,2.546453
246.085855,91.769596,3.989290,3.145024
245.464607,90.466602,4.271460,3.463106
246.045118,91.209651,3.724647,2.815852
246.426236,91.094670,4.287883,3.242375
246.843562,91.843011,3.603225,2.902344
247.374755,92.265677,3.359411,2.857712
247.239020,94.000697,3.119215,2.734282
247.468575,95.770475,2.971780,2.891253
247.533008,97.109028,3.450683,3.059095
247.475353,96.180557,3.344550,3.029433
247.275694,95.190476,3.059394,2.514469
247.078215,94.225901,3.379888,2.842949
247.687439,93.008628,3.210175,3.101951
247.306371,92.501003,3.228137,2.892653
248.057889,92.740622,3.037971,2.893361
247.334516,92.434438,2.902054,2.822842
247.438358,92.141904,3.008500,2.919273
247.631770,92.168852,3.225660,2.752583
248.203541,93.174332,2.990532,2.691915
247.627387,94.586290,3.247136,2.435188
248.353289,96.275409,3.320973,3.065936
247.469277,96.473389,3.381862,2.892775
247.612969,95.503659,3.039932,2.426729
247.598935,94.282313,2.813925,2.349297
247.065242,92.863856,3.064113,2.604265
246.788596,92.484323,3.219965,2.838550
246.956745,91.932380,3.407870,2.861547
247.079979,90.853049,3.788131,3.262419
247.829142,91.214920,3.526539,3.125546
247.361429,91.255144,2.985166,2.846236
247.739760,91.463257,3.053683,2.618350
248.256059,92.178320,3.158802,2.861719
248.438066,93.761100,3.032181,2.771919
248.103290,95.261889,3.175889,2.666477
247.739434,96.225616,3.457890,3.143196
248.337159,95.880807,3.373928,2.691908
247.369666,94.722199,3.093134,2.504213
247.100470,94.068770,3.455166,2.723411
246.896136,92.726581,3.767089,3.178204
246.557185,92.842689,3.599667,2.882216
246.747404,92.188349,3.316267,2.882223
246.702676,92.442953,3.342635,2.933492
246.684789,92.814444,3.235665,2.866859
246.726646,92.440473,3.073334,2.672418
247.283343,93.486631,2.994143,2.672209
246.708071,94.656630,3.087082,2.660196
247.152001,96.451251,3.121917,2.950528
246.796399,96.842317,3.371630,3.023476
245.448445,94.681792,3.954574,3.449423
245.419721,93.747175,3.609186,3.511107
244.715138,90.920319,4.424987,5.596754
244.907016,89.081476,4.295298,6.714928
245.266758,89.510157,4.191158,6.787819
245.474364,89.963574,3.803866,5.748287
245.723860,92.589024,2.986776,3.403843
245.677385,92.742197,3.083490,2.565721
246.071995,93.373819,3.476727,2.992158
246.980919,94.560945,2.974586,3.148824
246.970636,95.397323,3.069904,2.675057
246.282052,96.774965,3.885696,2.995563
247.244414,96.388954,3.277778,2.404650
246.864362,94.710500,3.321933,2.451446
246.426483,94.224116,3.359433,2.909383
246.480363,93.494303,3.294215,3.043009
246.417158,92.547748,3.498317,3.115591
247.127299,92.813930,3.329480,3.006474
247.456253,92.901337,3.122159,2.751262
247.276064,93.677773,3.173387,2.926585
248.144344,94.078506,2.869861,2.906175
247.583031,95.419442,2.923292,2.573389
247.218070,97.253704,3.621137,3.053691
247.856100,95.491752,3.247165,2.744742
248.439643,94.628937,3.024631,2.595582
247.907887,93.759781,3.016755,2.607298
248.369590,93.115162,3.073479,2.598063
247.796672,92.956482,3.129005,2.845951
248.312454,92.471429,3.222118,2.922174
248.455514,92.555193,3.194335,2.771942
248.057927,92.275216,3.305371,3.011564
248.590435,93.672385,3.066271,2.982036
248.118699,94.732555,3.112212,2.428740
248.860977,96.859872,2.909640,3.167161
247.847930,96.029415,3.445751,3.023459
247.991704,95.004698,3.131836,2.483787
247.487663,93.971874,2.718318,2.664988
247.653933,92.723258,3.284947,2.540032
247.116277,91.888838,3.548236,3.178417
246.640293,92.142450,3.250631,2.736064
246.748162,90.954172,3.582215,2.934758
246.185671,91.033162,3.977453,3.174284
245.465494,90.978897,4.216032,3.401471
245.037720,90.348792,4.548866,3.329929
245.949467,90.797774,4.176641,3.213440
245.359120,90.931714,3.887181,3.155802
245.714367,90.853116,3.670608,3.147047
245.209635,90.821012,4.063858,3.279362
245.342508,90.198822,3.862529,3.209576
245.458175,90.475496,3.676696,3.172156
245.804697,90.120831,3.746348,3.408327
245.643244,90.239892,3.864707,3.417814
245.818624,90.649782,3.785139,3.304212
246.557156,90.239991,3.639265,3.063761
246.687440,90.959461,3.835175,3.208424
246.678176,92.402171,3.547945,2.894458
246.821926,93.796119,3.318113,2.952763
247.216024,94.972291,3.029767,2.326576
247.487758,96.063127,3.451494,3.244192
247.478456,95.937287,3.219420,2.593398
247.141035,95.206446,3.175928,2.453651
246.581366,94.136349,3.249015,2.620109
246.827494,93.350409,3.324870,2.450172
246.839646,91.630875,3.711243,2.473690
246.903633,92.017609,3.262368,2.746347
246.119967,91.455262,3.543642,2.653694
246.900595,91.253160,3.616094,2.584239
246.785569,90.494086,4.214025,3.535704
247.078195,91.231091,3.590520,3.606729
248.117536,92.237415,3.315968,2.767688
248.284410,94.751371,3.044645,2.767424
247.948924,96.198503,3.316286,2.881107
248.334082,96.532700,3.521372,3.161393
248.050857,95.403504,3.525447,2.750706
248.010912,94.250266,3.620687,2.626853
248.078053,92.747937,3.468400,2.919957
248.194719,90.731121,3.279385,4.213075
248.222843,92.030686,3.270950,2.773660
248.318342,91.662097,2.976084,2.636814
247.658970,91.809391,3.086250,2.639307
247.832539,92.242223,3.263907,3.058290
247.767399,93.173214,3.145642,2.995560
247.660225,94.482422,3.131079,2.958065
247.658245,96.147941,3.045447,2.745393
247.137754,96.499006,4.285009,3.032011
247.745918,95.171971,2.865328,2.719241
247.524857,94.094483,3.116126,2.710735
247.243447,93.304534,3.404447,3.396152
246.729601,92.379155,3.630361,2.912513
245.877981,91.877331,3.957453,2.482449
246.425933,91.155787,4.189399,2.859670
245.928860,90.780515,4.061043,3.164388
247.084707,90.995120,3.823110,3.187012
247.634130,91.503020,3.058964,2.973865
247.757948,93.571720,2.774590,2.564096
247.397194,94.987278,3.330714,2.714186
247.624442,95.926194,3.295595,2.608497
248.260537,96.631558,3.415184,3.103149
247.390230,95.399065,3.781595,3.002125
248.130256,94.049010,3.241877,2.864309
248.000038,92.953102,3.182619,3.039330
247.990950,92.444847,2.991684,2.783235
248.144270,91.698823,3.218395,2.528961
247.457552,91.440376,3.100753,2.816527
247.609414,91.289289,3.247743,2.824620
247.680490,91.707198,2.941057,2.753195
248.077073,91.863437,3.072551,2.580841
247.603343,92.745307,3.006869,2.709663
248.141142,93.983197,3.001380,2.544478
247.514664,95.680871,3.192665,2.945604
246.989737,96.639104,3.905248,2.949180
247.675971,95.644975,2.961775,2.860647
247.203247,94.439681,3.373310,2.865503
247.192281,93.578039,3.347925,2.960350
247.190715,92.167978,3.073879,2.710089
246.522489,91.641850,3.192540,2.364110
246.618711,92.210225,2.977422,2.531311
246.572989,91.740204,3.095060,2.596598
246.758765,91.968000,3.538966,2.563203
246.757342,92.079097,3.643678,2.860367
247.422417,93.187942,3.263327,3.071793
246.499207,94.348160,3.586687,3.250292
248.005550,95.853171,2.994215,2.652234
247.331982,96.889445,3.248635,2.968231
247.704974,95.342372,3.423284,2.937406
247.168789,94.785528,3.401687,2.892765
247.215242,92.954460,3.675671,3.186981
246.927106,92.313462,3.516244,2.870217
247.239004,92.627908,3.331446,2.852459
247.825805,91.847033,3.141042,2.884355
247.396009,92.228804,3.133533,2.807415
247.190698,92.420645,3.174934,2.665126
247.122202,93.181567,3.165636,2.917863
247.808858,94.637240,3.125716,3.005711
247.780063,95.615729,3.044291,2.750777
248.191106,96.589271,3.152683,3.018611
248.067906,95.186815,2.960867,2.851354
247.135307,94.041887,2.855995,2.840177
246.761360,93.674392,3.206797,3.196593
246.983105,92.462602,3.198146,2.829492
247.015720,92.720023,3.286398,2.932321
247.131373,91.798158,3.258250,2.849748
247.231895,91.837591,3.237771,2.926473
247.176076,92.239455,3.252380,2.830116
247.351166,92.857969,3.124803,3.194021
247.082594,93.803435,3.385006,2.940126
246.525737,94.864990,3.837662,3.347897
246.150894,96.732810,3.952291,3.231675
245.384207,96.183824,4.215903,3.835759
245.533194,94.610244,4.047536,4.261340
245.316250,92.762388,4.230992,4.748072
246.415051,93.302037,3.433086,3.248362
245.853096,93.423325,3.535842,2.857749
245.840398,93.768416,3.522697,2.920745
245.751481,93.306467,3.650558,2.917189
245.449405,93.218169,3.428550,2.929405
245.348063,92.462011,3.894161,3.685407
245.643697,91.082590,4.546909,5.179243
245.635404,90.252363,4.104933,5.078278
246.156756,91.769725,3.629668,4.097246
245.895496,89.802901,4.043952,4.544981
245.969387,89.945526,3.655085,4.441926
246.201882,90.302243,4.135303,2.979556
246.106234,91.072453,3.767267,2.747129
