122.200000,159.400000,12.200000,12.400000
126.645130,170.386733,12.522127,12.244679
130.118317,183.037612,12.375969,12.164571
134.456323,197.571642,12.355243,12.148688
135.474369,193.193719,12.506880,12.205263
136.452773,182.206694,12.497040,12.028807
137.379391,172.020056,12.466002,11.746467
139.078735,163.739447,12.409728,12.037906
140.962652,157.966825,12.229465,12.076973
144.319982,153.415247,10.370311,11.703856
146.844526,150.983976,11.323294,12.333897
147.559248,150.028538,12.769590,13.302092
150.873247,151.352396,12.792372,12.923816
155.062203,157.192775,11.985325,12.352407
158.587268,168.717216,12.207534,12.359440
162.106627,184.514142,12.488953,13.210489
166.880011,198.540399,10.796303,11.748315
167.359831,184.166734,10.864939,10.702597
167.286957,171.357058,11.033670,11.853413
166.570187,166.520417,10.492524,10.370311
168.896344,164.958450,9.501618,9.849080
170.767619,163.145914,8.944328,10.379187
167.485608,159.444065,12.380569,10.158653
168.641701,156.102749,12.909390,11.870749
164.805308,150.879515,16.070171,15.363848
167.104529,148.059043,19.619793,18.837351
167.944485,147.814991,19.174538,18.500031
169.503920,134.014619,11.341282,12.708820
171.836478,137.252468,10.508748,11.417366
173.715747,139.394180,10.086445,10.813606
174.559248,140.109435,10.192132,10.706144
174.995523,140.061455,10.364066,10.843886
175.070145,137.952849,10.569940,11.128512
171.592443,131.969902,13.871698,14.189948
173.535687,128.738019,11.149765,10.424475
172.499239,120.860915,11.515570,11.787513
163.975380,113.226565,20.931021,16.031830
167.952143,103.427163,18.043108,17.313335
170.174583,96.752834,13.633856,18.303698
168.044655,86.336365,11.963155,11.833085
163.610107,74.917345,11.601549,11.094908
159.812029,64.234484,11.031178,11.121765
154.728133,54.438870,11.544202,11.313583
150.208308,46.119156,11.301679,11.010974
146.835366,39.247782,11.074608,11.026207
142.530676,33.592264,10.995298,10.881406
138.664338,28.711341,10.834686,11.067366
134.767538,25.405560,10.927980,10.880998
131.155202,22.540339,10.925240,10.838043
127.040002,21.395638,10.823147,10.759789
124.345598,20.984382,10.683841,10.623897
120.699933,21.522039,10.754104,10.970995
117.220658,23.449970,10.701108,10.664021
114.091867,26.414409,10.500360,10.591983
110.700317,30.018302,10.452704,10.541389
107.658194,34.739328,10.499870,10.143390
104.570375,39.492848,10.708467,10.569270
102.599821,46.445606,10.382142,11.291055
99.139680,53.477362,10.022491,10.771675
96.612837,61.172830,10.557702,10.452890
94.154027,69.662857,10.682677,11.878420
94.329677,66.051264,10.696856,10.662168
96.852271,61.853002,10.284279,10.427114
99.224018,58.549150,10.358625,10.690794
101.104728,56.584176,11.003810,10.876292
103.668309,54.502726,11.255652,10.824094
106.421572,54.287077,11.326363,11.267881
108.760709,53.907373,11.139740,10.946635
112.305724,55.720808,9.665675,10.345457
115.169096,58.229533,10.408574,9.985126
117.183154,61.351426,11.591010,12.718479
120.464845,66.035345,11.309675,12.330332
122.971906,71.347914,11.726685,13.336296
125.049109,76.838406,11.765916,13.190189
128.192338,84.779469,11.499370,12.178258
130.833360,92.719884,11.812190,12.241668
130.511035,102.922133,15.810108,18.009586
125.626017,112.992460,28.781155,24.315100
142.588852,138.180043,19.968904,19.522987
142.596336,142.907697,15.484027,14.754293
140.990853,141.590304,14.579617,15.413318
140.826145,151.187613,24.096243,14.954473
142.251439,164.902604,10.868656,10.572830
142.992103,178.283287,10.748580,10.470140
143.077142,191.312478,10.771079,10.231361
143.478963,179.526927,10.403900,10.283712
142.351248,167.912655,10.480939,10.104725
141.892144,157.770509,10.308963,10.709143
141.579213,148.610835,10.426006,10.576445
142.696284,143.350314,11.211525,14.631395
137.895591,141.484436,24.790173,16.535316
137.787151,132.988856,16.669992,23.772036
136.934903,131.648577,18.248878,21.627504
136.933810,136.338527,27.121342,22.768539
140.577096,135.762696,28.496948,26.683096
141.672205,140.317919,19.015608,17.571047
142.260759,145.181543,12.391172,12.809527
139.825076,148.091675,11.854632,11.819681
138.205893,159.462348,10.181764,10.760183
138.525642,171.934622,10.503397,10.224340
138.041259,185.011700,10.280971,10.256701
138.705656,185.609886,10.369569,10.104674
139.100117,174.544052,10.497034,10.234304
139.298246,164.150151,10.406645,10.157382
139.363153,153.907465,10.970366,11.239098
139.795248,147.145233,10.933724,12.445385
140.796330,141.746473,13.593719,14.826519
136.287395,137.325430,16.578783,18.454077
139.388311,140.960692,16.782728,16.799345
140.971779,142.337357,15.087626,15.223085
142.076776,142.844874,14.214660,15.080397
141.798549,143.013748,13.815005,14.611224
142.913775,144.373490,12.322598,12.877889
142.344906,143.073692,12.811926,14.775558
141.747382,144.554299,18.212227,13.679796
142.880940,147.547635,10.736375,11.446901
144.427347,154.328558,10.370036,11.014091
145.436446,164.121600,10.300614,10.200144
145.788029,173.893680,10.503107,10.340295
147.435113,184.987470,10.389217,10.236608
148.133311,186.704001,10.543744,10.292079
149.974851,177.027121,10.468314,9.992290
150.531157,167.994259,10.438970,10.314538
151.416186,160.509725,10.750664,10.708303
149.530958,153.411850,18.308577,13.151170
154.667904,148.325506,12.551209,12.051908
151.645160,144.700178,27.814531,18.305693
155.159324,142.760056,24.641413,18.897766
156.403253,137.620126,12.418119,14.046888
158.043485,136.462079,11.845041,13.410018
160.928556,135.777380,10.574542,11.796896
160.595637,136.068140,11.096276,11.586106
162.751068,135.399271,13.341967,13.095368
163.793351,136.042186,10.854608,11.848494
165.777466,135.561251,12.810678,12.247627
166.528505,136.084024,11.172949,11.673335
168.000278,135.954077,12.029398,12.325364
166.639797,134.853633,14.660607,13.953891
167.843929,134.221411,14.296572,15.228733
169.389318,135.321581,13.663966,15.129982
170.107551,135.911242,12.946077,13.841573
168.016873,140.443803,12.054067,11.733549
167.468364,144.388711,11.280571,11.791756
165.932405,148.710327,11.617023,11.566358
163.337551,155.579156,12.288808,12.972809
162.661635,163.622381,10.730110,11.058058
161.186781,174.363321,10.524019,9.973822
159.433051,184.284651,10.682944,10.765022
158.068525,188.588106,10.764331,10.668061
156.141855,179.522153,10.596267,10.714830
154.528330,171.254071,10.625360,10.694559
153.110729,164.111304,10.597727,10.366647
151.462501,156.911002,10.975458,11.445354
149.120766,151.678004,12.656757,12.018967
148.365352,147.505116,11.023719,11.088047
146.531685,144.809668,12.076616,12.318292
145.114036,143.394017,14.184516,13.653804
149.043629,141.557350,13.451596,13.815160
153.480961,139.740127,12.235559,12.427218
156.342942,138.471679,12.890023,13.382536
159.864754,138.242804,14.075130,15.249184
163.991563,142.788914,14.469234,13.356472
168.357071,147.897356,11.847364,12.861650
170.392882,154.139979,11.299904,11.930938
170.261840,161.628862,10.915401,11.193784
171.399067,169.864496,10.769692,10.923071
170.069591,178.900663,10.822084,10.970069
170.178955,189.308892,10.887602,10.875358
168.457261,185.276068,10.289597,10.497879
167.054614,176.742272,10.216624,10.635224
166.158704,170.288799,10.603271,10.560563
164.798018,164.039210,10.581432,10.510349
162.304996,158.426769,11.273124,10.746923
163.301913,155.910950,9.566635,10.156701
158.002211,149.132882,16.377857,15.979923
159.063422,145.438724,22.494312,14.312395
155.695910,145.305786,25.983028,15.028254
159.037283,147.419108,13.605299,12.409993
143.301892,145.426790,11.567728,11.373930
141.915087,143.038264,12.701515,14.089202
158.853374,145.561232,13.931774,13.410164
159.331699,144.152375,14.205566,14.892833
159.323473,144.124731,14.444919,15.057660
160.477190,145.387563,14.789795,14.161947
160.648544,146.598506,14.207566,14.160164
162.236773,146.639711,14.515894,14.563645
167.014945,154.618987,11.244950,11.648513
166.432196,159.768594,12.384062,12.234672
166.312042,167.400155,11.480306,11.527885
165.576708,175.580710,11.070263,11.229939
165.365120,185.270572,11.068404,11.187494
165.775395,192.128127,11.060343,11.297573
164.422577,183.565612,10.979355,10.688160
163.860417,175.596658,11.163112,10.754864
163.980086,169.342723,10.847029,10.728238
163.251444,163.602411,11.227244,10.683155
162.152737,159.479390,11.033275,11.256475
161.383763,156.935228,10.917212,10.896083
160.169874,155.753251,10.040245,11.014807
157.916565,153.227603,10.264388,10.718725
155.732487,151.256284,11.038138,11.552685
153.750803,150.564651,11.430289,12.074631
151.766706,149.319929,10.721157,11.896564
149.846140,148.888676,11.118945,11.607347
148.492391,148.972525,11.911232,13.225447
147.717623,150.935936,12.423057,13.817913
148.010607,155.790041,10.307406,11.236384
147.868542,162.042606,11.178427,11.025505
148.840882,169.332062,11.378813,11.225554
149.587033,178.264004,11.454687,11.028277
151.252957,188.500693,11.430369,11.231519
152.928856,192.601115,11.447436,11.398375
154.482136,183.790557,11.383040,11.132135
156.882758,175.834151,11.342478,11.256363
158.110537,168.857495,11.410953,11.577037
160.167301,162.258072,11.989544,11.434414
161.914367,158.706792,11.515508,11.614001
165.581230,154.135520,10.956730,11.936031
165.529439,152.125905,11.578741,12.502093
165.294033,153.951076,13.841590,14.086562
165.537913,156.208699,13.428122,12.500343
165.917627,155.135025,12.553219,12.946664
160.773799,145.087234,13.604567,15.040617
159.825932,143.669719,13.416366,16.692717
158.378047,140.751903,16.379667,14.531736
158.994674,141.718575,16.753885,17.518970
154.955497,138.821297,18.721518,18.335697
153.808222,137.893854,14.758124,15.673127
152.480197,137.329488,16.043825,16.695856
150.155190,138.294129,14.082103,15.754230
142.734873,142.034061,14.475368,15.273108
144.400717,145.726328,16.337528,12.740488
147.947153,152.269148,16.208836,15.134637
144.469456,163.553882,11.576354,11.446600
144.002221,173.650867,11.474835,11.500227
143.415067,185.890452,11.571934,11.215936
143.518166,196.235427,11.537768,11.391486
143.910635,185.012561,11.842147,11.398221
144.436339,175.434914,11.416559,11.460956
144.639459,166.832750,11.253869,11.274750
145.245408,159.750647,11.490964,11.371090
151.195596,158.557062,13.243966,13.209211
146.126523,148.647696,11.297163,11.759068
146.007444,146.531110,10.322217,10.630114
146.465316,144.961718,11.022692,10.205216
144.884728,143.807160,11.002479,10.832985
146.727030,145.511073,9.952380,9.150790
145.631188,145.845378,9.466140,10.389771
145.869018,146.031799,9.905015,10.737886
144.693893,146.473721,10.612926,10.974564
144.355154,145.776664,11.421299,11.547156
143.943538,145.418940,10.984032,11.137094
143.213414,145.899563,10.619956,10.534512
145.451730,145.608425,10.432328,10.402887
144.477721,145.823399,9.348970,10.365276
145.164815,145.554434,10.629949,11.112180
145.982747,146.166847,10.318098,11.680280
146.063315,146.127543,10.835738,11.662103
146.309595,146.696904,11.349998,13.059413
146.316069,146.643923,11.964435,14.628265
145.905825,146.469793,11.050413,12.575182
146.059351,145.039154,24.566299,18.484732
144.482181,147.722283,20.162830,15.864078
145.072186,146.213498,12.597757,13.751056
146.832760,145.200863,13.631801,13.203091
146.535326,144.979425,14.190444,12.773069
144.816468,145.623277,14.463606,14.047103
146.242445,145.489016,12.096271,12.256180
146.532008,145.146829,12.753862,12.850138
147.170141,144.801924,12.775311,12.538258
146.878331,144.677292,14.923625,13.552059
146.714516,146.432177,14.344314,12.986225
146.599349,143.908466,17.891600,14.935914
147.481014,143.928712,21.232944,17.793472
146.611059,143.789279,23.056297,17.929256
139.092638,138.482889,27.422867,20.454176
141.975096,144.071842,28.831421,20.291559
113.362069,143.334884,12.866610,13.539317
117.528141,154.361120,10.207600,10.838696
119.101818,167.827056,10.510200,10.391429
121.222948,180.729782,10.546570,10.545717
122.159637,189.084376,10.574356,10.490303
120.643540,177.706544,10.594786,10.340665
119.217508,167.180806,10.542778,10.168548
118.746209,157.719667,10.035043,10.574795
115.257491,148.559836,11.638723,12.599885
109.949806,140.383957,16.140339,17.243624
110.626058,134.284626,13.540269,13.016055
112.554014,128.357594,10.888771,10.998663
110.654242,123.755458,10.644953,11.256336
109.202691,120.655861,11.067732,11.023101
107.462512,117.230522,11.802073,12.204757
106.156689,116.035856,11.734728,11.567944
104.356126,115.968044,11.635594,11.849685
102.768810,116.540044,11.850774,12.358624
101.064674,117.633000,12.644512,11.505278
100.437040,119.946727,11.558804,11.399399
99.496087,123.403485,12.065512,12.286355
96.968384,128.408928,13.319213,13.565578
95.737923,134.208458,13.288374,14.888774
95.327142,140.229754,11.800725,12.451560
95.052155,148.556198,11.140578,11.716053
93.933545,157.975532,10.645089,10.914884
93.079555,168.131633,11.038448,10.836521
91.263400,177.980173,11.241541,11.069331
91.145488,190.623827,11.067541,11.121280
89.920097,188.442760,10.851501,10.992565
88.743480,178.944742,11.034997,11.025683
86.874393,170.144203,11.225986,10.899402
85.732677,162.426580,11.328732,11.259829
96.839824,154.641434,10.988035,10.853837
84.260732,151.393069,12.226687,11.768996
81.622519,148.893437,12.443710,12.716835
79.860443,145.633009,12.489911,12.500257
77.434112,144.676093,14.002151,14.787251
74.459541,142.974870,16.205145,15.618288
70.167229,145.592721,10.134030,11.078579
73.860429,143.106637,14.259922,15.509646
73.132044,142.554459,10.446177,12.237972
60.209457,152.803989,11.676945,11.953750
57.391972,155.813284,11.308855,11.792093
55.180503,159.193680,10.502718,12.327908
54.538018,161.558222,12.306460,11.416565
51.626594,160.546124,16.758915,13.262997
53.620636,157.933786,12.540919,13.299655
53.069283,148.673542,14.636645,16.553133
43.957321,150.109368,23.703396,18.352760
39.653282,145.596694,32.159023,23.499279
44.992821,147.283212,30.101551,26.775267
61.336776,181.004058,13.926351,15.496722
62.658637,181.849400,12.536511,14.831387
63.287977,181.772171,12.466588,14.286501
62.093134,181.775934,12.627884,14.487986
62.787540,181.583000,12.486534,14.171102
62.412271,181.549138,13.070255,14.586158
62.664432,182.155989,12.732536,14.033174
62.694753,182.441616,12.764624,14.156190
62.841426,182.199153,12.678976,13.941520
62.755374,181.936081,12.894365,14.745726
63.091930,182.459969,12.616112,14.152635
63.340583,181.814026,12.574549,14.309174
61.997478,181.766174,12.861726,14.496079
62.034050,180.572408,13.352721,15.746702
62.588284,181.401274,13.224760,15.249543
62.322233,181.334147,12.571261,14.457142
61.233730,180.602249,13.665174,15.431955
61.528035,180.873520,13.568658,15.539583
61.930275,181.349477,13.378712,15.473674
62.394312,181.741387,12.757983,14.731498
62.167966,180.937384,13.563646,15.579193
62.717924,181.334782,13.246196,15.540174
63.193558,181.660560,12.684223,14.981750
61.693371,181.776145,13.151969,15.290115
62.005024,181.239256,13.220482,15.474031
61.889407,181.364119,13.222840,15.185287
62.413419,181.653253,13.175263,15.400927
61.730045,181.002301,12.962765,15.644698
61.412729,181.608584,13.727086,15.550178
62.182314,181.986408,13.141983,14.802232
61.911714,181.997871,13.336678,15.044536
62.014545,181.552348,13.594498,15.446486
62.483150,182.607760,12.713009,14.220673
62.282078,181.502148,12.941920,14.760937
62.578504,181.888779,12.718678,14.393135
63.161594,180.999339,12.706871,15.114094
62.114703,181.254943,12.696109,14.752480
62.601571,183.410307,12.872660,13.467718
62.490927,182.673007,12.498034,13.747401
63.325439,183.012858,12.508790,13.588032
62.375926,181.429925,12.791815,14.667922
62.933449,182.027447,12.865752,14.848671
63.378066,182.356050,12.602895,14.403903
62.322992,181.724104,12.880573,14.385990
62.455231,181.709554,13.230541,15.312213
62.698990,182.992024,12.433795,13.444604
62.683748,182.545585,12.778988,13.812018
63.785471,183.848675,11.983809,13.079010
63.570731,183.931199,12.068406,12.301551
62.309941,181.810217,13.150645,14.007498
62.696849,183.796265,13.068902,13.019734
62.658658,183.836831,12.582945,12.464519
63.869968,183.384116,12.070085,12.583640
64.383365,185.210270,10.942608,10.755575
64.344555,184.893886,10.879597,10.560889
64.770313,184.894600,10.993100,11.017037
64.347477,184.843269,10.842960,10.946417
64.561790,185.717150,10.534291,10.972420
63.048424,184.227835,12.470711,13.524494
59.525972,182.421402,16.380264,13.560068
61.672118,180.600516,10.691062,11.577235
62.730099,180.428249,9.537971,12.002624
64.077977,182.526946,10.325057,11.950286
62.276930,180.477266,11.566734,11.828759
61.970404,180.279388,11.627279,12.938498
62.584973,180.350122,11.354612,14.238508
63.006227,180.906539,10.824380,13.243674
64.028333,181.296642,11.667751,14.596227
63.499671,182.169580,11.988217,14.392585
63.137298,182.291391,12.027699,13.830836
63.839105,183.758544,11.776550,12.731978
63.096307,182.196946,12.213110,13.198116
62.448809,181.909157,12.697470,14.817117
63.892070,182.601684,11.966775,13.612078
62.785256,183.130197,12.442137,13.988845
62.889677,183.994107,12.192616,12.327331
62.205587,182.220927,13.200581,14.439651
63.317794,183.020320,11.913034,13.517166
62.132000,181.526337,12.630755,14.620461
62.532717,182.537402,12.912949,14.493221
63.320318,182.805520,12.748151,14.271869
62.605007,182.409729,12.581737,14.121572
61.700217,181.691234,13.669776,15.376848
62.634326,182.539654,12.494988,14.339741
62.256722,181.444944,13.054243,14.827559
62.395273,181.770441,12.941182,14.734757
62.699043,182.440889,12.830551,14.289572
62.378737,181.284037,12.518718,14.851918
62.024795,181.542671,13.524384,15.384774
62.230339,181.873212,12.983269,14.736174
62.399597,183.302595,12.820848,13.461519
63.352443,182.070634,12.615133,14.086280
61.683229,181.385389,13.390984,15.531057
62.821664,181.509143,12.961122,15.032698
62.866783,182.796500,12.948817,13.708823
62.836118,181.416452,12.955880,14.746638
63.353729,182.553975,12.569367,13.716644
62.840141,181.648314,12.450089,14.587419
62.740093,182.326091,12.776611,14.031501
62.739201,182.323937,12.855043,14.670541
62.317168,182.599065,12.573641,13.820776
63.128342,181.819753,12.540178,14.599795
62.575353,181.331763,12.545709,14.739143
62.666226,181.375279,13.150335,15.359802
62.704088,181.974601,12.344138,13.666552
62.361707,181.744161,12.946321,14.714457
63.150243,182.550703,12.240973,13.896456
62.274947,181.693656,12.860243,14.798301
62.840143,182.095005,12.374019,14.279325
63.377068,183.091200,12.191073,13.730809
63.500660,182.787597,12.475372,13.774137
63.817778,184.518692,11.822879,11.878016
63.062508,184.787147,11.914587,11.950091
63.256931,183.778626,12.232861,12.679882
63.445477,183.354982,12.359415,13.247064
62.680385,183.795028,12.328988,12.575431
62.693450,182.669413,12.604718,13.969998
63.146675,182.661501,12.398059,13.723939
63.131080,182.515537,12.018510,13.262331
62.521861,182.833245,12.541619,13.562393
63.692822,182.691934,12.067382,13.938258
62.513000,182.493619,12.557003,13.555449
63.250243,182.420886,12.500342,14.013031
63.396018,184.487724,12.009503,12.047635
62.906347,183.643627,12.291653,12.549012
62.685878,182.254617,12.682978,14.149286
63.686347,184.041767,11.846632,12.928369
63.012269,183.227817,11.823481,12.333701
63.295862,182.427743,12.588879,14.029475
62.081475,182.324545,12.834174,14.854490
63.990025,182.533509,11.862749,13.658054
63.114212,182.753024,12.616329,13.745116
62.988036,183.639440,12.364477,12.940569
62.572105,182.745806,12.521900,13.337251
62.861337,183.252697,12.490942,13.659994
63.175238,184.260470,11.987818,11.936383
63.138654,183.479894,12.397017,13.089399
62.921422,183.106829,12.303560,13.039013
62.179517,182.860159,12.752619,14.013730
62.800731,183.312587,12.325898,13.209670
62.940623,183.354941,12.392058,13.012774
62.807111,183.627733,12.157884,13.353334
64.585995,184.090465,11.266191,12.322248
64.152214,185.616775,11.422400,11.026686
63.765315,184.062904,12.043878,12.279097
64.046032,184.189289,11.619850,11.782366
64.538107,184.454403,11.185379,11.638570
63.691487,185.475654,11.781157,11.393145
62.136945,184.358887,13.257551,12.089394
64.376903,185.075142,11.547672,11.752190
62.970107,186.083597,12.086332,11.528868
63.106092,180.572785,12.479370,16.371132
64.031881,180.613183,11.105816,13.717265
62.452373,180.495166,9.811471,11.035544
63.091649,180.588555,10.724020,13.389030
63.267279,181.089885,11.166391,14.200739
63.649589,180.775925,11.272691,13.725453
63.470519,181.410968,12.280748,13.849711
62.875587,181.040851,12.518502,15.059146
62.385254,181.663243,12.796149,15.017585
62.554308,182.049243,12.693077,14.759746
63.089546,181.117353,12.670522,14.933737
63.537159,182.046711,12.435691,13.953000
62.705417,181.330359,12.761402,14.710373
62.227215,182.366746,12.806579,14.373215
62.066997,180.965850,13.315087,15.778719
62.585370,183.010078,12.583593,13.449775
63.027757,182.488327,12.894189,14.614640
62.168803,181.576685,13.208301,15.220998
62.651921,181.752596,13.106527,14.964414
61.931350,181.127746,12.951498,14.874216
61.855088,180.979898,14.047477,15.740851
62.216698,181.428114,13.100960,14.895765
62.600512,182.101020,12.754737,14.034945
62.103114,181.065753,13.120947,15.594402
61.858492,181.616308,13.237606,14.707071
62.475109,181.158596,13.521946,15.598242
61.977862,182.076373,13.028597,14.950226
63.308501,181.260441,12.672583,14.619542
62.227306,181.792275,13.277535,15.103138
62.738280,180.962760,13.165483,15.456618
62.845151,181.580432,12.870974,14.578403
61.780452,182.030375,13.356137,15.115063
61.898362,181.067206,13.487856,15.663513
62.118124,181.748950,13.584216,15.154407
62.705754,182.463767,12.644480,14.163463
63.125604,182.291327,12.452432,13.857404
62.612522,181.218669,12.365165,14.513312
61.690055,181.748799,13.485871,15.309170
62.713898,182.007071,13.157408,15.035099
62.516076,182.301470,12.690180,14.083325
62.056760,181.536774,13.305535,15.569450
61.812998,181.698766,13.173205,15.342699
62.250627,181.102839,13.134933,15.444962
62.229258,181.799715,13.585733,15.058999
62.894598,182.552968,12.584933,14.024852
62.614588,181.071452,12.992783,15.160889
61.284795,181.655530,13.538175,15.299507
62.440255,181.662524,13.069395,15.408596
63.191074,181.549500,12.761784,14.640846
61.631508,181.496314,13.868793,15.614257
62.432752,181.374704,13.219196,15.342023
62.197678,180.745601,12.897581,15.246497
62.903581,181.177050,12.782289,15.089612
62.744044,181.669553,13.055071,14.650870
62.383593,181.330560,13.255824,15.168479
61.886131,181.788260,13.008652,15.489819
62.460319,181.359657,12.997734,14.960935
62.736739,182.370729,12.754991,14.153876
62.020121,181.518087,13.460543,15.576341
62.675164,181.877944,12.537973,14.747566
62.874661,180.894688,13.056070,15.480206
62.006312,181.485696,13.123839,15.191999
61.907850,180.693902,13.561231,15.700897
62.704490,181.332959,13.045971,15.076145
62.044886,182.816168,13.069830,14.450512
62.811833,181.580576,12.677032,14.667825
61.705840,181.926146,13.435990,15.347584
63.508584,181.840242,12.396097,14.349191
61.818635,181.219920,13.258310,15.286118
62.211619,182.186827,13.273401,14.944085
62.605620,181.830867,13.325769,15.154242
62.336647,181.344346,12.696788,14.857929
61.974786,181.509349,13.577428,15.637205
62.807456,181.451469,12.996846,15.119815
62.653846,180.938327,12.401689,14.824316
62.234208,180.982424,13.673601,15.579846
61.251471,181.823306,13.512697,15.217475
62.231839,182.534200,13.295382,14.711756
62.608732,181.441038,12.729992,15.044297
63.028859,182.304391,12.589467,14.291214
63.010974,182.251700,12.844022,14.792665
63.116200,181.067730,12.762889,15.153325
63.056384,181.786884,13.048627,14.440087
62.866046,180.683292,12.412653,15.008235
61.997347,181.113625,13.159320,15.314385
62.478343,181.933974,13.117979,14.985783
79.012239,167.066262,9.991714,10.011722
78.257970,180.768831,10.150129,9.871920
79.557596,187.045543,9.903758,10.073218
81.812646,174.591743,10.033345,9.997626
85.573600,163.466746,9.910012,9.611016
88.259537,152.776878,18.023254,13.723452
99.580408,151.135954,18.683361,16.062170
98.782071,151.563082,18.961836,15.964506
101.488751,150.822389,19.164320,15.140311
102.051384,152.260670,16.673042,14.917902
101.790977,151.835823,18.092438,14.565494
101.915033,151.779344,16.811375,14.837722
101.100056,151.997622,17.840595,15.761930
102.177158,152.312654,16.808537,14.443152
100.649100,152.033730,17.623091,15.415312
101.109790,151.830958,18.616293,15.093384
101.984741,153.949162,15.967319,13.678061
101.091258,154.739935,16.132681,12.833609
100.801406,150.954172,18.895247,16.460814
104.913830,153.458107,13.560138,12.852176
101.454083,154.232326,14.984472,12.872974
101.546995,155.043774,16.089863,13.035180
100.052705,159.160598,14.374563,14.730839
102.582392,155.395354,14.694903,12.102578
100.849451,160.402676,13.492264,11.541441
100.730793,157.961222,13.160953,13.956202
99.609590,158.592877,14.989697,14.636732
101.446605,151.375710,16.491449,15.396825
97.383567,148.381811,22.524469,21.782991
94.178767,148.585631,23.406031,21.047922
88.476784,143.661183,34.236008,24.453793
84.050554,142.676909,39.614765,29.410547
61.344331,181.598660,14.845930,15.629240
63.066405,181.554296,12.858771,15.146675
63.504385,182.902937,12.645813,13.781729
63.007659,181.439582,12.526121,14.765563
61.883047,182.009713,13.337485,15.125530
62.047459,181.218082,13.539210,15.622391
62.671443,181.021800,13.204232,15.358796
62.533379,182.648585,12.692943,14.264790
62.433740,181.424618,12.882810,14.961499
63.111118,181.873607,12.370393,14.391521
62.692323,181.583432,13.191323,15.413407
63.153640,182.598783,12.764994,14.243915
62.214374,180.965519,12.767274,15.232244
61.977016,181.374510,13.215546,14.680959
62.399316,181.852188,12.779428,14.272647
62.305331,181.840901,13.491106,15.449887
62.583580,180.911729,13.097580,15.269142
61.619886,181.858833,13.496536,15.163671
62.587140,182.168916,13.254770,15.232043
62.268827,181.782841,12.766614,15.017912
62.138204,182.242326,13.043709,14.824989
62.335145,180.914096,12.850221,15.229523
62.809449,182.564014,12.554173,13.589801
62.319289,180.697851,12.153120,14.293128
62.563398,182.115358,12.880920,14.922297
62.475006,181.121095,12.978217,15.158192
62.344115,181.480210,13.623405,15.398732
63.017407,181.901473,12.590528,14.674217
62.023422,181.023202,13.220006,15.288628
61.976049,181.610720,13.722245,15.415167
62.802094,181.716164,13.129821,15.046361
62.420443,180.958515,12.676875,14.861544
62.280642,180.948781,13.336931,15.541478
62.633060,181.919141,12.849427,14.293041
61.999304,180.759144,12.624439,14.853223
62.062430,180.524905,13.276885,15.778317
62.256909,182.110916,12.833231,14.829032
62.367481,181.337982,12.826715,14.828765
62.563216,182.317643,12.850835,14.083032
62.674476,182.690485,12.773979,14.135450
62.776173,181.667354,12.734332,14.755351
62.082577,181.184992,12.937565,15.092211
62.125508,182.654630,12.998095,13.765324
62.643023,182.051562,12.551261,14.318326
62.657472,181.612059,12.902271,15.076822
63.186297,183.172038,12.441756,13.308834
63.035614,181.405244,12.782921,14.680671
62.153754,182.273264,13.282248,14.750498
63.077634,182.198708,12.365011,13.911061
62.390767,181.386288,12.727751,14.381357
62.669360,181.641958,13.018457,14.953382
63.383175,182.167153,12.260417,14.053253
62.583071,181.521918,12.661579,14.593328
63.019908,181.994364,13.005251,15.053968
63.493995,183.271414,11.628178,12.428793
61.736056,181.096434,13.317325,15.328096
62.840067,181.614335,13.027499,15.002743
63.734359,182.821666,12.212350,13.549979
63.245281,183.943227,12.157212,12.162174
62.872348,183.085865,12.267790,13.046580
61.861667,182.027463,12.844415,14.445176
62.239884,181.095425,13.020422,15.425299
62.622753,181.959855,13.198504,15.047745
62.070923,181.974115,13.102440,14.908393
62.214513,182.235836,12.939351,14.814642
62.270774,181.197515,12.902268,15.140141
61.957852,181.532954,13.393152,14.939026
63.318619,182.375862,12.346970,13.927248
62.355145,180.629131,12.341907,14.184009
62.515548,181.391680,12.808867,15.512529
62.873982,181.061389,13.116755,15.478002
61.895397,182.042160,13.428761,15.164404
62.204126,180.954140,12.994057,15.279977
62.457976,181.487828,13.246328,15.269826
61.965537,181.583099,13.066751,14.910460
62.235665,181.354825,13.838183,15.643097
62.047459,181.030326,13.095817,15.435927
61.934685,181.413141,13.644852,15.567866
62.289172,181.214437,13.461345,15.478451
62.795624,182.601115,12.713859,13.998101
62.769661,181.504199,12.885216,14.739765
63.445318,182.965835,12.411968,13.388287
62.544413,182.042609,12.418025,13.688320
62.214767,181.374018,13.486905,15.719591
62.731401,181.186729,13.294156,15.311905
62.446085,181.257293,13.197879,15.005553
61.657362,182.011462,13.189673,14.746811
62.050909,181.675047,13.616383,15.756666
62.551630,181.519771,13.377903,15.311520
62.725750,181.618182,12.913268,14.834840
63.259521,182.603204,12.560517,13.981620
62.331860,182.237065,12.604777,14.208126
61.914242,181.878290,13.268452,15.137904
62.402905,181.153297,13.047618,15.117892
62.017536,181.270298,13.853188,15.641924
63.133783,181.274649,12.850884,15.108889
61.882496,181.302222,12.971668,14.898785
62.543862,180.735025,13.305243,15.905810
62.031203,181.584436,12.934539,15.107723
62.784002,181.426517,13.158195,15.518681
62.865621,182.311763,12.919865,14.441474
62.464180,181.753353,12.644259,14.898913
62.367277,180.821940,13.261093,15.561693
61.998615,181.285388,13.411103,14.783424
61.894174,181.523427,13.869740,15.456146
62.414146,181.028826,13.478631,15.649725
61.778881,181.764505,13.181122,14.977514
62.191688,181.309657,13.170177,15.308189
62.421119,181.723084,13.276608,15.102354
61.270520,181.231278,13.678052,14.640692
68.491167,170.925092,10.076877,9.828407
63.392648,182.216866,14.240129,13.545861
65.884546,185.146506,11.923824,10.880474
68.698758,173.889395,10.200768,9.671499
69.450163,163.594333,9.815444,9.891175
70.497008,154.313729,10.051405,10.563360
70.058067,146.033546,10.556419,11.024342
71.664617,138.894452,9.959416,10.885695
71.351921,135.125639,12.126678,14.810482
72.810046,127.707262,10.067540,10.170773
73.959085,123.923371,9.635269,9.715071
74.581561,120.526839,9.547518,9.699015
74.573081,117.676135,9.924451,9.983110
75.127727,116.233402,9.688325,9.826371
76.054239,116.058302,9.811928,9.635289
77.555313,116.890903,9.486366,9.707956
77.255269,117.848645,9.883780,9.646625
78.420354,119.381842,9.919523,9.675823
79.468919,123.090719,9.721853,9.799267
80.160628,127.183139,10.249824,9.813372
82.675434,131.961968,11.259360,12.349578
82.546108,134.601207,10.238762,11.677454
78.522915,136.541717,12.649715,12.698050
73.780349,137.137237,21.887476,20.552408
76.149034,155.867911,19.017750,18.556849
84.400817,169.621600,10.885218,10.901781
86.381223,180.893624,9.847936,9.991057
87.345300,186.448553,9.808981,9.675569
87.232255,177.400387,9.646718,9.341078
87.732911,169.413283,9.763399,9.470782
88.211830,161.303587,9.324901,9.765702
88.612795,155.142626,9.973976,10.485656
88.024131,150.020137,10.767316,10.854792
88.912086,146.073149,10.769474,11.688328
88.888350,142.399341,10.408156,11.186388
89.197231,139.352725,10.407955,11.054499
89.623079,137.861774,10.336770,10.819983
90.008313,136.536043,10.806207,11.438278
89.869008,136.979821,11.024847,11.012336
90.963309,138.347938,10.421579,10.296926
91.499501,140.601811,10.665529,10.626251
91.234726,143.131034,11.488434,11.996331
92.533004,146.200446,11.269204,12.036394
93.578988,151.138523,9.787867,10.576867
94.222374,156.695467,9.979049,10.107560
94.583820,163.651886,9.411325,9.672719
95.295257,170.807267,9.583146,9.500995
95.662615,179.295774,9.467491,9.591302
96.650736,187.320168,9.430534,9.307026
97.608115,179.990125,9.437789,9.396482
98.039879,172.813498,9.636870,9.337934
98.562566,167.579980,10.921602,9.322835
98.265673,161.368948,9.576880,9.646006
99.067164,157.153211,9.686056,9.769410
99.857570,153.980003,10.415094,10.916463
99.357281,152.229322,10.919579,10.857000
100.734510,150.375249,10.684036,11.396402
100.892957,149.718359,10.660067,11.407964
102.149452,150.393065,10.715198,11.730872
102.553902,151.576196,10.993773,11.697148
103.180285,154.427947,10.868819,11.117476
103.842624,156.874084,10.227501,10.028032
105.926456,161.262503,9.425373,9.529251
105.684410,166.024991,9.487269,9.141860
107.177031,171.194090,9.500838,9.413501
107.517906,178.081397,9.590634,9.509639
108.277007,186.044885,9.536745,9.418875
108.946406,181.192292,9.432044,9.346080
108.898581,175.318592,9.329516,9.451968
109.183950,170.542509,9.537389,9.344887
110.068801,166.784607,9.342264,9.078382
110.849485,162.799314,9.292889,9.514843
111.511987,160.043639,9.418339,9.501786
111.832916,159.123100,9.158227,9.471412
112.519042,158.360832,9.091288,9.593233
112.684510,159.368620,9.276571,9.589850
113.383597,160.575778,9.383116,9.545017
113.673469,162.816704,9.388783,9.393773
114.381880,165.354281,9.420605,9.073359
114.241828,170.077712,9.277849,9.308666
115.068414,174.112084,9.480532,9.489000
115.628638,180.084489,9.475988,9.168728
116.950769,185.724544,9.280889,9.211319
116.902206,180.259211,9.269321,9.224041
117.151435,176.013969,9.341344,9.129359
117.836421,171.803933,9.310522,9.136985
117.795526,168.509180,9.371895,9.358834
118.686232,166.756929,9.218676,8.985582
118.391072,165.356896,9.152442,8.806757
118.938247,164.560584,9.325474,9.168009
119.618787,165.293470,9.164330,9.016603
119.606935,167.231359,9.271786,9.028470
