220.800000,104.800000,16.000000,4.800000
222.040739,105.138491,14.511380,4.578156
222.532384,105.126700,14.749183,4.482756
223.280987,105.486725,14.866796,4.172934
223.324386,105.007638,14.754444,4.210638
223.420798,105.803792,14.864767,4.081472
223.968788,105.551915,15.154323,4.156522
224.214656,105.176797,15.371644,4.165129
225.602955,105.686851,15.221351,3.958494
225.729205,105.060162,15.471166,4.325271
226.163446,105.357347,15.298417,4.189050
227.477809,105.822504,15.177243,4.051677
227.538777,105.208654,14.929817,4.293386
227.858172,105.307791,15.102410,4.257068
228.992884,105.314656,15.181232,4.325282
229.820516,104.865512,15.162860,4.754964
230.822788,105.725901,14.903536,4.281436
231.466230,105.220105,14.868505,4.447793
232.441586,104.861351,14.892709,4.865020
232.863092,105.310102,15.114527,4.624870
233.522252,105.227835,15.169906,4.726683
233.464992,105.344583,14.790957,4.626323
233.858236,105.304592,15.234545,4.751915
233.314027,105.787171,16.826790,4.986084
234.724449,105.070085,15.747521,5.057503
235.163598,104.879665,14.753662,5.084594
236.492935,105.519527,14.706488,4.777458
236.127785,105.391940,14.880459,4.921250
236.317757,105.899860,14.926056,4.947330
233.828201,104.866502,15.436258,5.076851
230.939591,106.630839,14.681414,4.453825
228.299338,106.428060,15.032725,4.649997
226.323901,105.911601,15.292987,4.523054
224.447786,106.722400,15.371630,4.175225
222.587014,106.282766,15.165955,4.757606
221.505108,106.318145,15.047157,4.292931
218.864350,106.194494,15.319996,4.700027
216.973733,106.115878,15.050438,4.185922
216.140774,107.015532,14.445753,4.251966
214.696904,106.842350,14.789976,4.340287
211.553413,106.054520,15.199571,4.486220
211.736862,107.096424,15.042295,3.985860
211.719239,106.504745,14.727657,4.616796
211.981501,106.885367,15.224923,4.122245
210.764836,106.567414,15.076906,4.454115
210.011464,107.104619,15.199379,4.703851
208.922796,107.229874,15.262569,4.838552
209.427275,107.105313,14.776766,4.526151
208.864588,106.691568,14.635709,4.766723
206.436319,107.101177,15.103677,4.540762
203.078845,107.484837,15.343178,4.496122
201.197643,106.855932,14.919909,4.428923
198.826092,106.765554,14.862248,4.433455
197.340364,107.831867,14.817996,4.254405
196.201234,107.321650,14.879249,4.195158
194.015992,107.920679,15.007015,4.106219
192.001711,107.240416,14.875301,4.296110
192.137234,107.658081,15.391929,4.253585
191.650171,107.557415,15.042485,4.367381
189.843494,107.702570,15.233264,4.249376
188.147611,107.842378,15.241034,4.203704
186.276007,108.010668,15.190310,4.256850
184.074363,106.743513,15.233773,4.808359
181.654755,107.296355,15.008495,4.777585
181.386222,107.189211,14.893906,4.879454
182.698051,107.604177,14.710662,4.810836
182.407326,107.307506,15.026918,4.569263
181.938402,107.245524,14.890150,4.781614
181.459105,107.433625,14.808495,4.655979
180.185920,107.774248,14.856297,4.419561
178.917376,108.611521,15.524265,4.409474
177.163829,108.039668,15.012821,4.348557
175.763759,107.694396,14.952748,4.717067
173.648167,108.250698,14.974507,4.445745
171.397347,108.348220,14.725634,4.291851
169.293032,109.352566,14.928095,3.787783
166.423467,108.454493,14.627963,4.118816
163.289202,108.413083,14.590793,4.113873
158.570798,109.178864,14.992125,4.336004
154.308858,108.877832,14.756553,4.368984
151.704033,108.930579,14.809083,4.189903
149.196720,109.062945,14.982440,4.527795
149.929366,108.968850,14.884767,4.488659
150.670883,108.698467,14.968666,4.694316
151.205966,108.985608,15.055997,4.668328
150.985903,109.037399,15.072082,4.715690
151.858609,109.216739,14.700460,4.624382
152.424299,108.798214,14.735477,4.205634
153.427067,108.378210,14.575812,4.181518
153.903494,109.571369,14.614360,3.841810
154.766453,109.143694,14.850537,4.104923
155.608471,108.810765,14.676972,3.999567
156.325215,108.648426,14.892723,4.267072
156.151635,108.417457,14.945815,3.986919
157.704969,108.523114,14.638010,3.922676
157.032625,108.596316,14.940808,4.122373
159.372017,108.904946,13.502713,4.086924
159.044246,108.973773,14.979207,4.297209
159.705188,108.301671,14.504488,4.242557
160.794164,109.458842,13.889387,3.926310
163.575596,109.003241,15.046981,3.946221
163.445159,109.148610,16.451361,4.175328
164.475830,108.757380,15.219028,4.093072
165.856792,108.506005,14.739349,3.801809
166.271123,109.349661,14.125105,4.132715
166.504633,108.687559,13.667627,4.463058
167.648983,108.905886,14.136354,4.417794
167.735281,108.965893,12.348658,4.464694
168.190582,109.134442,15.330572,4.310396
170.061708,108.697467,14.214079,4.640819
170.024982,108.545303,15.492076,4.470504
170.966342,108.353099,14.207725,4.620366
170.572720,109.256111,13.817065,4.400702
172.381108,109.633162,12.575519,4.305180
172.211078,108.548583,14.806329,4.908370
173.228684,108.284405,12.968924,4.527251
173.745551,108.267531,15.283891,5.012866
174.299646,106.783059,17.870121,7.503230
174.133294,108.377597,14.738523,5.480201
174.332444,108.524157,13.953021,4.276145
174.644122,106.756854,18.485861,8.159751
172.824373,101.949808,23.283279,18.067554
171.151508,101.939732,25.566113,18.948959
170.400582,100.531151,28.746439,19.443726
175.213055,104.159150,23.353319,17.849897
177.743090,108.889735,16.556967,7.464221
174.921078,106.292694,20.131563,12.368938
176.612038,108.530569,19.707323,12.704315
175.220794,109.434313,23.451391,14.294906
172.188968,105.683696,24.659939,12.320219
170.297998,105.348100,23.810966,11.064630
175.266807,106.833510,20.013477,7.950340
175.977328,107.367481,19.657450,6.780744
180.749812,108.580523,16.342848,4.820312
182.926016,108.895286,14.150855,3.931963
183.461692,107.808246,14.520531,4.434767
182.914319,106.806375,15.507195,4.853644
184.604925,107.741502,14.815537,4.677071
184.649078,108.232317,15.423891,4.696032
185.237909,107.674285,14.967440,4.700566
186.287411,107.971937,14.649483,4.428034
186.768972,107.074845,15.210127,5.392869
187.008569,107.954802,15.430011,5.153436
188.424395,107.301685,14.415051,4.766998
188.617946,108.029371,15.032515,4.268469
189.199054,107.745028,14.873085,4.671766
189.818405,108.505060,15.171484,4.281104
190.906784,108.267032,15.019994,4.562641
192.393863,108.025101,14.423410,3.984743
192.550740,107.791354,14.736736,4.304459
192.720205,108.293297,15.223346,4.288092
192.834734,108.092265,15.388417,4.385040
192.777470,107.654638,16.475273,4.451668
192.289252,108.278600,17.123970,4.577980
195.230640,107.339984,14.949675,4.463104
196.440331,108.449473,15.066994,4.267075
196.991399,108.077749,14.901534,4.351675
197.352891,109.041397,14.883258,4.208999
197.374833,108.602650,14.551968,4.064342
198.623180,108.472287,14.745054,4.190352
198.997786,107.642548,14.288636,4.269335
200.039764,108.939354,14.140459,3.989572
198.971029,109.194513,15.057668,4.151989
199.715459,109.021120,16.046034,4.556247
201.033108,108.648306,14.702682,4.077723
201.427663,108.688504,14.636006,4.100257
201.790062,109.202454,14.962264,4.499839
202.018297,107.787402,15.083018,4.448102
202.965243,107.845690,14.947184,4.336453
203.435558,107.722275,14.767250,4.324658
203.712207,108.587926,14.738295,4.069119
204.095739,108.304317,14.787733,4.301268
205.699211,108.736053,14.812746,4.224234
205.830833,108.107656,14.861976,4.217419
206.841969,108.548003,14.634457,4.164220
207.001329,107.902400,15.296489,4.169378
207.152176,108.062229,14.813589,4.313031
207.965230,108.427432,14.727142,4.292795
208.947632,107.488229,15.160192,4.551727
208.962865,107.891603,15.087711,4.410866
210.102543,107.177314,14.801156,4.871796
210.027404,107.604593,14.878455,4.405142
211.206540,108.003527,15.000584,4.830122
211.956077,107.941467,14.714697,4.533477
212.227535,107.759496,15.037722,4.666003
212.236905,108.116796,15.500240,4.573517
213.322893,108.524380,15.136229,4.407220
214.129300,107.888077,15.308079,4.858655
214.548417,107.617933,14.968349,4.579428
215.310471,107.316980,14.917320,4.503147
215.848267,106.987130,15.415497,4.866276
216.257877,107.752997,15.222556,4.383947
215.710035,108.067252,16.390787,4.742023
217.275286,107.822028,14.956749,4.361009
217.941631,106.858651,15.075373,4.674624
218.780545,108.095947,14.913914,4.243107
219.351031,107.850882,14.753059,4.291339
218.353267,107.753674,15.711117,4.699321
218.912850,107.421542,16.011866,4.768038
220.998225,108.322164,14.975484,4.597558
222.978172,107.638907,14.939305,4.549006
223.039797,108.206114,15.247695,4.691363
223.724755,107.247725,14.501070,4.197244
224.522987,108.123837,14.835835,3.981603
225.857537,107.285423,14.785078,4.142106
226.116409,107.731944,14.825924,4.362662
227.061622,107.307681,14.533273,4.782890
227.891226,106.919268,14.454455,4.409607
227.543007,108.178334,14.778690,3.895141
228.863311,107.105575,15.051600,4.388386
229.030998,106.659037,14.938046,4.704005
228.844415,107.125539,15.175972,4.442955
230.111793,106.866178,15.003266,4.552886
230.233530,107.048308,15.534969,4.659432
231.016802,106.983486,14.812419,4.578741
232.080416,106.935081,15.058014,4.382946
232.858486,106.217056,15.250388,5.068977
233.952990,106.875014,14.990520,4.335953
234.391238,106.690701,15.033349,4.569207
234.518333,107.150749,14.948673,4.438034
235.866563,107.029474,15.095685,4.595438
235.970156,107.523896,15.661266,4.402454
236.201804,106.892926,15.075106,4.475156
237.022074,106.434586,15.762314,4.983643
237.139041,106.673903,15.893338,4.750455
238.086801,106.385745,14.945367,4.798879
238.657721,106.773596,15.313650,4.490485
240.081822,107.235148,14.799132,4.328679
240.394650,106.837969,14.979292,4.650697
240.403442,107.298165,15.322297,4.357900
241.008538,106.950228,14.992453,4.623391
240.859211,107.362712,15.620853,4.487591
242.313352,106.846972,14.607571,4.263567
242.374805,107.167423,15.507878,4.398365
243.604693,107.581338,14.861629,4.449303
243.542407,107.253394,15.405928,4.736986
244.444065,107.431975,14.791537,4.437863
245.455685,107.518234,14.878515,4.442962
245.932051,107.447143,15.145802,4.553562
245.724218,107.305528,14.982254,4.233359
246.865854,108.145197,14.842457,4.063257
247.602310,107.502782,14.956451,4.387435
247.422842,107.018969,15.516930,4.880335
248.174134,106.841913,15.024927,4.683249
249.017860,106.687417,15.101791,4.934476
249.663092,106.441768,15.083056,4.724841
250.689280,106.673947,14.868579,4.616593
251.481490,106.540864,14.923433,4.947881
252.103670,106.031129,14.703796,4.882816
253.008200,107.647941,14.820330,4.294734
253.482956,106.915002,14.898239,4.433067
253.987098,106.337964,14.850766,4.818810
254.774534,106.947423,14.988735,4.378213
254.598808,106.560627,14.962425,4.711180
255.676544,106.896494,14.918204,4.551677
255.945201,106.634804,15.153727,4.638318
256.708293,106.533318,14.283696,4.754015
258.694166,107.307066,14.316009,4.513906
258.147535,106.880211,14.843040,4.503199
259.179066,106.500044,14.160212,4.284029
260.042214,106.364859,14.336130,4.294783
259.706647,105.906873,15.219728,4.664709
260.522940,106.745274,14.879340,4.439041
260.731448,107.016955,15.354650,4.719612
261.098828,106.227838,15.158256,4.610406
261.050807,105.685315,15.776135,4.550959
262.278640,106.702009,14.924615,4.117215
262.946651,104.963698,15.096116,4.456192
262.436526,105.035616,16.260256,4.776539
262.568517,106.418086,16.106468,4.516665
264.380196,105.829051,15.453906,4.444948
265.725384,105.247082,14.776485,4.284641
265.591697,106.337274,15.353326,4.134413
266.649452,105.746567,14.641479,4.945221
268.007267,105.622168,14.976006,4.599983
267.772735,105.138052,15.047119,4.937244
268.151636,105.220573,15.055962,4.727331
268.285339,104.631828,15.483360,4.591858
269.189875,105.604351,15.171545,4.746437
270.008857,105.401104,14.870913,4.480088
270.473289,105.772865,15.038663,4.662564
271.612243,106.036703,14.697324,4.614541
272.465306,105.411151,15.100352,4.968623
271.955590,106.125045,14.860422,4.588610
273.491628,106.074377,15.135841,4.319241
273.002710,105.364439,14.795039,4.675198
274.540976,105.887753,15.245613,4.303641
274.415252,105.365593,14.844105,4.465122
275.680269,106.059980,15.331233,4.536303
276.436658,106.561702,15.144623,4.218359
276.654348,105.613646,14.916770,4.495127
277.020691,106.564273,15.052931,4.322465
278.316026,106.132520,14.663248,4.533764
278.639471,105.513701,14.869367,4.660442
279.244112,105.504257,14.868341,4.688989
279.209779,105.657796,14.955833,4.608927
280.211298,105.754938,14.716233,4.616066
281.024559,105.232162,14.826844,4.579656
281.352853,106.099040,15.018970,4.101580
282.358932,105.929125,14.600745,4.404882
283.655030,105.307769,15.214116,4.617539
284.687000,105.410149,14.819583,4.291182
284.874464,105.478263,15.337090,4.274406
285.168751,105.656778,15.620977,4.542667
286.202276,105.793749,14.890452,4.309289
287.065408,106.318059,15.260562,4.036247
287.101679,105.984595,14.986979,4.047189
287.595411,105.879911,15.217830,4.148468
288.583373,105.273193,15.615813,4.450191
289.771557,105.710418,15.473065,4.381816
290.384332,105.877361,15.053340,4.262255
290.705735,105.487140,15.599149,4.414023
290.593997,105.322300,15.289154,4.236197
292.269384,105.052242,14.760817,4.440486
292.648950,105.385117,15.274043,4.592005
293.785009,105.481139,14.742366,4.533417
293.860296,105.467702,15.133276,4.708282
295.007877,105.676067,14.885699,4.509299
295.096958,106.354464,15.234143,4.395242
296.263165,105.201970,15.430615,4.405979
296.908932,104.946263,15.077602,4.572871
297.749463,105.727323,14.887573,4.110478
297.884989,104.829888,15.004240,4.376314
298.322791,104.284280,14.975093,4.664451
298.615122,105.067612,15.493711,4.146524
299.320334,104.208209,15.248189,4.254017
300.946109,104.391814,14.778442,4.143815
301.270140,105.642641,15.232033,4.368639
301.810814,105.863189,14.993485,4.158009
302.621230,105.067272,14.866626,4.354566
302.345483,104.862298,14.669036,4.451739
303.283532,105.288497,15.106158,4.429041
303.974495,105.865097,14.848936,4.176152
304.839132,104.864454,14.762804,4.648215
304.757893,105.231425,14.798230,4.400049
304.886293,104.644536,15.104442,4.189217
306.151425,103.946082,15.169366,4.445451
306.730297,105.042898,14.468751,4.089492
307.905651,102.907618,14.860415,4.300533
308.083146,103.639420,14.833468,4.098464
308.894101,104.740421,14.820312,3.775231
309.255793,104.100498,15.208412,4.803307
309.695518,105.599226,14.962996,4.272747
310.359946,105.120405,14.916886,4.222233
310.180614,105.976600,14.968103,4.066839
311.411858,105.056044,14.417665,4.332082
311.594744,104.976640,14.638256,4.240326
312.841508,104.896651,14.216221,4.309886
312.711367,104.968222,15.210683,4.363746
313.025019,104.426846,15.203024,4.457794
314.129698,105.096250,15.069067,4.200361
314.177546,105.188890,15.140324,4.413523
315.637797,105.201788,14.887012,4.277833
315.743076,105.208635,15.591063,4.557855
316.111591,105.848412,15.102553,4.212543
316.866370,105.120594,15.022712,4.427408
317.196948,104.888246,15.526810,4.525696
318.234064,105.942256,14.843615,3.964326
318.649994,105.871439,15.308825,4.339692
319.196888,105.403075,14.962450,4.238948
319.897082,105.019488,14.838410,4.159780
320.719344,106.202053,14.793934,4.146806
320.398103,106.250756,16.061012,4.388435
320.943604,106.040346,16.503796,4.582671
321.576913,105.772296,15.403945,4.327468
321.702074,106.644542,16.537111,4.246322
322.799246,105.818339,15.928159,4.240088
324.592897,106.441491,15.070375,4.377266
324.884906,106.121575,14.997185,4.374658
325.620059,105.761945,14.908970,4.498024
325.829803,105.285003,15.074191,4.536273
327.053352,104.935147,15.488151,4.395120
327.268770,105.435068,15.164279,4.259634
328.922749,104.946612,14.724656,4.642195
329.146639,105.369825,15.409455,4.455100
329.366445,105.030620,14.780456,4.263717
330.203074,106.341880,14.808601,4.186341
330.371042,105.542688,15.396536,4.433762
331.694237,105.133873,14.998414,4.200587
331.594906,106.181352,14.982627,4.021943
332.721063,105.779002,14.485463,4.578746
333.743465,105.047184,14.297647,4.744567
333.582240,105.424713,15.091954,4.215469
333.731374,104.986312,14.603614,4.370026
333.666107,105.589369,15.454280,4.150515
334.148273,105.690098,15.233828,4.264817
334.496235,106.228569,15.381886,4.036994
335.441373,105.976512,14.676890,4.157430
329.610740,106.022171,14.176163,4.081966
321.162466,105.248796,14.117383,4.230334
312.639523,105.557378,12.929833,4.450631
303.579908,106.498792,13.945153,4.304482
296.698523,106.796603,15.255196,3.976554
292.673180,106.637478,14.875673,3.963037
287.315949,107.030432,15.562981,3.871954
283.688753,106.681440,15.658868,4.066931
278.903280,106.824411,14.850100,4.212658
273.966749,107.374366,15.430844,4.145589
269.018236,108.148612,15.766137,3.909765
267.613692,107.914717,14.870769,3.856599
