215.600000,197.400000,29.000000,18.200000
213.494614,196.555884,29.565424,18.886438
212.229238,195.391226,28.816788,19.446064
210.969617,193.227641,28.883799,19.926569
210.850854,194.085611,28.548241,19.734615
209.311125,195.234907,28.725477,19.402889
210.351892,196.106028,27.715416,18.770206
209.448739,195.483563,28.039736,19.578375
209.003064,195.004775,27.989840,19.334681
207.685442,193.382551,28.009766,19.654606
207.443773,193.960256,27.077217,19.205107
206.871135,192.765945,27.775082,19.496910
206.569324,193.064727,27.512516,19.109087
206.614217,192.933813,26.964813,18.972492
204.901904,192.945656,26.679113,18.837036
204.105884,193.045853,26.688480,18.682983
202.934053,191.898402,26.651543,18.903658
200.874014,191.566002,26.407616,18.700783
198.306967,191.017049,26.523245,18.652655
197.233539,189.703815,26.507412,18.109438
196.049844,188.473937,25.800690,18.142641
194.169715,187.472567,26.133266,18.282825
192.591637,186.071120,25.724756,17.682329
191.092314,185.187371,25.146200,17.771132
188.499085,183.745844,25.694254,17.789661
187.131363,182.794840,25.145784,17.585598
184.889542,181.990565,25.426912,17.745256
183.537834,181.295389,24.925327,17.744297
180.885295,179.803091,24.700169,17.352062
179.269089,179.494369,24.687761,16.876444
177.169575,178.406879,24.961306,17.006134
176.168731,177.588181,24.835445,16.696890
174.227965,176.308906,24.594023,16.749529
173.306214,176.331228,24.146204,16.970631
173.483658,178.015887,24.047640,16.526667
171.810068,178.709199,23.815010,16.467436
170.801777,178.429066,23.971712,16.756844
170.504810,178.223501,23.528049,17.019024
168.898306,177.852772,23.727118,16.703125
167.550438,177.848632,23.305704,16.086176
166.496163,177.166756,23.263987,16.380959
164.304307,176.671464,23.558336,16.397413
163.514626,176.692647,23.382860,16.092787
163.063657,175.341002,23.139427,16.033268
162.962947,176.952631,22.751554,16.394535
163.010604,176.583933,22.626499,16.482723
161.935238,176.123527,22.445040,16.455667
161.219637,176.593602,22.421385,16.049803
161.504547,176.051044,22.094692,16.125864
160.546050,177.932508,22.848379,15.975484
161.196708,177.687839,21.688869,16.134180
160.354969,178.147908,21.878819,16.279707
160.034079,178.044024,22.063406,16.201708
158.856126,177.230069,22.297279,15.844473
157.870096,176.154025,21.819481,15.961588
157.134150,175.342415,21.697569,15.838950
157.205955,175.443765,21.721821,15.441969
156.386883,175.442820,21.216204,15.971354
156.420748,176.795924,21.238371,15.455561
155.624263,176.490214,21.228710,15.416384
156.356414,176.040647,21.049152,15.303960
156.153364,175.615923,20.646767,15.244746
155.770234,175.399093,20.503565,15.279413
154.858508,175.158053,20.821447,15.422603
155.893922,174.940832,19.799782,15.318119
155.716324,175.163390,19.772669,15.231715
156.114323,175.334992,19.797098,15.104728
157.690712,176.830399,20.229084,14.843482
158.377554,178.467612,20.260902,14.705806
158.067886,178.693478,20.397434,15.036079
158.818238,179.056277,19.843988,15.135241
158.948490,178.381777,19.864002,14.763439
158.934245,178.653555,19.405455,14.816174
157.157642,178.083611,19.808331,14.829879
157.177054,177.676661,19.510160,14.667056
157.995834,177.618969,19.455402,14.995276
158.978219,177.864075,19.369768,14.100815
159.529431,178.862339,19.106699,14.478347
159.229033,177.886847,19.383024,14.839136
159.810163,178.917356,19.108810,14.577620
160.622245,179.064999,18.942005,14.508285
161.161193,179.025870,18.617756,14.182681
162.187955,179.286623,18.250763,14.413166
162.317881,180.551313,18.788816,14.133183
162.363038,180.145576,18.878687,14.329004
163.509619,181.641053,18.727514,14.042204
164.061632,181.047843,18.541451,14.443131
163.682248,180.677358,18.361597,14.696959
162.386426,180.287186,18.773901,14.056502
162.858609,179.018376,18.643682,14.194777
162.152679,178.661110,18.281204,14.124206
161.305734,178.045660,17.875359,14.135144
161.789634,176.783601,17.705578,13.967145
160.735970,176.385814,17.610006,13.864500
159.592763,175.153143,17.570803,13.733905
158.553112,173.933533,17.660553,13.948658
157.561362,173.629609,17.563334,14.003242
156.508548,172.400582,17.980827,13.877627
155.846565,171.896742,17.400684,13.716045
153.964627,170.397711,17.129320,13.433144
153.278466,168.948568,17.454626,13.396081
152.652889,167.614590,16.721554,13.157725
151.319144,166.703382,17.104242,13.287230
150.936631,164.673285,17.303957,13.044810
149.745082,162.072272,16.891077,13.225042
148.860730,160.004228,16.684797,12.794465
146.884799,158.600911,16.801897,12.774970
146.331534,157.114818,16.263083,13.051096
145.591611,155.046410,16.898500,13.051414
144.712924,153.028805,16.409327,12.698657
143.108926,151.783555,16.378719,12.555987
142.139244,150.399533,16.578876,12.327845
141.199113,148.868205,16.385433,12.343139
140.238616,147.423853,16.441893,12.930889
138.853827,147.415773,16.882296,12.763405
138.109299,146.654213,16.252871,12.489956
137.302075,145.849891,16.306376,12.266881
136.671982,144.952348,16.401789,12.431845
135.923319,143.489405,15.891424,12.201313
134.577589,142.024171,15.840324,12.703275
133.740209,141.595340,15.570752,12.428582
131.782642,141.362640,15.552714,12.176423
130.469273,140.939028,16.090635,12.269195
130.424484,139.256162,15.577251,11.977609
129.283290,138.382019,15.712282,12.484707
127.940527,138.284256,15.805458,12.351304
127.114564,137.834898,15.639260,12.413243
126.359031,136.458502,15.930981,12.336288
125.779599,135.539323,15.178759,12.607397
125.772482,134.885549,15.528570,12.177312
124.613487,134.297761,15.524632,11.853101
124.329732,133.210831,14.603940,11.437140
122.868514,132.699417,14.868666,11.840561
122.665432,131.916193,15.422675,12.084414
121.910026,131.828562,15.307260,12.239661
120.943373,130.941255,15.226851,12.035414
120.012965,130.561236,14.544232,12.009841
119.262600,129.729439,14.595008,11.629551
118.525549,128.577690,15.341732,11.710073
118.371861,128.459010,14.650309,11.459052
117.197835,127.714795,15.076742,11.362136
116.659896,126.446994,14.704851,11.553019
115.070816,125.867094,14.511337,11.583768
114.887944,125.049092,14.364798,11.071353
113.344449,124.528220,14.553114,11.550920
112.810641,123.860667,14.381742,11.524073
112.174094,122.937147,13.998129,11.337224
111.059394,122.639491,14.129381,11.307020
110.254269,121.738126,14.657282,11.233240
110.240925,121.289445,14.501398,11.336530
110.001661,120.307438,14.469898,11.060061
108.780485,119.688806,14.035213,11.662748
107.614054,118.964464,14.426325,11.125443
107.422609,118.423076,13.573147,11.355921
106.637197,117.640414,14.673832,11.318396
106.267991,117.232140,13.852445,11.138202
105.600163,116.249544,13.391813,11.149384
104.237011,116.291486,13.911762,10.809675
104.706731,114.976984,14.147118,11.102226
104.488853,114.289082,14.415165,11.141041
104.690023,113.969172,13.297935,11.037536
104.285189,113.087416,13.448447,10.747497
103.168881,112.275408,13.649302,11.238727
103.460069,112.005664,13.529068,10.569864
103.715403,111.474956,13.551410,10.607927
103.863286,110.180588,13.692572,10.889243
103.252253,109.925433,13.760721,10.889448
102.396231,109.152730,13.577926,10.693139
102.070721,108.297143,13.837604,10.882709
102.550402,107.739214,13.372225,10.329720
102.729019,107.143719,12.977810,10.435642
102.248939,106.032163,12.891026,11.154885
103.095233,105.711721,13.214270,10.640213
103.077091,105.308115,13.461163,10.454503
103.929938,104.249107,13.196966,10.511642
105.006996,103.512949,12.710781,10.555923
105.374844,104.137466,13.145163,10.265771
106.859830,102.967105,13.006432,10.343233
106.511684,101.995406,13.519959,10.207641
107.009334,101.242092,12.982960,10.217912
108.451912,100.964723,12.664886,10.566542
109.627982,100.562533,12.868826,10.495932
109.729797,100.370718,12.852815,10.672284
109.461321,100.133318,13.026255,10.336280
109.282167,98.383605,14.985786,11.164838
109.667490,98.166689,14.349213,10.618575
111.161231,97.884848,13.603682,10.915958
112.001856,93.303848,13.835867,13.912495
112.616880,95.373951,13.411274,12.297542
113.924892,94.829681,13.048715,11.001255
114.882257,96.200561,12.595219,10.645514
114.114149,95.796201,12.563046,10.377829
115.909563,96.016460,12.657001,10.520969
115.163686,96.391978,12.665668,10.086314
117.649902,99.101263,12.921181,9.968414
117.904317,98.896458,12.468865,10.242203
118.865750,99.060131,12.589330,9.889340
118.573210,98.840080,12.718673,9.910230
119.373393,100.585499,12.638371,9.667728
119.621056,99.959133,12.568881,10.003831
119.995238,100.539906,12.155363,9.472014
118.977563,99.996865,12.931249,9.807592
120.292383,100.830812,12.438464,9.574156
118.779174,100.783661,12.820580,9.626686
118.935668,102.133249,12.702127,9.364442
119.227563,101.991772,12.876873,9.299278
120.120967,101.935664,11.604825,9.514010
120.343420,102.888265,12.231171,9.357850
119.672706,103.134042,12.316387,9.064627
120.292878,102.856778,12.239630,9.660280
120.543750,102.312665,12.273103,9.320330
119.891331,103.576760,12.113676,9.504153
120.124972,103.252377,12.192834,9.387104
118.851801,104.747307,12.172834,9.250217
119.466720,103.869260,11.616776,9.743402
118.300891,104.375244,11.959393,9.327019
118.240883,103.489150,12.508566,9.468969
118.257921,104.454047,11.939518,9.552061
117.217341,104.565530,11.704528,9.214662
117.339862,105.734399,11.963338,8.829000
117.714615,105.586852,11.699053,9.322959
116.992406,105.752538,11.941387,9.337499
117.817376,105.032321,10.993695,9.591345
117.024209,104.859406,12.020623,9.524906
115.914713,104.989154,11.646236,9.335477
115.388162,104.149722,11.797974,9.381899
114.954335,104.477397,11.838915,8.788629
114.716086,104.375863,11.879666,9.041053
113.413030,103.963847,11.951279,8.892752
113.603733,103.370336,11.759937,9.170636
112.984568,103.205149,12.416514,8.943488
111.214133,103.152863,11.827158,8.985770
111.485429,101.931726,11.107881,8.666622
111.121867,102.123377,11.452009,8.900463
110.913544,101.453096,10.916621,9.343286
108.794374,100.744792,11.422364,9.256745
107.781441,101.250978,12.138098,9.074784
107.507791,99.916396,12.078862,8.858759
106.821128,100.330143,11.904229,8.950592
106.328440,99.483325,11.363849,9.189425
104.868846,98.889323,11.943627,8.925055
105.243938,99.240539,11.456902,9.012616
104.900565,98.757039,11.658010,9.151755
103.999348,98.595582,11.797403,8.800492
103.715393,98.638578,11.641647,8.727704
102.670576,97.259697,11.217036,8.856888
101.869948,96.966337,11.540847,8.828607
101.612109,96.821025,11.592985,9.056318
101.332837,96.152123,10.649121,9.222879
99.468692,96.059985,11.787876,8.741335
100.077521,96.011999,11.907080,8.988381
99.092612,94.764348,12.177004,8.795938
98.480600,95.155221,12.810078,8.996566
97.710645,93.146038,12.821557,10.816612
96.798791,90.274813,12.602437,12.289394
96.868764,93.359878,11.787965,10.056044
96.286271,91.750268,12.339375,11.526557
97.574757,91.562791,11.405882,10.155568
96.822472,91.815102,11.850718,9.790684
96.116477,91.796205,11.630452,10.029940
96.100975,92.076326,11.264041,9.470970
95.771059,91.299662,11.317943,9.512245
96.059379,91.287022,11.254426,9.562953
95.310675,91.669763,10.602987,9.119287
94.321591,91.184578,11.265097,9.036869
95.153335,90.878926,11.381230,9.312002
94.489314,90.225488,10.741976,8.964120
94.048466,89.910714,11.303710,8.811361
93.710927,90.334594,11.623175,8.706483
93.481619,90.344231,10.674197,8.406212
92.586536,89.365836,10.365827,8.370031
92.616221,88.882752,10.683101,8.755068
92.102524,88.831083,11.438651,8.783704
91.869190,88.946888,10.634063,8.572292
90.617043,88.353698,10.933230,8.495489
90.292207,88.396424,10.869919,8.557356
90.841586,88.457799,10.801836,8.654988
90.530045,88.854629,10.437178,8.182462
92.102025,90.743268,10.599957,8.563707
92.762978,91.866380,10.536058,8.560171
92.694151,93.677410,10.305464,8.355804
92.727331,93.646180,10.573074,8.424852
92.772784,93.428729,10.207616,8.564197
92.230103,93.238231,10.460780,8.451882
92.103105,93.539575,10.694176,8.634855
91.852818,93.002326,10.681911,8.318254
92.291528,92.499495,10.185315,8.615760
92.570290,92.076184,10.360502,8.701162
91.614983,92.040349,9.720808,8.453414
91.981192,91.117166,10.397535,8.670594
90.983857,91.829640,10.757356,8.385058
90.976618,91.157138,10.683013,8.526765
90.637056,90.483151,10.594371,8.484163
91.389303,89.866597,10.284546,8.574293
90.325031,90.143371,10.395493,8.491899
90.533427,90.095184,10.353135,8.194832
90.953387,89.698838,10.251458,8.206484
90.394416,89.738740,10.042783,8.495324
90.853843,89.304575,10.432145,8.547889
91.800550,88.272268,10.343358,8.325626
92.324272,88.899075,9.989578,8.416004
91.494752,87.962804,10.674195,8.562105
92.118761,87.977604,10.456921,8.463267
92.299615,89.177603,10.502743,7.899269
92.540988,89.745669,10.262803,8.112578
93.713298,91.411108,10.383507,8.435917
95.859158,91.911066,9.623679,7.965390
96.004533,93.271407,10.254009,7.669887
96.375651,94.418155,10.634233,7.702360
97.814408,94.538223,10.903418,8.173454
98.949007,94.068828,10.213814,8.446126
98.677754,95.661549,10.258421,8.262397
99.195460,96.643802,10.300469,8.051518
100.352514,96.037116,10.126956,8.053786
101.679498,95.506300,10.089620,8.293854
101.776945,96.519498,10.383205,8.144060
103.054317,96.180296,9.993489,8.490252
102.786337,95.831843,10.496035,8.385221
103.686598,96.060475,9.687522,7.943954
102.998944,96.109664,9.881041,8.208394
104.827789,95.860707,9.750877,8.030307
104.682778,95.726277,9.556106,8.059744
105.180884,95.508755,9.919965,8.081210
104.700615,95.083852,9.958240,8.133168
104.814342,95.894819,10.124684,7.972264
105.756134,94.865892,9.665955,8.240979
105.335269,94.708901,9.481210,8.213347
105.681909,94.588551,9.763077,8.538784
105.794384,95.417243,9.782204,8.298862
106.463834,95.700398,9.452003,8.208349
106.899973,94.413420,9.687037,8.938056
106.640190,94.775430,9.751987,8.608072
107.291123,94.038189,9.499414,9.284053
104.560810,92.158048,14.448151,11.061098
106.848447,94.001471,10.869114,9.596386
107.743453,95.209066,9.803311,8.707653
108.818597,95.162673,9.034851,8.461347
109.437626,95.942741,8.818207,8.351227
110.769142,97.494852,8.928268,7.972820
111.229949,99.576402,9.292337,7.896272
107.397574,96.046749,15.390124,11.350865
110.153588,99.439515,9.655034,8.438822
111.892789,99.885150,9.237312,8.026650
110.151767,98.661994,11.802780,9.089872
111.621315,98.541677,9.386158,8.682920
110.774341,97.723072,10.230279,8.983964
111.194199,97.701781,10.811033,8.852485
109.254934,95.024716,14.240417,11.677240
112.827530,97.894545,10.957127,9.615245
113.826583,99.785412,9.744122,8.592311
114.677919,100.606636,9.678512,8.640698
114.258806,100.944929,10.486725,8.643162
114.916851,99.829911,10.867187,9.004081
115.614059,100.360262,10.535283,9.213069
116.359820,101.036164,9.065900,7.987552
116.856121,100.436516,9.139843,8.074203
114.518958,98.089211,12.939141,10.239216
115.597966,96.045446,12.230897,12.978031
116.892323,89.524735,10.251147,7.622988
116.450040,89.132194,10.374866,8.232939
116.712870,88.601851,11.026571,9.321056
114.933957,89.979878,14.894960,13.277831
116.205591,97.782863,12.897800,10.148371
118.511008,98.287564,10.249017,8.900900
117.973533,96.078185,11.337948,11.427427
119.982352,88.656514,9.934525,7.881085
121.542087,88.386780,10.079610,7.443342
122.522323,88.398591,9.868295,7.540309
123.482147,88.124676,10.056347,7.895319
124.029106,88.579882,9.944759,7.428620
123.736575,88.650019,11.220124,8.230955
125.069465,88.395045,10.228779,8.130493
125.561042,88.401565,10.047894,7.606726
120.683125,96.340840,12.576531,8.197170
127.617280,87.958035,9.980225,7.909044
126.089242,88.490144,11.335590,8.735213
127.454846,88.098797,9.917401,7.715067
121.719052,96.849552,12.681930,7.812891
120.421173,95.652300,13.406781,8.529286
127.558514,88.914392,10.082894,7.497139
127.296809,88.209538,10.587982,9.089046
126.270958,88.342329,10.636724,9.565193
127.689078,87.758491,10.954094,8.305265
121.163085,95.634329,11.703197,8.340869
118.783046,93.914054,15.019160,10.125780
118.879830,94.434793,15.587483,9.847879
116.202412,95.371624,16.973690,9.222701
117.467122,95.213577,15.791161,9.456078
116.741284,93.617898,17.371227,11.281224
105.891001,91.715293,26.191048,18.674696
98.010872,93.765342,31.549778,18.144674
76.307679,110.808824,34.355991,20.900545
71.111012,110.617032,39.135502,21.863512
68.937874,110.749979,39.751507,21.210152
73.752888,111.083366,34.814198,19.558102
72.835028,112.638239,36.720055,19.200630
65.767417,106.187502,45.430809,30.729179
79.562680,109.559017,34.331753,19.871159
78.575902,111.632619,33.679394,17.810411
77.814112,111.668573,33.269691,18.561279
76.417130,111.294771,35.218685,21.225983
76.534464,111.523135,34.075897,18.637762
71.227843,110.017943,39.636360,23.203337
71.698638,109.233468,39.300804,28.018991
75.628584,110.965750,35.686211,21.895737
73.372231,111.073279,38.019741,22.763220
73.107947,111.778951,37.875206,22.428614
73.678980,111.979313,34.679199,18.821949
74.010546,111.588078,36.289001,22.113138
64.748852,105.379524,50.590542,34.740658
73.441916,109.702983,37.045479,23.255224
74.067517,111.794773,37.591579,21.705761
75.805121,111.153066,33.474106,21.033617
75.923829,111.084014,35.961040,21.038023
77.151984,111.921295,33.729782,18.169201
114.173811,93.580980,17.377748,16.025604
107.017225,94.382295,23.050367,18.129091
101.036710,95.165762,30.935469,19.451584
76.795077,111.962351,34.096584,22.420326
71.084502,107.179984,40.155277,26.770697
74.286225,110.893030,34.288437,20.555832
72.696471,110.122738,39.644230,23.660496
77.010508,112.787422,32.600796,19.736485
72.334321,111.782139,38.027908,23.785503
68.163970,110.360700,43.705524,30.344973
72.586854,111.292193,37.837524,25.061941
74.810174,110.515450,35.445129,22.797327
75.164807,111.982371,34.230820,17.542486
78.549990,112.445056,30.761509,16.897406
78.437351,112.297554,31.651636,16.643818
78.210627,112.099419,32.594807,18.217075
77.647544,112.947995,32.217129,20.328295
76.515023,110.378034,35.529350,22.465586
75.980387,116.612030,35.764851,22.766247
79.789832,119.621894,34.437023,21.172613
75.623377,117.622272,34.486759,24.913944
78.831400,118.165419,33.913158,22.592117
77.420685,119.668645,35.792816,20.430979
76.587285,119.717214,36.345116,20.880991
76.057843,118.244910,36.342445,22.329535
79.356312,120.192757,35.144646,20.839664
74.727976,119.041172,37.752766,22.614529
77.742182,118.427281,35.709713,25.019442
78.958764,118.597576,34.199562,21.149532
78.897944,119.592053,35.953716,23.670580
77.500361,118.271695,35.400753,21.228739
81.993703,120.147162,32.938286,22.295805
81.578837,121.294783,33.518658,21.651588
80.744063,121.984045,36.214916,23.171562
82.068102,122.368759,31.891645,19.808018
82.283345,122.636588,32.198883,18.422514
84.329788,123.002004,30.886110,17.811159
85.513610,123.255268,30.546413,21.210659
85.618441,123.095798,29.881702,19.012203
83.548953,123.574255,31.931278,18.169067
85.734285,124.547685,31.942114,21.992907
83.222359,124.951026,32.593040,19.388281
81.696499,124.985709,35.800896,23.376272
82.790145,124.821263,33.908230,20.866732
83.673182,125.158882,34.364704,20.067898
85.316777,126.036083,33.018051,19.944729
80.911305,125.374815,36.407341,21.006042
83.936831,126.289001,34.737782,22.202795
79.811820,126.756225,37.311131,21.338247
83.290339,127.066876,33.698650,19.987230
85.493373,127.021441,31.612467,19.602568
83.454074,126.583906,34.007267,19.821304
86.938539,126.773690,30.628759,18.904940
86.543559,126.914502,30.546001,21.038553
84.671572,127.079693,31.929478,18.080524
84.856381,126.238061,33.010948,19.822046
84.227566,126.337381,33.075020,19.851471
84.043963,126.543253,33.115383,19.130524
82.689841,125.934885,34.194530,19.875381
85.615212,126.257944,31.940369,19.589172
84.066620,126.026818,33.753242,19.490488
84.835242,126.200488,33.298306,18.012388
85.032696,126.117880,33.429260,21.315704
83.697661,126.844125,34.671764,21.283426
81.666266,126.144204,34.606525,19.726381
82.139542,126.878653,35.915764,22.400108
79.985806,126.994987,36.288780,19.219013
81.056473,127.499685,35.423691,20.820770
81.677249,128.084951,35.559872,19.645149
81.564698,127.388728,35.208221,19.331060
81.931653,127.445464,34.933701,20.811995
78.014798,127.139256,38.985771,20.743944
84.941493,129.065443,33.064976,18.534897
81.162419,130.895121,38.147034,21.611275
85.388293,132.476763,35.633915,20.624748
82.981558,132.837485,37.152813,22.995459
82.585400,133.136466,38.567360,26.622953
84.485770,132.669708,39.481907,26.818584
82.162211,132.740677,40.069454,21.366726
84.205292,133.424576,37.490479,22.637012
81.335831,133.855094,38.359550,19.656584
78.575152,133.843866,41.919117,25.528587
85.941220,133.921498,39.462784,27.664537
82.050982,133.256038,39.436626,22.706251
86.050009,133.886871,36.987347,20.648487
84.817788,134.936444,39.744354,24.641870
83.181925,136.043828,38.245365,20.270784
87.192580,136.069743,38.376247,25.310652
84.950076,136.128197,38.381390,22.869183
87.783801,136.710155,36.731693,23.000601
84.954350,136.843369,38.155418,20.025797
87.599660,137.618316,36.567757,24.078726
86.391759,136.945164,38.714500,23.034267
84.296511,137.214948,40.614590,24.661860
83.276349,136.741132,41.388298,24.822008
90.979149,137.521245,36.714661,24.626497
83.820294,138.183149,40.345047,27.018112
87.903246,138.536187,38.701588,25.762217
85.814602,138.774017,40.110115,25.325130
89.428891,139.320791,37.160011,25.035675
88.447032,140.241076,39.420040,24.942518
92.625163,139.412240,36.532681,24.317286
90.720509,140.711578,36.196861,18.174221
96.351445,141.749031,33.462532,19.832989
93.751809,141.150542,34.415665,22.641806
92.608811,142.470059,37.201569,21.209307
91.417533,141.272470,36.347652,20.357248
91.675322,141.812306,38.926815,23.738680
91.510508,140.897284,37.978802,21.873802
90.802361,142.006558,39.379044,23.710398
90.650702,142.582181,38.112820,24.343851
93.623295,141.418226,37.870232,26.347404
96.060500,142.410702,35.730610,23.837910
92.765763,142.723991,36.996857,20.091679
92.420245,143.440076,38.123913,22.933138
92.343272,144.027119,37.611324,23.773373
95.652825,143.223163,37.370430,24.917494
91.626673,143.427824,39.770443,20.591919
97.274865,143.560749,34.816666,21.070919
94.801411,143.056417,37.407021,20.109138
97.002221,144.179422,36.563637,21.654800
93.693024,144.838326,42.044991,25.339693
95.923138,144.623674,40.266907,25.080460
97.366288,144.999698,39.855782,26.094130
98.144887,144.805737,39.610382,21.681187
99.386290,145.281019,38.738056,22.170067
102.076245,147.420773,37.406120,24.634686
96.805842,145.933504,40.364796,26.283562
101.669924,147.549288,38.878910,25.692589
99.243266,147.292248,40.669491,23.909519
100.706048,148.026681,40.519691,23.792734
105.570227,149.362298,37.456799,22.836290
102.247420,150.397614,39.762493,21.274523
105.965872,150.932201,36.715870,21.963116
104.711465,151.565793,39.049149,23.950716
101.015154,151.644147,44.210751,27.428278
108.016226,152.156328,39.409000,24.617203
105.254698,151.685451,41.710590,24.320097
105.213955,150.863726,41.541016,23.355675
111.186940,151.811562,37.726517,24.813335
106.771069,152.375928,39.775879,20.715303
110.250321,152.863487,38.816086,23.601849
103.736867,149.719871,46.638069,30.583006
111.234999,152.436263,40.773548,23.567823
116.121897,152.663795,37.425106,24.624174
115.402926,152.693334,39.113949,27.768999
120.434840,151.915730,36.987392,26.120762
115.607316,152.128205,40.233597,26.180017
115.475171,152.955199,40.407494,25.586744
117.632111,152.973119,41.320969,26.578997
120.256533,152.236665,36.413647,19.553850
120.055255,152.727168,36.593792,20.741697
119.117154,153.362852,36.731819,22.505074
118.889403,152.420092,44.466526,32.447472
112.538535,149.364721,48.607533,34.079849
120.278784,151.812560,36.317585,26.305876
116.878129,151.845443,38.668861,24.619650
121.109940,152.629226,35.747719,27.746176
117.927779,151.795763,43.052486,34.611908
119.277583,151.197422,36.892307,24.630688
115.277823,151.593786,43.028645,36.298012
118.070695,151.597673,38.940903,24.033447
123.307324,152.009975,35.426521,26.671192
115.161038,148.961386,54.928940,43.560593
116.862483,146.007246,41.403019,26.942200
118.864840,152.241179,38.332584,24.615492
117.131852,151.903811,39.257805,24.562523
114.694838,150.171985,45.462231,28.486013
116.978354,150.816345,45.183819,28.548717
110.586987,150.598806,45.154953,27.349274
118.728329,151.182891,37.373306,24.892271
115.807456,152.455228,40.038174,24.572664
118.137858,151.023339,42.913380,28.516024
105.702166,143.556309,51.997913,37.154049
115.899710,148.581120,43.954098,25.808834
118.460007,151.293975,42.048820,25.753195
118.250603,150.582752,41.101295,25.549221
114.746106,150.936793,43.619339,24.808104
119.291007,150.919991,40.116177,23.630466
116.718272,150.321465,41.747395,23.999727
120.262862,150.513317,39.657803,23.607037
115.167668,150.128600,42.998970,22.746237
116.737645,150.070879,41.958885,25.954590
116.427121,150.462207,43.730019,24.999571
117.651024,151.059166,41.674179,23.460987
119.788441,150.921923,40.219688,26.053482
117.391686,150.102873,40.960068,24.022072
117.053347,151.251037,40.171833,25.583685
115.167136,148.722280,43.538555,25.689661
117.009421,150.174249,43.188808,24.348131
121.455474,150.872490,38.695522,25.798588
118.102448,151.467741,40.928276,20.263771
118.462161,151.385913,39.115826,23.116629
118.797057,152.383455,39.519253,24.669975
120.050387,151.385126,41.516026,28.383163
114.728545,150.008881,44.857403,27.869556
123.945759,150.518405,38.649429,26.100279
115.222001,146.315872,46.128403,35.572056
120.816580,151.218803,42.368122,29.151264
110.822383,146.767260,46.665874,33.317413
118.260895,150.426341,43.960312,30.635923
116.813302,149.927051,42.070419,27.038481
117.997016,151.115517,41.584888,21.560596
114.493178,150.853830,43.248837,26.535744
114.598530,148.478769,48.904297,35.821526
115.503068,148.947451,45.945915,28.146950
118.440682,148.955173,46.778633,28.806295
120.168839,149.612834,45.961281,29.865179
119.621344,147.830863,45.820415,29.893415
122.015803,146.781200,44.941227,30.264118
123.654048,149.172271,42.054249,27.730131
121.456734,147.275783,42.980019,28.809149
123.812724,148.961724,43.114674,26.119791
119.641215,147.123566,42.885799,26.848843
121.826987,148.562019,41.966084,24.116863
117.473738,147.543417,43.637341,26.650543
118.425643,145.224735,45.622204,30.756199
119.004214,145.578905,48.221531,29.714195
121.038348,147.793388,43.640934,28.792324
120.232861,147.731865,42.862885,27.413738
122.566660,149.308207,40.361790,25.279091
122.362111,147.558595,40.114441,25.570681
123.233252,148.780109,40.207363,24.523174
123.797543,147.223427,43.026306,27.825184
117.832268,145.668014,46.033501,27.355444
121.572735,147.138209,43.159180,27.856779
119.721451,145.017411,44.152458,30.301531
120.727053,145.630097,46.475437,29.268023
121.635602,147.192061,45.403946,27.753088
123.327574,148.181364,41.912380,25.901756
121.358775,147.671510,41.926167,27.120577
116.958912,143.538298,45.500198,29.853447
111.962044,143.893404,51.307640,30.457016
123.231385,147.776155,42.755684,27.626114
111.853932,144.813990,52.656754,31.507660
119.557376,146.762782,47.526615,28.688185
122.116809,147.971676,44.451771,26.854397
119.604659,147.399144,43.047741,27.932001
120.078005,147.655646,43.758579,28.528646
120.602814,147.011996,44.251717,28.134809
120.341683,147.821305,42.448921,26.187487
113.101500,143.484610,48.843700,30.395683
121.451684,148.277213,44.221992,27.304052
120.707446,146.800529,43.403248,28.266012
112.137383,144.931490,52.896675,31.902664
113.789044,144.802662,55.289749,33.560360
110.355963,142.375695,55.174221,31.688112
120.926186,146.026387,47.163963,31.310862
118.670369,144.704336,45.953171,29.882820
119.049864,145.078117,47.568874,30.637547
116.934769,145.019248,45.893883,26.549994
119.189040,145.170152,44.208370,29.395555
107.025704,143.515220,38.671089,30.462088
117.853680,145.296621,48.291321,29.273888
116.660493,144.442778,50.851768,32.628700
118.774491,145.631457,49.408226,30.491590
113.819636,143.240849,50.525608,30.616739
112.342316,144.019730,54.442726,31.543552
114.685952,144.474237,50.531410,33.528244
116.770604,146.357956,51.714279,29.290836
118.160676,145.344663,43.769035,25.925943
120.933957,146.125571,42.315598,27.923376
121.729006,147.108700,43.751408,27.191280
116.029612,145.879005,49.372501,30.398960
109.362589,144.431831,55.221210,31.371464
118.486834,145.273166,48.284595,30.932081
115.007430,145.344028,47.398556,26.563076
117.976079,144.295255,45.565903,30.656443
107.519059,141.489128,59.105553,34.889362
114.324376,143.166613,54.821976,33.437485
110.173873,142.470667,54.156475,32.833359
115.345217,144.634489,51.525944,34.133522
110.704060,143.872933,53.231857,28.515657
114.448763,146.298193,52.023518,29.714165
110.849421,144.506641,53.955509,30.673687
113.901301,145.806599,54.101414,31.987881
114.122243,144.876505,52.039551,30.363983
110.983874,144.675396,53.564854,31.523891
115.308577,145.538154,50.357952,30.818609
109.319668,143.621498,55.734848,28.663853
123.802479,146.788434,42.507217,28.545740
113.461577,146.486711,50.000134,29.483736
110.208111,144.550027,55.001877,29.090837
107.176171,143.926834,59.915459,32.576984
110.716155,143.440548,55.344387,33.372036
118.482791,146.407246,48.583363,30.166866
117.904694,145.526530,45.215202,28.488539
115.519381,143.864712,48.409000,32.113644
106.589831,142.978066,57.743671,31.968996
110.441636,143.828232,56.337685,32.527241
110.628186,146.158465,57.335495,30.154341
110.797526,145.345052,53.024586,27.273386
112.643269,145.603323,51.508087,29.691261
105.890158,143.209366,59.819759,33.834934
115.275952,144.684218,51.398331,30.940619
107.576354,142.572634,58.577785,33.368759
119.437533,144.913496,46.941959,32.269753
116.215615,145.465370,45.827644,26.251881
108.877472,144.925243,54.053352,30.622723
121.899560,146.682179,43.441170,28.211756
118.090102,147.297583,46.092922,28.223045
111.988286,143.361601,49.788330,31.866341
113.316453,144.869236,52.920509,31.976162
107.350447,144.195216,59.777905,31.436934
110.875931,144.122501,56.956383,32.861324
105.873660,142.001855,57.420963,29.100313
