193.800000,128.600000,7.000000,10.200000
194.224485,128.611799,8.114135,9.855593
194.029216,128.697746,8.382480,10.069717
193.521879,129.294416,8.317498,10.348594
193.645154,129.835760,8.302573,9.914683
194.199697,130.018063,8.142309,9.264151
193.769901,130.094259,8.318305,9.315608
194.065360,130.052735,8.357262,10.107527
194.432232,130.298760,8.035181,9.224920
194.360565,130.903833,8.317869,9.527218
193.497984,130.567744,8.675859,9.196022
193.756105,131.637690,8.804870,9.544339
193.748810,131.670818,8.126493,9.283104
194.973030,132.047559,8.420313,9.388145
194.758823,132.117385,8.465673,9.687496
194.640225,132.614762,8.721539,10.070653
194.378046,132.698712,8.656693,9.202573
194.802158,133.383101,8.670820,9.639771
193.965422,132.755665,8.775005,9.887720
194.434637,132.796259,8.885511,9.386420
195.021632,132.947779,8.254754,9.064111
194.583540,132.449498,8.535994,9.638532
195.249494,132.613688,8.373915,9.235903
194.726675,132.759411,8.453749,9.942591
195.214929,132.652154,8.484237,9.842782
194.980981,132.514948,8.510582,10.234964
195.154517,132.469769,8.863667,10.557226
195.214531,133.252481,8.771783,10.459160
195.135016,133.546279,8.677410,9.664696
195.417242,133.765201,8.743162,10.123237
195.193455,133.783014,8.696343,9.807196
195.628724,133.965388,8.923900,10.035051
195.893391,133.557501,9.084821,9.858976
196.268051,134.087119,8.689240,10.499448
196.046112,133.719446,8.919267,10.062518
197.661934,133.369115,9.191992,10.415745
199.613362,133.314266,9.410764,10.863951
200.471824,134.894695,8.812224,10.231771
200.289614,135.768170,8.711904,10.573956
200.442990,135.882560,8.520897,9.844372
200.914677,137.125736,8.706197,9.953405
200.992508,137.270761,9.032347,9.411063
200.615595,137.807736,8.414236,8.424306
200.575740,137.544247,8.459735,8.258249
200.468019,136.664460,8.848212,10.219131
200.770827,136.700039,8.969036,11.116571
200.304142,136.986303,8.940302,10.415398
198.649398,137.043768,10.354251,11.119277
198.777520,137.923597,8.792484,9.964153
198.550820,138.223618,9.728471,10.971704
199.306286,139.476103,10.067202,9.375937
199.105292,138.045688,9.965558,10.992325
199.361479,138.864405,9.729193,9.887171
199.990842,138.780863,9.378852,10.586996
199.699477,139.265773,9.390956,10.064734
200.355845,139.082277,9.722332,9.718430
200.035337,140.006888,9.587862,10.477705
200.818812,140.278092,9.764825,9.886403
200.298950,140.778691,9.665275,9.790815
200.446478,141.003877,9.170542,9.412726
200.291137,140.236190,9.683353,9.929570
200.760912,141.294520,9.344614,9.725454
200.800830,141.474147,9.731486,9.127434
200.836853,140.448445,9.196378,10.956853
200.956433,141.432341,9.457223,11.352339
200.657620,142.659506,9.620011,9.612982
200.714709,142.524304,9.535268,9.923643
200.706187,143.175490,9.556146,10.142668
201.005808,143.104305,9.287527,10.390165
199.866877,143.692589,9.751264,10.021186
199.965859,143.672651,9.583706,10.244324
200.214225,144.126962,9.715453,9.948376
200.459204,144.701515,9.741066,9.326636
199.591015,144.576003,10.189031,9.864312
200.064146,145.100691,9.823750,10.373186
200.945568,145.644919,9.726960,9.378386
200.819356,145.502407,9.656989,10.314757
200.334291,146.216728,10.047949,9.810450
201.216299,146.863492,10.306440,10.010582
200.590755,147.005048,10.565237,10.846612
200.892649,146.389913,10.399605,11.129958
200.467557,147.186278,10.014838,10.259703
200.576051,146.430221,9.866726,10.842170
200.766352,146.785021,9.093042,10.314095
200.479187,147.023063,10.285546,11.017291
201.961324,145.225782,10.168929,11.729426
203.732474,145.576712,9.987630,10.836840
201.666824,145.774870,9.556524,10.300796
202.090551,144.005594,9.778910,11.454260
203.199975,144.818287,10.064892,11.374057
202.417495,144.968039,10.063445,11.063729
201.027340,146.126492,10.627256,10.279775
202.146540,145.671845,9.904507,11.407334
203.373347,145.377942,10.262601,11.745782
203.737788,146.937927,10.270497,10.677234
204.492295,146.651674,10.198570,10.743610
207.109742,146.449739,10.088047,10.667187
211.445196,146.120902,10.576707,10.865211
214.997438,146.465308,10.222185,10.879444
219.353016,145.114201,10.499028,12.277178
225.930933,144.696273,9.990582,10.752679
231.745613,141.093612,9.848577,11.221091
235.734252,136.610661,10.285645,12.556798
240.316653,131.773695,9.753877,12.321028
243.944073,127.656152,9.678284,12.289574
246.450117,122.478541,10.081433,11.740313
249.531763,117.291157,9.791475,11.330294
249.245650,115.310161,9.779088,12.081253
249.182705,116.477574,9.848878,11.219366
248.666466,116.761782,9.615191,9.965231
249.186330,115.698058,9.619465,11.803204
249.112560,115.849342,9.760771,12.445830
249.514834,115.672092,9.485829,11.710979
248.646644,116.499111,10.161589,12.262964
249.237186,116.683562,9.900840,12.471806
248.591871,118.136221,9.444602,10.983439
248.747521,117.790717,10.019321,11.773034
247.645232,118.534655,10.353840,10.048555
248.450059,119.426320,10.076457,9.521690
248.970742,118.578410,9.956879,11.104866
249.876340,118.670232,9.668616,10.381078
248.286101,119.408961,10.283643,9.993130
247.885009,118.233077,10.819858,11.998413
248.764510,119.096459,9.826159,10.881384
247.655494,117.873675,10.119434,11.675866
246.365801,119.092906,9.970144,10.932031
246.957622,118.370339,10.374560,11.619435
248.008914,119.217470,10.322186,11.109861
248.133976,119.085071,10.264474,11.400505
248.619240,118.658055,10.109903,11.343784
248.958055,118.563898,10.818595,11.121107
249.802956,117.797765,10.803471,11.849163
249.540719,117.185297,10.631396,12.158850
249.811831,117.562066,10.111306,12.250690
251.103145,117.245873,10.620673,12.606310
251.208073,116.792248,10.003331,12.315930
250.263147,117.290411,11.003123,11.971694
251.219107,117.686351,10.132580,11.291938
251.086932,116.128623,11.037265,12.370811
252.177710,116.582682,10.553018,11.851751
252.383105,116.276483,10.199685,12.272987
252.762929,116.313104,10.397117,12.117912
254.028681,116.008032,10.526219,12.251577
253.382518,116.004906,10.866488,12.674581
253.789599,116.656297,10.493215,11.561378
253.841686,117.158568,10.792444,11.219831
254.269004,117.397402,10.781707,11.319418
254.620551,116.322347,10.910950,11.930122
253.992702,117.389675,11.123710,11.621299
253.880742,116.985065,10.855194,11.736388
254.521796,116.385232,11.909962,12.161351
254.322348,116.196684,11.437852,12.253051
254.255866,116.091622,11.646839,12.803442
254.161238,116.622869,11.684469,11.856773
254.655747,115.599776,12.282552,12.393881
254.289469,115.603554,12.377420,12.736684
254.302903,116.377500,12.289062,12.637969
255.290187,115.412336,12.398922,12.284678
255.001097,114.721073,12.113572,12.309928
254.439474,115.514005,11.758223,12.396331
255.142182,113.769750,11.468339,13.396502
255.490545,114.496394,11.733661,12.101189
256.168490,111.784609,10.941220,13.457179
255.629880,112.705358,12.480308,12.472941
256.416839,111.646585,10.886348,13.059090
256.653368,111.335704,10.511332,13.089550
257.112916,112.164410,10.845271,12.525361
256.703938,110.151051,10.763771,13.764246
256.374114,110.067690,10.679863,12.950953
256.618634,109.954891,10.712616,12.785845
257.396687,110.458501,10.916894,12.635636
257.130841,110.756319,11.405785,12.885993
256.699982,110.256006,11.254051,12.851520
256.472280,110.510683,10.754148,13.082591
256.752778,110.056022,11.271140,13.665810
257.905477,110.674818,11.315757,12.753230
258.484350,110.071672,10.723012,13.103230
258.329533,111.316819,10.592468,11.698331
258.858453,111.341089,11.064410,11.598117
259.404936,111.649667,11.146573,12.090158
260.440562,110.457668,11.215684,12.850243
259.406676,111.611128,11.193687,11.595527
259.999040,111.015317,11.223692,12.291902
260.360129,110.670239,10.921703,11.908720
260.113937,110.191405,11.093070,12.708885
259.408445,111.172026,11.380224,12.331953
259.771276,111.761565,11.803077,13.110394
260.472345,112.917257,10.668777,11.918535
260.209247,112.541139,11.573637,12.913719
259.919933,113.586053,11.511683,13.451371
258.132541,115.001028,11.010931,11.947677
258.025893,113.359225,11.405332,14.144381
260.525423,115.260935,11.029013,13.101381
259.489656,116.161198,11.553465,12.674040
258.206116,116.793787,11.226518,12.193575
259.032646,117.258001,11.706771,13.034374
259.423544,116.330598,11.004618,13.928098
259.423125,118.551604,11.295308,12.733369
259.237410,119.061512,11.287457,11.681571
259.577399,118.311327,11.815994,12.805147
261.064642,118.210083,11.886250,12.772055
261.310054,117.797519,11.349483,13.130005
262.414488,118.531885,11.636888,13.067957
261.607293,118.842441,11.469356,13.827968
260.911492,121.008885,11.186913,12.675867
260.055653,121.513905,11.691475,13.145128
261.201441,121.115474,11.357537,14.051272
262.409236,121.803052,11.551986,13.289021
262.788913,123.697670,11.423454,13.019308
262.298672,123.749890,11.624479,13.143946
262.602177,123.903122,11.434869,14.788093
261.794596,126.419649,11.115384,12.768541
261.369254,125.581698,11.268467,14.657694
261.399723,127.195791,11.264711,14.033320
262.173807,126.896267,11.280157,14.833406
262.448851,128.450422,11.059903,14.983939
260.952118,129.728320,11.477041,13.863774
261.717577,129.658825,11.192037,14.715551
263.640847,130.914859,11.115166,14.408044
262.891699,130.853452,11.266584,15.169616
261.949503,132.573571,11.138533,14.792951
261.091547,133.211362,11.311669,15.163648
263.311507,134.928186,11.150494,14.752303
263.851574,135.509031,11.222624,15.253220
263.530635,135.916841,10.925949,15.041835
262.907565,138.298095,11.118884,14.469849
263.128828,138.736929,11.212927,14.758589
263.084682,138.653201,10.929472,14.603207
263.753729,137.326741,11.268548,15.500462
264.476810,137.196115,11.210737,14.441260
263.534757,137.220102,11.381049,14.814014
262.501952,136.793569,11.524048,13.703326
262.936698,136.059120,11.175938,13.891909
264.217464,133.222843,11.329581,14.876459
264.757011,131.454313,11.306547,14.677666
264.223571,129.694617,11.180606,14.797916
263.669839,127.809795,11.434283,13.758212
264.069611,125.577810,11.969070,14.265162
263.347974,123.572867,11.930186,15.108953
263.568707,123.313087,11.260185,13.662299
262.392566,120.725695,11.330089,15.412706
262.864739,119.670950,11.211411,14.998328
263.956823,118.979326,11.119822,14.564363
263.155279,118.982465,11.318159,13.155042
262.526031,117.180338,11.773528,14.443022
262.220653,115.599616,12.252008,15.169312
263.447143,115.792062,11.720233,13.991469
263.574862,116.969741,12.087971,11.953712
262.478757,115.091009,11.808940,14.263488
263.029697,115.108557,12.477209,13.906702
262.391006,114.114262,12.488905,13.395662
261.803129,113.487131,12.206883,14.227175
263.484872,112.492109,12.295901,14.957900
263.705963,112.743865,12.376471,14.922062
262.961124,111.653980,12.251684,15.510794
262.078406,113.447231,12.225533,15.073833
262.218799,113.229515,12.471693,16.343081
263.065545,114.046633,12.575691,16.583933
262.365944,116.988483,12.630025,14.576481
261.612283,114.698981,12.431926,16.769669
261.226565,116.556424,12.936993,15.473217
262.741210,116.480385,12.687855,16.464342
262.498561,117.514351,12.997008,15.357847
262.783757,117.237383,11.984452,15.411692
262.110532,118.703420,12.311760,14.742756
263.142136,117.906731,12.358620,15.584672
263.077032,117.582017,12.494123,16.736816
262.383575,120.698196,12.540626,14.438091
261.573847,121.194670,12.164968,14.887484
262.649097,119.705016,12.591502,16.870792
264.368063,123.225112,12.405550,13.665730
263.128895,123.724745,12.181920,13.016062
262.998403,124.032181,12.084193,13.056773
263.258842,121.919016,12.312353,16.161959
264.566895,121.287102,12.695976,17.244055
264.745091,121.243647,12.424619,16.766085
265.488329,123.456950,12.294199,14.558887
265.315753,125.177073,12.451405,14.013947
265.854426,124.548320,12.556123,15.214522
266.592118,124.309805,12.672386,16.237844
268.355611,126.550563,12.421001,14.851747
271.512687,125.687475,12.436191,16.112459
273.837828,127.663131,12.464475,14.003810
273.536925,126.158776,12.594501,16.299656
275.318836,128.512069,12.886758,14.150951
278.662740,128.356002,12.648945,13.975395
280.569480,128.154317,12.556732,15.082944
282.276532,127.273274,12.910332,15.573126
285.210890,127.204670,12.850232,15.210475
286.881929,126.794310,13.256079,16.506910
288.749798,129.307461,13.064001,14.642012
291.581499,128.758357,13.019789,14.344620
293.035993,128.146737,13.125654,16.258091
295.566178,126.887936,13.041352,16.681612
296.021080,126.512288,12.931902,16.645134
297.331032,128.786502,12.862309,14.784882
297.317127,128.566347,13.262427,14.556590
298.271357,128.081364,13.160271,14.642679
298.251437,126.963176,13.577191,16.239719
298.214587,125.013515,13.326735,17.742115
298.174185,124.642675,13.135945,17.714645
297.783614,126.996063,13.057483,16.542154
297.423774,126.820235,12.825161,15.885239
297.264653,125.681113,12.954548,17.139767
295.551796,125.470432,13.400765,15.996524
294.875879,120.753842,13.248785,17.513666
295.063595,122.558998,13.301286,14.717985
294.503979,121.649605,13.531315,14.526002
294.248880,120.588963,13.534839,15.441343
293.427213,117.982422,13.930901,16.065153
293.760928,117.178436,13.357894,15.092802
293.536317,116.892822,13.298358,14.578936
294.511603,115.955819,13.052086,14.235127
292.567048,112.308531,13.181357,14.409261
292.841601,108.390861,13.449203,16.408947
293.215086,104.059827,13.160001,15.816971
294.014740,101.541704,13.090544,16.362219
294.545798,97.776373,13.380749,17.215704
294.539056,95.563363,13.607490,16.467770
296.062516,94.124498,13.726094,14.812679
296.217848,89.551307,13.119988,17.511097
296.557552,88.612381,13.194078,15.704710
296.386056,87.517600,13.126231,15.855671
296.707285,86.490625,13.462576,14.749602
297.625055,84.503376,13.122241,15.524446
297.729724,82.764926,12.838093,17.485722
297.588250,84.161142,13.612755,15.312584
297.874042,84.091115,13.731597,16.648388
297.681620,84.765035,13.360631,16.001797
297.180794,83.718022,13.715837,18.336294
297.726479,87.748733,12.980546,13.779426
297.690279,87.067424,13.844571,15.466279
297.751358,89.108538,13.379736,14.293351
298.499146,89.190177,13.420465,14.735772
296.959826,88.586890,14.257240,15.526077
297.515546,90.481184,14.075835,14.849849
296.989408,89.330715,13.997695,14.976455
296.948465,89.590744,14.149221,15.576799
297.291191,88.454877,13.987447,17.876995
297.514973,91.614638,13.364556,14.865175
296.495066,90.956815,13.760179,15.363091
297.346618,90.876627,13.535025,16.364801
297.486965,89.644131,13.620204,18.733709
297.676146,89.351893,13.773343,18.967859
297.200873,93.381539,13.420399,14.999800
297.687696,93.476093,13.766452,16.016132
297.197317,93.423596,13.896589,16.212824
297.047024,93.254353,13.968481,16.096472
297.310509,90.730235,13.732553,19.873917
296.639548,91.658962,13.686886,18.990759
297.378726,93.381661,13.410900,16.696379
297.117840,91.760760,13.522425,19.265236
297.193268,90.781511,14.048044,20.808002
297.286018,96.081217,13.348155,15.071099
298.026626,96.555102,13.475935,16.364775
297.213802,96.640588,14.194583,15.566131
297.738931,92.935423,13.515761,21.307722
297.664704,96.179486,13.657829,17.242310
298.109947,93.714121,13.690196,20.695841
297.549133,98.396354,13.729381,16.586136
297.071076,98.583274,13.672417,17.134941
296.873831,98.935072,13.592737,16.698278
296.604407,97.018099,13.866532,19.025003
295.989869,95.062605,13.989761,21.560007
296.768033,100.023128,13.239433,15.878592
296.099890,98.084427,14.002401,18.794161
294.872443,96.350490,14.216782,21.083080
295.131269,98.536548,14.358362,16.959270
294.495195,94.976779,13.802526,17.193054
294.276946,89.268502,14.162025,20.585629
293.054468,88.914076,14.324128,21.282038
293.551487,88.512727,14.277158,21.006039
292.821494,88.925900,14.395401,20.894476
294.301812,93.493785,13.522434,16.783653
293.298024,93.521116,13.913666,17.627245
293.146435,93.746931,14.319677,17.360243
293.603093,93.661059,14.262020,18.330519
293.435247,95.750071,14.248133,16.743025
292.895561,96.030197,14.311275,15.542868
293.092633,95.610357,14.567952,16.306843
294.075515,96.293142,14.187492,16.194611
293.295267,96.783787,14.185366,16.060251
293.351516,95.551858,14.234356,16.718460
293.923906,91.903418,14.046446,17.091822
292.162175,90.885150,15.699061,15.457997
292.401702,90.154868,14.271365,14.684479
292.895477,89.763339,14.126047,16.112358
293.990899,89.040472,14.033344,16.191568
292.552797,87.937875,15.863764,16.916782
291.391237,88.864618,18.925791,16.354992
290.215280,86.684415,22.174814,17.776386
294.362960,89.632339,14.660698,14.808387
290.183450,88.174401,22.536007,16.662767
292.304172,89.970716,18.564505,14.880874
286.991533,85.999124,29.889795,20.092377
301.709735,115.961391,22.337250,10.503642
300.690361,117.012066,22.507540,9.735106
301.350020,115.231331,19.636368,10.852514
298.977177,116.317953,19.937244,10.373190
301.584554,114.494757,15.629606,10.625920
299.002080,115.999773,17.117092,9.741991
294.015448,115.521088,18.384876,10.293397
296.258505,114.362197,15.476430,11.331594
295.440291,115.019895,15.952340,10.015620
292.938715,113.703509,16.189047,11.367414
292.916595,113.675895,15.455664,11.445412
293.198039,115.316489,12.330394,9.955949
292.702819,113.720584,11.220214,10.721283
292.804837,114.307932,9.020256,9.679045
292.521035,115.088528,7.268075,7.471136
291.571512,113.367933,6.586014,7.866948
292.877355,113.338558,7.480511,8.004052
292.859617,118.276752,7.017395,8.566148
292.957755,117.370888,9.291760,10.693802
291.146421,117.957740,10.108853,6.660096
291.422706,117.949426,9.273477,9.382444
291.975333,117.241161,8.307702,10.610655
291.617690,117.174984,7.629564,9.240762
291.975355,116.947668,7.003571,8.534612
292.972274,116.374740,6.834932,11.130952
293.041373,117.295406,7.141250,11.416910
293.786760,114.595305,7.410680,10.924150
294.583131,115.310695,10.198107,15.430709
293.854235,105.880313,11.066172,19.571255
291.783144,101.670391,19.792641,15.633113
303.016525,73.995832,17.093906,15.670252
299.891557,68.434811,18.066561,20.257893
303.566401,71.376916,16.061384,16.518711
302.490269,69.963936,16.155542,17.026060
303.436750,68.652289,17.029526,19.025459
304.147634,68.208993,15.391526,18.124805
303.680544,68.552338,16.542786,17.549206
304.313860,68.449518,16.375008,16.599291
304.629239,65.531152,16.403490,17.689409
305.338085,65.138870,17.288677,16.896666
306.039922,64.623381,16.349543,17.550858
306.628074,65.789823,16.624783,16.024790
308.588369,65.595313,14.587372,15.598808
309.695672,63.954956,14.610932,16.245081
309.356190,61.839668,15.951448,16.295839
309.331624,61.049387,15.725992,16.291807
309.294888,57.858204,16.147272,17.283484
310.148732,56.956951,15.625711,16.733084
311.020848,56.417335,15.966021,16.613455
309.875991,55.880234,17.154654,17.115467
311.056573,56.285335,16.562746,16.993589
310.662458,56.300899,17.320663,17.091208
309.813890,56.744892,17.538979,17.672194
310.899218,56.686277,16.970037,17.453623
311.327617,57.035586,16.914837,17.299126
311.125307,57.277250,17.646225,17.936846
310.898868,57.341777,17.941776,18.123352
311.069606,57.037791,18.735632,18.127640
310.056263,56.962199,20.663929,19.163208
311.524891,56.765153,19.361576,19.055965
310.276723,56.903762,20.855059,19.683273
310.594911,57.174216,21.139801,19.646812
310.860024,58.034123,21.873728,19.724453
310.418679,58.315902,22.339121,19.624983
310.078852,58.852007,23.056829,19.623629
310.828414,58.745496,22.753271,19.609056
311.056765,59.047611,23.434156,19.960249
311.393188,58.172289,24.327831,20.500360
308.754243,58.905112,26.565714,21.201347
309.449395,58.862179,26.383379,21.244680
310.093744,59.281656,27.194588,21.111437
309.774354,59.197526,27.539331,21.740574
309.090562,59.602146,28.919497,21.569120
309.212853,60.338792,29.410326,21.773060
309.706982,60.462559,29.818827,22.057522
310.591803,60.563281,30.387732,22.067810
310.312297,60.103941,31.071028,22.687090
310.856977,60.687604,31.945168,22.316441
311.585459,61.567034,32.505302,22.122589
311.971971,61.020856,32.443558,22.798870
312.109123,61.755851,32.032146,22.318611
312.327776,62.957426,33.369385,22.243036
312.994146,62.444998,33.299469,22.218866
314.520298,63.477570,33.436176,21.839588
314.354128,63.244630,34.041878,22.395397
315.147701,63.929904,34.222996,22.028854
316.111625,64.179912,33.903996,21.754705
316.303036,63.984606,34.654568,21.945871
317.299007,65.767666,34.783207,21.689184
316.761604,65.368082,34.988506,21.444193
317.670721,65.881338,35.778297,21.507410
318.025339,66.140714,35.996284,21.519098
318.294859,66.264018,35.619186,21.593414
316.874832,67.071858,36.729336,20.620197
314.586651,67.883263,36.777843,21.003391
312.019350,70.445643,37.025330,20.031349
309.238016,70.682645,36.683617,20.401455
305.614620,72.077609,36.354786,19.989388
301.896898,73.661978,36.548065,20.080109
296.909357,75.711529,36.483162,19.954769
293.381082,76.778327,36.615028,20.079895
287.899654,79.680243,36.613560,19.628883
282.135767,82.213250,37.054550,20.095615
278.194711,84.678311,37.482651,19.667866
277.474638,86.410052,36.175285,18.748306
277.030149,87.833578,36.579712,18.225863
277.004217,88.331106,38.204338,18.779924
276.959104,89.853644,37.259422,18.064598
276.350351,89.745040,37.323387,19.642677
276.803768,91.835252,36.690525,18.777828
279.011455,93.115555,36.315922,18.212133
280.200243,93.343360,36.185287,19.012436
281.505934,95.042371,35.804047,18.340242
283.402227,95.065565,34.265091,18.357264
285.067884,96.539909,34.816917,17.776777
286.578358,97.931232,35.624508,17.091726
284.035976,95.275597,35.096333,18.072033
289.241754,96.795573,35.308403,18.014023
291.131894,92.719585,31.088594,17.561186
289.663244,96.416277,30.526054,17.815966
292.273905,96.800673,23.640785,17.572060
294.381144,97.037220,18.506178,17.137350
294.405394,99.871967,21.562468,14.077673
295.586987,100.807912,19.375101,13.716175
297.844413,104.871936,19.423651,12.830582
302.976418,112.260592,9.123407,5.857919
304.096593,112.791900,8.039596,5.180092
299.669436,110.767651,12.707479,6.918332
305.986582,112.589935,6.091226,5.354764
306.157476,112.737915,5.113461,5.740469
304.006512,112.946455,8.704458,6.704415
298.163392,104.084718,11.678544,12.534358
298.344071,113.307887,7.451975,5.140568
301.298325,113.589830,11.611811,12.275599
296.849753,102.967643,21.494848,14.294352
311.101507,113.733638,8.780334,7.167369
311.146148,114.199371,5.190150,4.767466
310.038521,113.355848,7.481531,6.125971
309.060474,114.779166,7.368737,5.056360
311.046768,114.808052,6.318926,5.086234
303.780908,114.317450,10.780308,7.647423
302.616269,116.601550,8.658769,7.510768
300.132273,106.680627,8.816566,6.563992
298.341039,107.366511,8.684162,10.231415
295.958084,104.429640,13.772294,11.205151
296.612109,103.558331,16.700985,12.087674
296.471175,106.013180,14.682881,11.130360
292.488048,106.146390,9.363139,8.130520
290.328913,105.672703,9.148742,9.140916
289.121357,105.312754,9.628383,9.236424
286.471791,105.381397,11.879827,9.625910
284.203837,104.871667,12.761622,9.952647
281.568458,105.512078,11.926601,9.953177
280.157292,105.644160,15.911760,10.820809
277.924345,104.769921,17.122437,11.187037
277.144779,105.973458,13.206418,10.563962
275.325407,105.598197,13.603912,10.474040
273.622468,105.124634,15.690638,10.877741
271.545376,105.173010,17.622074,11.297795
269.807016,105.322776,15.127137,11.544266
268.345478,105.198081,13.586235,10.886664
265.207271,105.554822,13.414875,10.752361
263.799382,106.446090,14.429742,10.408503
261.693129,106.010423,15.042898,10.839362
259.639485,106.325540,17.476385,11.368850
257.872179,105.431646,19.823170,11.607181
256.752212,105.287633,23.828815,11.868568
255.109039,105.932171,22.880806,11.891068
252.804329,106.581872,18.179317,11.027161
251.239109,105.630659,19.152225,11.559236
248.002263,107.926624,11.310163,9.836130
246.707269,107.429098,16.424797,10.404867
244.138303,107.083255,18.930185,11.426142
239.687238,108.353072,12.736116,10.487312
235.138755,108.733643,12.032880,9.570187
231.762133,108.294537,14.846186,10.865445
228.055492,108.139714,21.224686,11.627357
225.543824,109.651337,12.163694,10.469719
224.020789,108.757347,12.517758,10.446165
222.857438,109.003493,12.011823,10.177955
220.018857,108.740463,14.081655,10.494795
217.952094,109.980155,14.768926,10.894138
217.607931,109.310599,17.171703,11.242565
217.830574,108.463896,23.017677,12.225706
216.570726,108.064258,24.214237,12.119143
214.363272,109.926148,13.516044,10.303750
213.502798,109.809729,13.559936,10.616619
211.639268,110.348557,12.925051,10.072052
210.691294,110.548807,11.497458,10.181612
208.629964,110.118221,12.321061,10.033442
206.146148,109.858311,13.656217,10.392555
202.541377,110.474542,13.170282,10.810087
199.539182,110.852757,12.602943,10.343228
195.405255,111.348002,13.835032,10.699703
192.039228,110.437484,18.505203,12.318361
189.381577,111.652537,13.872096,11.024011
186.725154,112.442077,14.906202,10.573157
183.036799,112.764689,13.651339,10.914371
180.978138,112.795459,14.685828,10.798227
177.921150,113.478799,13.046982,10.760033
175.083397,114.372436,15.431206,10.804027
170.493254,114.954452,19.883520,10.910234
165.956917,115.646399,23.581631,11.673081
161.731333,117.540735,12.367167,10.438424
156.636253,117.751217,13.368904,10.486620
152.270839,118.923381,12.908772,10.671391
148.918102,118.870692,17.280876,11.183975
143.443073,120.921163,13.910812,10.567676
139.357528,120.673094,12.506017,10.382261
132.882888,121.780824,11.273301,10.471942
127.494075,121.989097,17.050608,11.068529
122.803831,122.540704,14.107924,10.978560
118.384848,123.388143,12.833327,10.849563
113.117350,123.552994,13.145807,10.760220
108.486003,123.827129,18.401831,11.329924
104.395021,125.424754,17.392838,10.987537
99.974793,125.037867,18.070330,11.534279
95.512631,125.484112,13.178751,11.085896
92.103558,125.517073,16.887053,11.351296
88.886745,126.244797,20.435070,11.271343
85.252526,127.426606,12.616160,10.629493
82.483134,127.299699,13.794142,10.611328
79.109278,127.052893,16.817142,11.410771
75.367475,127.379543,14.537969,10.815892
72.337375,128.299755,16.603672,11.488729
67.235399,128.622439,14.072099,11.216905
63.573333,128.465206,18.989088,11.736253
60.398563,129.584284,21.512791,11.506467
56.320550,129.268175,22.552099,11.709058
52.155394,130.139291,18.277617,11.134047
50.282500,129.422266,19.040697,11.759565
46.637284,130.875828,16.155397,10.918251
42.891039,129.846979,23.890240,12.093168
40.329532,129.825281,24.073185,12.415807
38.152454,130.423302,24.080311,12.040650
34.646702,131.243229,19.403831,11.466187
32.840182,131.329246,21.333658,11.924253
29.071513,133.055247,14.241793,10.760942
28.254059,132.949900,16.625397,10.960607
25.989733,133.372630,14.666587,11.418354
25.589709,132.895041,21.912786,11.736695
24.110372,132.735395,23.709888,12.167192
22.433759,132.598657,24.278646,12.499705
19.619310,132.992784,24.517467,12.603121
17.990362,133.124971,24.728725,12.157419
16.861358,135.366386,15.748334,10.704818
14.220727,134.982498,13.716374,11.121587
12.828029,135.043662,19.484173,11.677269
10.970783,136.865426,18.711079,10.921885
9.562651,136.920172,21.038565,11.952999
8.181952,135.895447,24.711874,12.567513
6.706742,135.812607,24.869196,12.536073
5.066105,135.986166,24.730495,12.800000
2.236597,138.612378,17.326561,11.060661
2.190417,137.296882,24.697260,12.541937
1.074811,137.295665,24.493261,12.502762
1.238999,137.151753,23.629873,12.748013
0.649323,138.137991,20.581182,11.944475
0.769238,138.103452,21.625807,12.043146
0.268795,138.437522,21.601799,12.244698
0.732849,138.446724,21.043716,11.529973
0.076606,138.797374,20.469847,11.669561
1.121921,138.468292,20.939190,11.561518
0.878829,139.064866,17.819571,11.021686
3.538255,139.534571,16.733118,10.692970
0.354821,139.103543,21.302942,11.442661
0.312492,140.051001,16.558525,11.006943
0.346563,140.875592,14.070046,11.003719
0.750194,141.307468,12.009446,11.175181
0.387882,141.857227,11.472599,10.653590
0.000000,141.623217,10.540650,9.940121
0.000000,142.410415,9.543335,11.033591
0.000000,142.758606,8.623424,10.264467
0.250209,143.301381,7.907242,9.536560
0.000000,143.134717,6.610762,9.549042
0.150256,144.401707,6.047909,8.411504
0.000000,144.825007,5.855967,9.243095
0.000000,145.775576,5.881714,9.138821
0.000000,146.282348,5.883020,8.717957
0.323273,146.883867,6.155720,9.186521
0.000000,148.138283,6.051233,9.069568
0.000000,148.597936,5.352425,8.710436
0.000000,150.010373,5.558679,8.557988
0.000000,150.644000,7.673097,10.451205
0.000000,151.234490,7.954365,9.746472
0.000000,152.424124,7.383538,9.486688
0.000000,153.776634,6.703525,9.330141
0.254422,155.083675,7.929513,10.237665
0.000000,156.062700,7.666389,9.699195
0.182963,157.739991,7.207157,8.947654
0.100357,158.040837,7.428489,9.209724
0.000000,159.122948,6.967386,9.063812
0.309880,159.186592,6.574635,8.876861
0.042374,160.776970,7.125391,8.890651
0.000000,162.058441,8.135423,10.181911
0.000000,162.345003,7.879619,9.806579
0.000000,162.945224,7.830072,10.262803
0.000000,162.694776,7.839050,9.243821
0.287393,162.284243,8.008607,8.861014
0.255501,161.648964,7.764382,9.565159
0.000000,162.090276,7.586329,9.789403
0.087577,162.719651,7.980797,10.265013
0.000000,162.971880,7.563976,9.806651
0.172766,163.103328,8.151248,9.370789
0.000000,163.180416,8.058786,10.089176
0.000000,162.519571,8.452163,10.313061
0.227986,162.739452,8.713445,9.897610
0.000000,163.002435,8.197421,9.770061
0.136702,162.903473,8.304621,9.980755
0.000000,162.974442,8.585326,10.474775
0.326778,163.320744,9.103355,10.021430
0.328548,162.693299,8.760806,10.040380
0.000000,163.266943,8.875237,10.744694
0.400851,163.604245,9.521075,10.596594
0.000000,163.797644,9.510866,10.594714
0.010645,163.162690,8.574645,9.635664
0.000000,164.918317,6.954496,9.475172
0.035109,164.826842,9.500799,10.740285
0.132097,164.436034,10.429790,10.404364
0.353135,164.137229,10.031854,10.522382
0.359946,164.623288,9.408525,10.386595
0.000000,164.670084,8.412869,9.942318
0.000000,164.689927,8.496478,10.332158
0.216221,164.175749,9.420168,9.886893
0.448392,164.285827,10.260998,10.538098
0.000000,163.965123,9.110677,10.398850
0.000000,164.058184,8.342932,9.695357
0.055640,164.310339,7.897218,9.470860
0.000000,162.886193,7.634718,10.390311
0.000000,163.457400,10.405732,11.006594
0.000000,164.886780,9.665581,10.645952
0.238070,164.239516,10.199702,10.814943
0.000000,164.376113,9.440037,10.658453
0.157334,164.139817,9.115649,10.664464
0.000000,164.733887,8.844448,9.921920
0.363824,164.532010,9.582999,10.273554
0.152510,164.445785,8.940886,10.004139
0.000000,164.653216,8.669219,10.000406
0.276584,163.521893,8.786435,10.209070
