2.600000,114.800000,28.600000,10.200000
4.779539,114.614968,27.794764,10.592945
6.663734,114.588738,27.667257,10.517712
8.447670,114.587677,27.321529,10.284543
10.084256,113.954630,27.290813,10.351640
11.357871,114.490155,27.861303,10.099689
13.991126,113.620574,27.510992,10.250983
15.206715,113.849607,27.438480,10.070222
17.864274,114.364893,27.482149,10.184861
19.261494,113.738313,27.191692,10.478786
20.495655,113.986173,27.690914,10.116701
22.839384,113.375353,27.344849,10.362862
24.595039,113.600934,27.266012,10.059070
27.521861,113.978386,27.503973,10.177205
29.378637,113.290451,27.327600,10.364445
32.066772,114.196483,26.714476,10.352865
34.241166,113.362887,25.709896,10.573760
36.982990,112.949802,24.734495,10.376035
38.588677,112.776131,23.587177,10.446752
40.760926,113.628585,22.652699,10.172537
42.818322,113.303330,21.380722,10.079200
44.725221,112.957693,20.753965,9.962645
46.927988,112.856776,19.219982,10.148768
48.359081,112.987856,18.033285,9.897733
51.720064,112.973884,17.876692,9.975041
52.624936,112.845864,18.364754,10.064823
56.117505,113.576988,22.204735,9.924330
57.431356,112.126743,27.358091,10.794152
59.375292,113.032928,26.268909,10.262209
60.887972,113.004358,26.401936,10.485662
63.290983,112.683183,26.320272,10.307646
66.011863,113.012002,26.544893,9.899710
67.010501,113.147247,27.340487,10.925066
69.933225,111.739991,27.225225,11.707557
81.198573,111.065563,17.199083,11.337748
82.127937,112.549487,15.071741,9.257793
82.085597,113.118650,15.508783,9.146025
82.843592,112.563280,14.677479,8.830853
82.986435,112.853799,15.481766,8.972949
84.669509,110.398201,19.977526,11.282806
83.950753,111.838269,15.254535,8.586243
83.626171,112.418986,15.995708,9.447631
84.884768,111.440584,18.574146,10.460187
85.878996,110.878104,18.591686,10.407916
87.278451,111.803081,19.786848,9.534215
88.494296,109.481183,21.814653,11.434996
89.995270,111.573867,20.657303,9.421885
92.265037,109.324410,19.149782,11.575096
92.830170,105.152324,19.487431,13.995577
94.072102,105.883324,20.151897,12.878815
92.126468,105.735966,21.752085,11.674679
92.234256,105.389945,22.285227,11.185214
91.945142,105.238713,21.850824,10.842625
89.539570,105.254165,20.433899,10.601400
90.028735,104.242999,22.434650,12.020205
89.148823,105.530078,17.761257,11.023921
88.771405,105.519318,18.576633,10.854440
86.794579,105.712520,20.024960,11.161147
86.971132,105.421456,19.261744,11.156769
86.508686,105.755677,16.472881,11.276904
85.173951,105.634842,14.345988,10.336648
83.747196,105.818894,17.666426,10.740063
82.871312,105.280681,19.610184,11.084120
82.270127,105.475127,18.611374,11.133559
80.419421,105.329037,20.418926,10.909336
80.021946,105.097120,17.863708,10.725080
75.818373,103.583686,23.386040,16.424795
78.699064,103.642310,17.191614,12.222526
77.736997,104.109180,18.277403,10.806577
77.321237,103.958185,18.248747,11.179406
76.388663,103.679485,17.534893,10.721570
75.414272,103.075568,18.282763,11.034968
74.954842,103.356183,17.341267,11.197161
73.840763,103.210389,18.496895,11.520611
73.133609,103.992384,17.967073,10.665165
73.043352,103.202308,18.973997,11.241129
72.207782,102.213717,17.944719,12.032050
70.863137,101.492389,18.359184,12.356925
70.679589,102.783192,16.051338,11.513927
69.797762,101.102359,16.960251,12.755866
68.720076,100.395278,16.499973,13.211924
68.620009,100.206693,16.253998,13.218691
68.180410,99.746860,15.962374,13.888932
67.325151,98.807276,15.865285,14.052430
67.425632,99.018147,15.586260,13.643181
66.713123,99.867341,15.407861,13.404677
66.599679,99.679084,15.401510,12.493125
66.651205,100.030848,14.737980,12.456996
65.772745,99.524531,14.652628,12.648585
64.725906,99.295941,14.521451,13.079460
65.713174,98.890509,14.319140,12.663568
64.556593,98.901886,14.290772,12.877487
64.639870,98.387116,14.205079,13.029900
63.761916,98.528497,14.322750,13.281511
63.065587,98.332127,14.120771,13.052139
62.369429,98.461658,13.764636,13.013403
63.183157,98.164244,13.421906,12.767757
63.756578,97.536703,13.166143,13.248265
62.632405,96.568447,14.057616,13.459492
61.512976,97.317262,13.696813,13.012770
62.206047,96.735853,13.258202,13.112925
62.678094,96.689960,13.395929,12.621149
61.879192,95.676241,12.737062,13.043496
62.396257,96.028860,12.266839,13.296749
61.341363,95.116355,12.219321,13.318956
62.276071,94.875389,12.192220,13.376405
61.972687,94.532092,11.928127,13.138124
62.283836,94.128405,11.385813,13.137830
61.830539,94.134246,11.229280,13.476526
61.865443,94.105093,10.656581,12.926483
61.322382,93.760228,11.040703,13.166752
62.106930,93.438446,10.251457,13.013124
61.515026,93.633278,9.938542,13.106969
62.449977,92.898333,9.841578,13.302155
63.103314,91.583693,9.816417,13.729446
61.828967,92.335246,9.736322,12.634239
63.192207,92.406587,9.693810,12.825492
62.874787,91.922184,10.072628,12.987485
64.365170,91.818077,9.494301,13.007794
64.196249,90.954846,9.281121,12.872115
65.192719,91.623429,9.084403,12.721107
64.725728,90.430367,10.667579,13.290202
66.609144,91.162147,9.650106,12.100260
68.016179,91.026518,8.740661,12.151173
67.733508,90.180963,10.169269,12.366308
69.043419,89.273528,9.593998,12.730563
69.932245,90.194870,10.066130,11.848104
70.665479,89.512990,9.433954,12.064273
71.451527,88.583300,9.917595,12.603901
71.964508,88.968275,9.295643,12.141563
72.144424,87.348501,10.296124,12.291329
72.559039,87.618285,10.099924,12.256737
73.206561,87.630648,9.981093,12.090791
73.881131,86.079447,9.895778,12.616463
74.746145,86.252933,9.825666,12.366861
74.730362,86.499632,9.742776,11.873516
74.446710,85.623370,13.047856,12.930121
73.410514,84.979564,15.546382,13.265921
75.781227,84.821014,10.915887,12.555310
75.796396,84.295954,11.623903,12.674779
74.797113,82.925774,16.886053,14.400302
77.753874,83.383112,10.333065,12.876985
74.675498,79.119391,21.859945,14.831367
79.955328,83.381018,10.778314,12.687783
80.639811,83.184431,10.826248,12.491101
81.384645,81.370735,11.044256,13.432809
82.616742,81.527536,11.233231,12.687478
84.272035,82.544410,10.753432,11.891462
80.581829,79.316521,18.879395,14.581918
85.100009,82.448649,10.701632,11.396686
87.351354,81.561282,10.611166,11.585219
80.997881,76.060486,27.768673,17.015583
87.344190,79.009089,30.223829,16.206863
89.837440,78.724459,23.359324,15.492424
90.617703,79.612153,20.272888,13.612825
92.768871,80.937062,14.010691,11.214190
93.903376,76.588923,28.986431,15.710880
95.374023,79.561313,29.816675,12.794002
103.931475,78.555292,33.007481,19.587446
95.780052,77.351342,21.679773,14.200759
105.301918,78.830996,30.288986,18.305592
102.227653,73.731796,29.058168,22.077440
93.443388,73.593697,58.138523,32.254883
86.940232,51.164618,80.846268,50.685444
71.328675,57.678202,118.592606,59.797588
39.642181,98.832268,31.600512,48.016739
34.349780,123.691162,17.716015,17.892290
35.477180,123.236660,16.172564,18.031105
34.869329,123.728384,15.963453,17.826389
34.875420,123.486612,16.323692,18.024488
31.806375,123.807076,17.019159,18.076248
30.470977,124.205964,16.399839,18.151693
31.199162,123.779709,16.109501,18.336182
32.124526,124.472222,16.993711,17.965042
32.768544,124.075301,16.581287,17.600544
32.722170,123.787923,16.332458,17.917799
32.709143,123.872555,16.941170,17.728889
33.350221,123.470621,16.409433,17.838720
32.838354,123.393813,16.726952,17.888996
33.233724,123.276170,16.496477,18.358107
33.504960,123.497168,16.477495,18.300259
32.995304,122.906147,16.376606,18.263977
33.129795,123.059703,16.658497,18.199808
33.506046,123.371252,16.096106,18.138470
32.954147,123.304301,16.355192,18.300251
32.471285,124.140533,15.914384,18.151667
29.045293,123.769382,16.088232,17.982637
25.994958,123.857338,16.824583,17.907967
28.104464,123.156232,16.690273,18.148451
29.986559,123.552472,16.453716,17.635437
29.703973,123.062421,15.686126,17.867483
30.299396,123.305145,16.307123,17.935274
29.919674,122.293032,16.692001,18.377377
29.178694,122.081721,17.268368,18.332317
29.747946,122.509454,16.894253,18.007010
30.653810,121.845023,16.475370,17.955235
30.965343,122.725591,16.150522,18.278402
29.332178,122.993036,17.088964,18.117865
31.489314,122.402825,16.246447,17.676613
29.485246,122.857590,17.113981,18.408089
30.095962,121.862622,16.315012,18.387802
