219.800000,0.600000,6.600000,6.800000
219.192312,1.010728,7.842857,7.839024
219.563490,1.329525,7.391212,7.156450
219.639060,1.496119,7.581001,7.891945
219.765780,2.330053,7.837039,7.402929
220.433044,2.013319,8.109017,7.701385
220.603773,2.849742,7.721903,7.622077
220.175698,3.289484,7.591336,7.465042
220.858133,2.835122,7.909365,7.357709
220.221337,3.561755,8.135061,7.791172
220.307650,4.204505,8.105886,7.838073
221.011063,4.640278,7.629073,7.073863
220.842316,5.094978,7.556163,7.666308
221.175754,5.949518,7.987307,8.085147
220.921781,5.998496,7.847041,8.052133
221.100206,6.258730,7.454251,7.448878
220.076267,6.232967,7.805904,7.500672
220.943094,6.337477,7.996105,7.828994
220.605376,5.823481,7.934748,7.958553
220.258148,6.088979,8.254104,7.751901
221.090314,6.823140,8.012715,7.945590
221.087315,7.315297,7.880689,8.153105
218.892998,7.687293,7.928975,8.040846
217.870680,8.029089,8.292157,8.404910
215.560704,8.769564,7.919632,8.113102
214.496713,9.386543,8.416480,8.157216
212.699735,9.969899,8.295566,8.144049
212.632255,9.469572,8.405097,8.112489
209.957399,9.984406,8.227889,8.012482
206.543224,10.836627,8.361627,8.220984
204.800189,10.128808,8.518072,8.341528
204.097099,10.845224,8.604701,8.237214
203.969423,10.625154,8.778885,8.287922
203.367513,11.741264,8.939519,8.228951
204.052641,12.278331,8.582550,8.594751
203.837853,12.648098,8.647036,8.336061
205.301571,12.887818,8.500797,8.467803
204.751218,13.977695,8.375760,8.098894
205.761695,13.802009,9.090620,8.200029
205.872957,14.948582,8.402878,8.301696
205.787131,14.990089,8.687479,8.400342
204.888044,15.097764,8.889397,8.193004
205.193853,15.159418,8.356650,8.246694
206.420355,15.965523,8.836279,8.870250
206.672454,16.874427,8.452523,8.169511
207.064362,16.504499,8.314410,8.521542
208.380212,17.230353,8.422295,8.227641
207.932605,17.992611,8.846462,8.759135
208.934505,18.906054,8.567369,8.118729
208.833284,18.769999,8.533675,8.573932
208.596863,18.885615,8.178553,8.311869
209.379182,19.144646,8.618721,8.919449
209.771454,20.080906,8.276706,8.668327
210.150712,21.562238,8.699881,8.507257
210.896238,22.057509,8.266315,9.004660
210.670273,22.569321,8.687179,8.615322
211.328628,23.151638,8.344952,8.897080
212.352635,23.310813,8.600702,8.495870
213.168184,23.555702,8.539542,8.979111
214.063987,24.348781,8.299702,8.228487
214.898795,24.910134,8.553999,9.229045
216.061192,24.839463,8.123736,8.627429
216.754190,25.695693,8.602742,9.089934
217.981689,26.581913,8.399926,8.991101
218.314977,26.074428,8.359810,9.036398
219.550247,27.326487,8.285130,8.912402
220.528586,27.893922,8.560054,8.957501
220.755175,28.474641,8.392862,8.819238
221.709434,28.861158,8.251541,9.061394
221.967502,28.725370,8.364182,8.792050
221.608372,29.015939,8.835142,9.304566
222.129743,30.111099,9.160417,8.888084
222.907630,30.437789,9.524709,8.996752
222.734306,30.464744,8.523125,9.022200
223.394087,31.367687,8.446815,8.912198
223.548176,31.756734,8.633646,9.557817
223.879807,31.858915,9.732725,9.213474
223.441964,32.946836,9.387522,9.394029
224.455453,32.220095,9.123673,9.390072
224.482044,33.006280,8.995284,9.820352
224.638189,33.660032,8.704891,8.853288
224.691642,33.892967,8.552648,8.850288
224.882434,33.765808,9.388188,9.253090
224.107396,34.774913,9.909593,9.337937
224.330538,34.585585,9.837000,9.017532
224.990010,35.092566,9.990107,9.575836
224.922803,35.151291,9.377052,9.213055
224.375448,35.073776,9.773411,9.251184
224.912050,35.964062,9.253997,9.668968
224.578409,36.515693,9.313591,8.705610
225.051125,38.373434,8.928617,8.175808
225.155298,38.629003,8.603317,7.639620
225.370779,38.885783,8.500614,7.840730
225.743098,39.389223,8.565214,8.486619
225.061285,39.538367,8.598923,8.195665
226.152597,39.502174,8.557213,8.221074
226.595129,39.849689,8.701377,8.378269
226.244444,39.682861,9.164138,8.794507
225.571571,40.912831,9.175388,8.820795
226.016986,41.242400,9.501606,9.078703
225.408949,41.142788,9.406814,9.012877
225.269279,41.748008,8.963101,9.149571
225.651119,41.636070,9.148018,9.476227
225.504508,42.815024,9.108602,9.063532
225.008072,42.441014,9.092518,9.293139
225.869811,43.184969,9.494040,8.876507
225.704094,43.610514,9.335171,9.273692
226.003364,43.833700,9.898435,9.951642
225.577587,44.192948,9.788242,9.216318
226.217473,44.423199,9.643908,9.951797
225.352172,45.705192,9.783299,9.205533
226.126276,45.766788,9.581226,9.964463
225.866694,45.989683,9.384386,9.363304
225.317214,46.190316,9.749280,9.975535
226.093560,47.507060,9.362070,9.232992
226.121710,47.515573,9.329664,9.721712
226.870741,47.587734,9.468589,9.602452
227.002068,48.120010,9.302526,9.852764
227.093817,48.166046,9.309772,9.702905
227.589787,49.000815,9.123630,9.429842
227.599272,49.339467,9.170080,9.853652
226.774911,49.808981,9.262598,9.945393
227.169129,50.799679,9.208818,10.182506
227.546100,51.574534,9.144021,10.007144
226.357903,51.580140,9.782942,10.048450
226.908869,51.699997,9.999217,10.450412
227.192121,53.027699,9.518661,10.337229
226.898973,53.457426,9.478276,10.185555
226.966151,53.306973,9.476815,10.151409
226.865037,54.723390,9.666440,10.237370
226.659709,54.634498,9.432310,10.095105
227.074859,54.903255,9.938466,10.347164
225.765652,55.081768,9.949672,9.988580
226.009454,55.776549,9.535915,10.365039
226.015476,55.971464,9.729922,10.228924
226.382868,56.442667,9.811132,10.442112
226.711372,56.968847,9.464170,10.380754
227.370499,57.618034,9.489116,9.803963
226.580299,56.951582,9.378949,10.446461
227.734120,57.514811,9.643641,9.987289
226.735459,57.172641,9.714181,10.253686
226.882902,57.998759,9.415206,10.639929
227.732879,57.198632,9.929482,10.053331
227.688277,57.618226,9.614717,10.543780
228.087162,58.126673,9.612254,10.767718
228.463043,57.455761,9.689078,10.515777
227.982802,57.741556,9.784705,11.007035
228.034189,58.534928,9.788936,10.522142
228.750613,59.058336,9.569425,10.806855
228.357679,58.697771,9.625370,10.547188
227.832199,59.794098,9.649737,10.961559
227.986709,59.790835,9.905342,10.912016
228.199331,59.955044,10.010654,10.963862
228.365321,60.766220,9.783293,11.132230
228.367943,60.898357,9.797075,10.992287
228.432195,61.477507,9.841889,11.059073
228.480426,61.329248,9.858299,10.917034
228.248336,61.247412,9.819558,10.971679
228.423296,61.284785,9.972050,11.101100
228.265635,62.382069,10.014601,10.430205
228.231698,62.181781,10.064013,10.316389
228.174708,62.164979,9.966032,9.933790
228.786537,61.879318,9.951106,10.717850
228.508208,61.619436,9.938902,10.640182
229.302044,61.503669,9.920752,10.671609
229.188324,61.298386,9.858967,10.652367
228.822894,61.905736,9.929827,10.539206
229.420292,61.338363,10.117109,10.907602
229.146436,61.670032,9.860428,11.326708
228.975897,61.260914,10.039805,10.964439
229.421623,61.248598,9.901523,11.432393
229.329761,62.519226,9.952209,11.046887
229.851887,62.184236,9.861830,10.589418
229.552957,61.943002,10.048535,11.320619
229.459842,62.437970,9.924523,11.083877
229.779448,62.622936,10.062491,11.377422
229.551302,62.876729,9.969654,11.013964
228.292850,63.956992,9.971047,11.330626
228.579488,64.407111,10.070016,11.334219
228.949607,64.771884,10.099880,11.007502
229.532493,66.013307,9.862840,11.073545
229.766112,66.721253,9.861974,11.267870
229.523277,67.753416,9.723105,11.180595
229.808856,69.035938,9.728608,11.219159
229.174843,69.666298,9.826368,10.976302
229.544134,70.494123,9.977454,11.798364
229.002354,71.743022,9.880744,11.817186
229.434827,71.818523,10.119495,12.084148
229.624548,73.500007,9.926079,11.427782
229.544248,74.339489,10.152233,10.835918
229.007248,74.686685,10.237976,11.742174
229.551803,75.274964,10.160714,11.857459
229.118806,76.604741,10.057247,11.471998
228.986050,76.723532,10.141726,11.749912
229.419328,77.383303,10.163346,11.667777
229.007223,77.832601,9.969990,12.118432
229.826758,78.444054,10.082889,12.029468
230.084388,79.342772,10.051057,10.891977
229.766981,80.378557,9.865753,10.045938
229.728442,80.215600,9.831968,11.438574
230.115104,81.080952,9.948247,10.682666
230.132391,81.570131,9.845882,10.615501
229.593542,81.272192,10.042304,11.627511
229.691824,81.359515,10.328022,11.041239
230.716439,83.211511,10.048020,10.103353
230.660302,82.297159,10.139935,10.539814
230.253529,82.981807,10.049903,10.131231
230.123854,83.083614,10.448657,10.978832
230.213463,84.561192,10.285068,10.567287
230.491416,83.399206,10.382002,11.822362
230.655263,84.998769,10.278337,11.232275
231.302037,85.897528,10.485281,11.674056
230.759332,86.465530,10.534577,12.165028
230.289547,87.046474,10.209544,12.597969
230.672062,89.436075,10.320242,11.659573
230.149316,90.797943,10.233116,11.662098
231.038385,89.939739,10.331165,11.864064
230.189428,90.692687,10.676772,12.750967
230.736739,89.900074,10.830743,12.525161
230.597768,90.383291,10.696301,12.919460
231.098225,91.196588,10.522806,11.954370
230.782455,90.795373,10.810089,12.842684
231.211268,91.219869,10.529307,13.205538
231.418822,91.190697,10.766374,13.003318
231.050433,92.209747,10.625588,11.759399
231.268887,92.368816,11.036746,11.870338
231.572485,92.004586,10.940475,13.223680
231.514923,92.426020,10.986691,12.161411
231.234888,91.708695,11.149859,12.929912
232.639002,92.857996,11.101092,11.299176
232.206352,92.246345,11.103802,12.389363
233.016959,91.897837,10.767587,12.227013
232.546798,91.113123,11.666050,13.127444
233.025589,92.674619,11.400920,10.831021
233.101465,91.724507,11.396313,10.974402
233.404038,89.082893,11.770190,13.504304
232.602445,88.851017,12.120370,13.976082
233.466945,89.126727,12.329190,12.182405
233.651744,87.180798,12.067810,13.233588
234.533422,86.568521,12.251606,13.061509
234.613505,86.218568,12.780801,11.695051
234.272735,85.668172,12.342567,11.033849
234.896621,84.874551,11.986753,10.945192
234.848770,83.048720,12.370777,12.288191
235.099315,81.619434,12.881386,12.807415
235.750398,81.623484,11.969120,11.174865
236.979020,81.266558,11.420896,10.650726
238.429436,84.299773,10.046569,8.133651
237.574846,81.071087,10.608440,10.664169
237.694575,80.731225,10.942361,10.692349
238.062790,81.456434,10.772514,9.922523
238.290204,81.571443,10.991399,10.225245
237.460084,81.465302,11.285437,9.907343
235.827644,80.731316,12.261756,10.355400
236.172171,80.442104,12.122721,10.824127
236.653001,80.184252,12.314279,10.694057
236.336853,79.568181,12.352695,10.747970
235.576160,79.568804,13.672887,11.220599
235.843024,78.569481,13.791693,11.786094
235.576955,77.922746,14.523511,12.207299
235.144311,77.389500,15.084719,12.771003
234.810654,76.514816,15.524962,13.079166
234.845210,76.170006,16.402933,13.161480
234.526495,76.847698,16.645550,12.891404
235.227181,75.552326,17.400938,13.582600
234.302269,75.990204,18.747345,13.639312
234.342028,74.920992,19.103205,14.130374
235.265572,75.059583,19.492285,13.870595
235.689968,74.564626,19.527214,13.879057
236.532145,74.009309,20.087297,13.986250
236.386691,74.605696,20.199923,13.750347
237.820903,74.358685,19.968307,14.016158
238.215993,74.344889,20.656469,13.911754
237.839745,75.029487,20.954359,13.639085
239.050467,74.418694,21.127283,13.677963
237.495166,74.736899,21.887520,13.783778
237.919111,73.637608,21.834553,13.902884
235.584432,73.560615,22.679523,13.404016
234.038674,74.416798,22.832632,13.157371
232.971902,74.041735,22.354160,13.303973
229.892811,74.595608,22.538027,13.205710
228.477549,74.732809,23.223898,13.564167
225.782563,75.337263,23.533571,12.836057
224.048722,75.353742,23.072809,12.913205
221.537588,75.831108,23.881012,12.977310
220.642155,76.173038,23.907541,12.900230
219.363436,77.041535,23.561872,12.723074
218.835126,78.108744,22.742813,12.429584
216.695163,78.132428,24.109249,12.414260
216.415845,78.676488,22.853876,12.110052
215.835683,78.596107,24.750725,12.616142
215.050067,78.826225,23.537115,12.932777
214.563205,79.491180,24.932156,12.105522
213.752937,78.997897,25.042927,12.010592
213.033351,79.488402,24.927382,12.113521
212.527626,79.263486,24.539082,12.382382
210.641926,80.252890,23.159304,12.093219
210.417320,80.249976,24.993145,11.829996
217.796977,81.062532,19.223005,11.483555
212.859407,81.233134,24.317184,11.212893
211.119415,81.304179,23.659027,11.634646
212.719050,81.117068,21.987848,11.068285
212.827891,81.915023,23.698900,11.056252
212.875148,82.083373,20.319996,11.100574
212.008480,82.623039,19.412228,10.934505
213.067894,82.725353,18.984730,10.008537
212.043410,83.405473,19.856062,10.130097
213.047249,83.777524,20.696836,10.519185
212.998441,84.612977,20.428654,10.323142
212.220417,85.439323,20.078625,10.225278
212.856021,85.100008,21.453859,10.780465
210.818642,86.384696,16.870592,10.205993
209.299188,87.104240,19.053722,10.103664
208.264537,87.694044,18.986034,9.994412
207.259986,87.518657,19.408222,9.888356
206.420728,88.174206,19.797905,10.454806
207.507670,88.478293,19.550390,10.506083
207.135735,87.904268,16.270174,9.646320
206.446622,88.006723,19.067974,10.424775
205.982456,87.725162,16.773483,9.661482
204.500137,88.193872,14.251620,9.093849
203.654892,87.785048,15.770138,9.415087
205.648835,85.535558,18.576082,11.007764
206.657492,81.170917,22.733496,12.113812
201.970062,84.422265,23.419506,12.903956
200.805941,84.832566,21.607931,12.964403
203.351044,80.831014,23.028399,13.903406
199.628621,80.824873,23.793436,14.512099
196.801174,80.102016,23.565845,13.116658
194.971911,81.949180,22.844473,12.703839
191.778795,81.170008,18.430000,11.532295
190.707286,81.896780,16.787533,10.684798
189.470894,81.492670,17.339567,10.684022
188.441814,81.213236,19.980038,11.377250
187.487673,81.061578,23.969923,12.438505
186.636200,80.271996,24.363499,11.664185
184.625072,80.029626,25.750988,12.600309
200.173293,86.781226,19.553595,8.616945
201.077779,87.150931,16.972080,8.340724
201.089235,87.686745,15.070121,8.207549
202.627267,87.411577,14.740814,7.844506
203.469140,87.327658,13.727770,7.682999
204.147778,85.066587,14.726595,9.328739
203.261634,81.432161,18.617180,12.117779
205.178542,79.892221,21.779795,12.771028
204.505634,79.412500,21.824280,13.289459
206.224966,78.410319,22.860210,13.790670
208.720916,78.622286,19.940285,13.464225
210.025449,78.902601,17.953747,12.598405
209.960660,78.602159,19.294210,12.015866
213.097957,78.464307,14.271221,10.772173
212.268329,77.918971,13.957402,10.207819
208.532297,78.404916,18.733204,11.631235
206.983370,79.060091,20.223310,12.274796
205.180541,78.337955,20.082331,11.351144
218.789214,84.573013,17.107264,7.514802
220.792094,85.748532,15.801332,7.421191
221.346025,85.990543,14.752846,7.080425
221.602522,84.803188,14.010673,7.565602
207.981330,78.031201,13.406915,10.464982
207.647137,78.630170,13.203636,10.744018
206.734479,78.254767,13.497130,10.439899
202.888121,78.756485,17.331303,11.012521
202.175719,78.081593,17.440466,11.675355
195.108773,77.927238,14.811568,10.348965
194.179005,79.547297,10.790233,8.804255
194.431640,78.851205,14.859582,9.901787
194.187958,79.583146,11.511485,9.112622
193.081804,79.715531,10.814317,8.317780
192.446350,78.832198,16.060349,9.289257
199.251434,77.445199,15.948731,11.022168
199.490507,77.429221,15.349252,10.961342
198.294993,77.310857,15.181929,10.880650
197.148306,77.192980,14.720592,10.911859
195.920207,77.476048,15.348719,10.780984
194.592000,77.357226,14.962824,10.608018
193.706084,77.629577,14.583243,10.559707
192.408584,77.277074,14.246294,10.614136
189.307320,76.987291,15.494476,10.704158
189.742192,77.686731,13.934488,10.701818
184.563743,76.533732,16.668280,11.120416
183.542033,76.627521,15.872004,10.947460
181.763376,76.589277,15.949792,11.314422
178.764856,77.179404,16.824150,11.240193
174.979893,76.471245,18.880318,11.521237
171.548628,76.287781,19.843655,11.331785
172.022785,76.433607,18.215160,11.295413
171.819264,76.509081,16.439415,11.057989
171.682902,76.439884,14.687140,10.702314
170.699878,76.939177,13.718701,10.538159
167.059712,76.208712,15.508961,10.950273
164.399895,76.646134,16.564289,10.735859
162.183533,76.360028,15.831570,10.973027
161.208595,76.659073,14.821980,10.970861
159.578120,76.401918,13.950308,10.835700
157.019856,76.078351,14.270447,10.840904
155.149427,77.059193,14.747969,10.502000
151.358016,76.470126,15.602122,10.886028
151.020941,76.660305,14.570590,10.597960
149.733701,76.357485,13.989194,10.690657
148.924997,76.526270,13.735406,10.624735
147.437792,76.974174,13.308089,9.776766
143.360253,76.336260,15.416552,10.711977
141.407939,76.089073,15.698535,11.102404
133.454258,76.790402,22.107292,11.128284
130.996708,76.762620,15.229402,10.794307
129.520141,78.565530,12.490690,9.372802
129.069057,78.579393,12.522157,9.224273
127.913481,77.287998,15.087672,10.074492
126.823512,79.387410,11.584711,8.677300
125.216048,78.414076,14.029109,9.439115
130.802888,76.810109,16.303278,11.251904
131.529543,77.296097,14.809883,10.872388
130.468777,77.820271,13.841572,10.601379
126.114274,77.128926,15.084482,10.701730
120.405716,77.466773,19.476440,11.031059
116.620767,78.348171,20.713518,11.010619
113.886913,77.881136,22.704887,11.886643
111.492683,77.572420,23.145147,11.748370
107.549151,78.129228,23.605053,11.906077
106.100104,78.289421,22.855135,10.940367
108.047476,77.787132,18.441463,10.993857
100.082993,77.868188,21.960114,11.224063
94.981409,78.928221,16.419731,10.688218
94.254740,78.283760,17.584717,10.627901
92.985956,78.603819,18.444313,10.710908
88.532661,79.335170,16.190950,10.224823
83.955547,78.966394,21.632908,11.425730
89.982198,78.156106,20.015909,11.390796
90.502967,78.033307,22.713675,12.772576
83.853404,77.696484,21.211950,11.573525
80.278654,77.940769,22.338993,11.907767
76.582672,77.713821,24.507565,11.958021
73.743168,78.391180,26.330570,11.772861
70.338983,77.010623,23.073065,11.933038
68.143023,78.478322,26.139545,11.872876
65.126338,76.803506,23.000734,12.146914
72.321395,81.129072,16.903986,9.876849
69.287993,80.559017,19.821674,10.699824
65.689652,82.671031,20.829796,9.213104
63.435254,83.415901,19.482576,8.337271
59.112595,82.998129,19.523457,8.335660
56.266502,82.797312,19.150307,8.680802
51.308278,77.483039,16.797148,11.826152
46.789563,77.341311,18.926115,12.200472
40.507223,77.185653,24.097160,13.900718
39.900783,77.558572,20.775770,12.601459
32.803369,77.627713,24.440577,14.808446
32.495344,76.862702,20.872635,13.050503
29.859647,77.592593,20.289446,13.356576
19.306059,83.703084,14.468034,10.262576
15.308081,84.104057,16.530987,9.933619
11.546732,81.901437,21.699474,11.478301
8.435610,84.034879,18.522575,10.078879
3.772739,80.823319,21.275316,12.973797
0.214516,82.701012,14.784427,12.394971
0.000000,81.357288,8.498788,14.824453
0.000000,82.927298,10.781238,10.386804
0.383388,79.476473,15.044805,10.554772
4.004682,78.720920,20.852676,11.852455
9.587954,77.661608,17.231268,12.189134
10.416187,77.271861,14.401378,10.821919
7.763324,77.236153,14.997056,10.908319
5.637349,77.031225,15.561685,11.028678
4.548826,77.412599,14.508224,10.847018
3.824684,77.450110,13.014411,10.625603
1.324329,76.662929,13.191345,10.962584
0.442698,76.583505,12.618395,11.196673
0.000000,77.087642,10.236978,10.576408
0.000000,77.225705,8.908235,9.979226
0.101901,77.287966,6.344370,8.049321
0.000000,77.115762,4.297732,7.354098
0.000000,83.225789,7.463840,8.226815
0.000000,83.150338,8.959316,7.504874
0.000000,83.364705,5.418643,7.532717
0.000000,83.297518,5.944450,8.578460
1.378211,73.439559,12.409921,9.542635
0.649339,69.535240,18.675001,12.764684
12.230049,70.370502,13.992142,11.439837
6.571052,71.135263,19.763247,11.267029
5.665236,71.424571,25.572206,13.279632
2.507439,69.788062,24.675423,13.897711
3.474587,70.529613,22.504896,12.512197
0.000000,69.590896,14.964992,12.418470
0.765224,72.974492,17.253868,12.306457
0.049146,71.199228,13.112385,9.872440
0.000000,76.024817,12.994054,11.036884
2.619868,74.157104,19.224083,11.984171
4.155763,70.862767,17.258951,10.951323
12.053693,67.623197,16.245594,13.935026
6.802472,72.543263,11.783833,10.057173
6.498444,73.970251,9.813199,8.721650
1.649250,74.383213,11.419329,9.361203
0.730451,71.680836,12.013067,11.052562
0.010020,75.361303,9.028108,8.253739
0.000000,71.938898,6.962580,9.421848
0.000000,72.081416,4.888877,7.929152
0.000000,72.846201,5.231427,7.409068
0.000000,75.167127,4.905869,7.609953
0.000000,76.142113,6.108734,9.446793
0.000000,75.076983,4.942296,11.494019
0.000000,73.237181,8.446866,14.769277
0.600481,71.512497,14.111028,13.940477
0.723918,71.239346,22.046215,16.786013
9.011235,70.824350,18.754539,10.637923
7.385414,68.819982,27.303766,15.582683
2.818247,70.430118,31.538914,15.713661
19.215193,66.765186,15.139714,14.008215
7.401544,73.961143,21.437639,11.502090
0.000000,69.114443,16.960500,11.713265
1.346966,74.358579,22.523199,11.751652
