376.000000,101.000000,25.400000,7.000000
372.574345,100.724813,24.023893,6.753071
367.865106,100.739839,24.824745,7.120698
363.504156,101.545760,25.207445,7.239519
358.752819,101.119566,25.409868,7.079407
355.443230,101.074021,25.428381,7.383699
350.725435,101.818262,23.811594,7.468724
346.976280,101.265646,24.449957,7.061334
343.700463,102.088890,23.527342,7.018078
340.220698,101.644916,23.904940,6.774377
336.153712,101.599612,23.251120,6.701167
331.067670,102.137298,24.465126,7.130609
326.945738,102.843864,24.962126,7.002854
323.396908,102.798455,24.500383,6.612169
319.750916,102.325982,23.449354,6.871858
315.766444,102.723811,22.705318,7.287672
312.251069,103.029993,23.196518,7.142601
307.806517,102.542838,24.450045,6.806364
304.210655,102.770219,24.906961,7.216696
302.432102,103.258590,22.172880,7.100781
297.508438,103.320387,23.854708,7.084465
293.917134,103.205109,24.975580,6.953597
289.947953,103.774059,24.550560,6.788888
286.783451,103.434388,25.067194,6.991499
282.576867,103.689293,24.800644,7.299399
279.780255,103.806090,23.952765,6.901599
275.876264,103.770682,24.542080,6.982269
272.774265,103.408140,24.361160,6.775929
269.583720,103.414411,24.235760,6.938261
266.318293,103.535815,23.672403,6.826926
263.602428,104.207049,23.458611,6.770675
259.167710,104.119556,24.987061,6.992523
256.465584,104.430898,24.794516,6.937420
253.755286,104.639612,24.398312,6.919624
250.320460,104.236652,22.842615,6.848187
247.499991,104.281161,23.692884,6.995138
244.473280,104.041008,23.121126,6.886609
240.961911,104.162991,23.306892,6.892699
238.547659,104.400272,23.945333,6.793568
235.256991,104.211894,23.595564,6.743555
233.726838,104.492923,22.288815,6.759455
231.781738,104.258805,21.814022,6.751625
226.998417,104.474576,24.413099,7.008165
223.424785,104.940801,24.568050,6.918572
221.381981,105.113575,24.434706,6.470695
218.695179,105.453537,24.508635,5.924335
216.446951,104.823717,23.966803,6.697090
213.578656,104.504093,24.144680,6.630956
211.016519,105.085525,22.814487,6.865235
208.394724,104.890886,23.689203,6.628686
205.553184,104.663172,24.028290,6.485099
203.008564,104.828446,23.769770,6.780668
201.679724,104.687312,23.613478,6.682112
200.811320,104.453798,21.368355,6.578137
198.983106,104.777768,21.559280,6.639959
193.347001,104.936405,24.286224,6.973832
191.181930,104.459270,24.017082,7.729818
188.151640,104.351096,24.993647,7.921396
186.707873,104.203825,25.068842,7.881474
184.113657,104.441508,24.944609,7.417250
182.339997,105.396882,22.706898,6.599257
180.124313,106.529452,22.515362,6.102008
177.707210,106.006392,20.601357,6.208320
175.908106,105.752481,21.771700,6.689474
174.072629,104.834170,23.114506,6.849719
171.784168,105.112655,24.111063,6.933729
169.523995,104.949437,24.623167,6.858000
167.717383,105.424804,24.295527,7.232652
167.510193,105.425969,22.639162,6.725318
166.361032,105.288713,22.003456,6.740198
161.935208,105.656620,24.715666,6.907613
160.208439,105.132919,24.790651,6.908235
158.383445,105.701585,24.472889,7.089983
156.284963,105.421384,24.926662,7.248556
154.407458,105.849627,25.321560,7.157431
152.820859,106.512523,24.803150,6.863012
150.782769,106.712198,24.701908,6.785614
149.058757,106.124985,25.403133,7.007137
147.155875,105.588651,24.895428,7.125707
145.024615,106.119165,23.690313,7.418739
144.220167,105.692034,21.615530,7.690873
141.941648,105.156118,23.737370,7.904283
140.688580,105.108050,24.356787,7.683501
139.808127,105.872110,23.899961,7.707444
139.143011,105.914225,22.890734,7.638457
138.740613,105.593665,21.755707,7.474089
137.895929,105.862188,20.253864,8.449993
131.411937,104.384068,25.506901,8.696129
130.248056,105.242394,25.563972,8.362455
128.331196,105.552651,25.492674,8.603163
126.616677,106.062058,26.477924,8.605723
125.883233,106.155528,25.818878,8.604007
123.356115,106.679595,26.121201,9.203841
122.132531,105.319987,25.138042,10.176508
120.451403,105.860454,25.623816,9.964121
119.872775,105.091272,23.092258,10.116039
118.034310,104.899938,23.932608,10.546167
116.654796,104.996511,23.288731,10.062183
115.792762,104.818038,20.022835,9.548090
114.353955,104.485912,19.954279,9.140241
112.470399,104.528416,22.053333,9.344219
111.913414,105.109980,23.558859,9.420197
109.430749,104.441721,23.833645,8.802113
108.414609,104.732189,24.567081,9.107292
106.495355,105.124082,25.250896,9.105848
105.026485,104.726993,25.407570,9.546701
104.078313,104.416794,25.843468,9.765414
102.638731,104.986196,25.847242,9.865313
100.929387,103.722523,25.848392,10.582813
100.260877,103.436623,26.156803,10.237536
99.135703,103.608318,25.822418,10.230740
97.713979,103.521249,25.610123,9.980326
96.151588,103.096955,25.561699,10.045355
95.780724,102.759179,25.692343,9.867453
93.800978,103.162353,25.050013,9.127367
92.908715,103.319220,25.214439,9.409813
91.644628,103.021668,25.097240,9.423491
91.135585,102.675216,24.758228,9.352441
90.255854,102.428770,23.801687,9.696126
88.775644,102.203511,23.995274,10.013300
88.347683,101.751120,24.052618,10.348183
87.706869,102.080455,23.922792,10.233603
86.593553,101.334372,23.913891,10.548476
85.331785,101.277862,23.550020,10.631544
85.083284,100.844773,23.412952,10.645255
83.816184,101.336972,23.167046,10.336349
83.528436,100.316389,23.245029,10.447819
82.295862,100.952672,22.522905,10.220159
81.997798,99.932997,22.508984,10.908737
80.677336,100.051291,22.293638,10.587917
80.063653,100.472438,22.218140,10.277623
79.604869,99.825984,21.455566,10.665193
79.254347,99.076808,21.325834,10.966555
78.728314,98.677096,21.302832,10.776973
78.198892,98.428876,20.858131,10.654455
77.450482,98.430305,20.452230,10.608553
77.765296,98.536332,20.126057,10.644999
77.419262,98.365294,19.642351,10.493132
76.981953,97.301905,19.282667,10.608005
75.905788,96.946143,19.149887,10.793673
76.393436,97.435724,18.951324,10.465962
76.128953,96.914273,18.295269,10.597162
75.897814,96.644862,17.697802,10.658484
75.711566,96.637101,17.242844,10.411483
75.426871,95.642684,17.593687,10.662713
74.617812,96.070292,16.924103,10.540276
74.817496,95.382837,16.448898,10.708683
74.691835,94.581666,15.952708,10.582505
74.364891,94.341743,15.660972,10.635015
74.869476,93.726187,15.017315,10.716685
74.611141,93.364482,14.658312,10.600817
74.519237,93.139043,14.364010,10.554009
74.227354,93.380357,14.206408,10.556128
74.650503,92.819413,13.422633,10.687204
75.339107,92.414727,12.999413,10.516864
75.172778,92.129897,12.985985,10.511728
75.240330,91.645147,12.526266,10.542271
74.750225,91.170176,12.076479,10.441479
75.959978,90.909858,11.512999,10.251249
75.195002,90.717180,11.671323,10.121216
75.862652,90.034530,11.368518,10.244481
75.165374,90.052066,11.496511,10.434298
75.809111,89.829858,11.219274,10.170964
75.880328,89.546072,11.175529,10.273354
75.843527,89.119292,11.363279,10.157942
75.972883,87.973682,11.615039,10.368268
75.731107,88.071454,12.155417,10.394571
76.276499,87.525288,12.079191,10.167247
75.646687,87.265182,12.467195,10.276784
76.128061,87.297883,12.672076,10.368674
76.750955,86.959225,12.647827,10.276622
76.815334,86.197043,12.639331,10.412458
77.058685,86.200453,12.653482,10.320400
77.394147,85.739640,13.017380,10.180616
77.673011,85.226130,13.167538,10.491725
77.643733,85.129019,12.855618,10.141326
77.882163,84.480818,13.063081,10.289348
77.795775,83.939418,13.265351,10.313868
78.066033,83.269469,13.035901,10.039580
78.016905,83.251191,12.795890,10.438490
78.865745,82.747190,13.133697,10.096311
78.808687,82.863439,13.356132,9.984006
79.133196,82.153016,13.635856,10.391524
79.559324,82.031178,13.801056,9.922110
79.760659,82.030528,13.263077,10.013559
79.945857,80.634591,13.552135,9.962381
80.350260,80.933544,13.840864,9.804360
80.402892,80.794054,12.995544,10.046971
80.888262,79.902854,13.326913,9.847540
80.708510,79.678130,13.746736,9.743715
81.570364,79.509250,13.307429,10.000772
