241.400000,110.600000,4.200000,11.400000
240.016093,110.316806,4.591996,11.989249
240.373931,110.053926,4.978732,12.342681
239.755594,109.968311,5.069247,12.322825
240.006310,110.346102,4.772725,12.128344
238.942578,110.084742,5.380090,11.984260
239.065782,109.050999,5.397448,12.678016
238.603920,110.701307,4.952661,11.873605
238.539091,110.319274,4.713644,11.553057
238.465344,110.051715,4.696460,11.773841
238.109087,109.693617,4.303741,11.382501
238.477426,110.293041,4.200179,11.986969
237.691599,110.499456,4.469896,11.132720
237.461105,109.837705,4.686714,11.530695
236.492314,109.938886,4.434587,11.273669
236.492543,110.693458,5.296220,11.256669
235.568850,110.406617,5.879481,11.505234
235.372617,110.455963,6.255705,11.365491
234.274106,111.334617,6.238851,11.326250
235.169784,110.059551,5.416046,11.870914
234.621604,111.456764,5.441981,10.983237
233.456484,111.255496,4.819133,10.963424
233.045304,110.353462,4.524529,11.239858
232.801780,111.383784,4.616667,11.485880
232.224918,110.640630,4.919622,11.487091
231.537568,111.098777,5.332260,11.001830
230.585493,110.507321,6.020465,11.739869
229.847627,111.052276,6.066763,11.759791
229.942999,111.077436,4.914901,10.496097
228.612450,110.921853,5.579875,11.096405
229.264989,111.459221,4.280699,10.748219
228.812321,109.799803,4.435423,12.280531
227.462282,110.813468,4.718489,10.692733
227.449769,109.979839,5.363060,12.064461
225.235815,109.781952,5.998230,12.387961
224.672357,111.595656,6.128691,11.745081
224.442921,111.780344,4.849396,11.233753
224.002003,111.134690,4.115128,10.084888
223.723315,110.863024,4.460962,11.646359
223.234184,110.806546,4.223599,10.677078
221.692513,109.595782,5.313766,12.434145
220.562376,111.106675,6.132018,11.988741
220.498852,110.566897,6.273008,11.745555
219.857296,110.876115,5.927676,11.638784
218.928537,109.954049,4.963792,12.095247
218.787089,110.302364,4.616816,11.571914
218.189207,110.313746,4.870614,12.104406
216.821045,110.405288,5.874123,11.923369
215.681968,110.600399,5.857920,12.696786
214.940614,111.321724,6.183558,11.950090
214.015400,110.457736,5.796443,12.176109
214.182768,110.464780,4.782143,10.915355
213.556557,111.538391,4.533884,11.487090
213.009026,110.492015,4.578902,12.064683
212.308572,109.867940,5.091879,12.493503
211.270758,110.304298,5.609116,12.716838
210.698458,110.721753,6.224568,11.811255
210.285237,111.651879,5.710892,11.224210
209.039632,110.542654,4.820785,11.932331
209.167635,110.841600,4.708822,11.644221
208.452290,110.046383,4.478642,12.227545
207.979927,110.960149,4.463080,11.879660
207.836792,110.275933,4.842552,12.539352
207.033594,109.891996,5.067856,12.269586
205.842016,110.341267,4.859687,12.407091
206.087981,110.290149,4.575496,12.044938
205.751582,111.124849,4.310822,11.717091
205.179367,111.559193,4.211375,11.808206
203.716666,110.930988,4.606004,11.974660
203.338211,110.600399,5.019096,12.246867
202.314940,110.428700,5.549025,12.250202
201.471775,110.123697,6.163124,12.812789
200.679959,110.161385,6.101461,12.363506
201.199582,110.741810,5.465865,11.769083
201.154246,110.840198,5.287173,12.036021
200.000301,110.414432,4.788601,12.352892
199.899087,110.550358,4.636432,12.433139
199.572697,110.214830,4.558105,12.735618
199.849189,110.345980,4.442978,12.043139
199.099030,111.013836,4.689344,11.553667
199.097643,110.541996,4.477758,11.716269
198.182352,110.818681,4.412363,11.205570
197.921269,110.580758,4.239702,11.622226
197.423838,110.431044,4.429856,12.052473
197.161090,111.077799,4.554222,11.997899
197.393044,110.875245,4.528116,11.459708
196.866302,111.074282,4.724516,11.491331
196.681540,110.733869,4.720263,11.332740
196.257866,110.959079,4.646275,11.874844
195.270382,110.811551,4.777593,11.542645
195.854875,110.954935,4.655969,11.137119
195.633919,111.604286,4.669494,10.870860
196.541773,111.064464,4.544473,10.778523
195.813509,111.624727,4.583508,11.202390
195.105129,110.870342,4.880521,11.422081
194.922032,110.025466,4.614483,11.955026
195.685065,110.697280,4.782702,11.740417
195.759263,110.414089,4.297137,11.307038
195.577748,111.022102,4.279239,11.288981
195.523542,110.683852,4.290910,11.087416
195.464259,110.832166,4.322253,11.658763
195.924227,111.051576,4.439944,11.407076
195.580336,111.113075,4.616527,11.629226
196.194315,110.309913,4.663961,12.043211
195.949328,110.479157,5.031171,12.127978
197.063731,110.480624,4.781788,11.235124
197.270964,111.233602,5.163543,10.999273
197.012709,111.257120,5.609942,11.251066
196.716442,110.952472,5.520990,11.348816
197.633579,110.609961,5.618488,11.216940
198.235556,110.593766,5.260156,11.845976
198.261464,109.290918,5.293858,12.377740
199.663143,108.376242,5.131895,12.868013
199.501922,109.140984,4.759574,12.788359
200.782317,109.508570,3.895420,11.135752
201.433635,107.675921,4.333683,12.784900
201.802619,108.940021,3.939625,12.213082
202.773815,111.807844,3.802409,9.192743
202.900372,109.741900,4.307118,12.042872
203.143198,110.677249,4.654047,11.613993
204.207411,111.012753,4.845479,11.610162
204.424456,111.577147,4.402674,10.827659
204.288004,111.436519,4.132582,10.550293
204.139764,111.022263,4.519387,11.294416
204.152434,111.040676,4.527307,11.215244
204.269346,111.033289,4.414672,11.208488
204.709761,110.604719,4.466861,11.779243
204.849662,110.571301,4.155332,11.949859
205.343620,110.766743,4.165243,11.508352
204.743945,109.638112,4.591759,11.868237
204.299180,109.839865,4.529119,11.688053
203.468231,109.940267,4.808745,11.800759
203.994190,110.253542,4.982470,12.149267
203.589593,110.431072,5.031459,11.977454
202.932754,110.806168,5.196431,11.790939
202.807420,110.419391,5.071479,11.360453
202.605017,109.800596,5.337425,11.882837
203.044768,110.355459,4.639662,11.575724
203.334437,110.322748,4.809288,11.962755
202.838003,109.570613,4.905221,12.155627
201.664154,110.105240,4.777269,12.082654
201.792845,109.545492,4.296833,12.123458
202.155387,109.805056,4.386706,12.261305
202.169389,109.729755,4.228615,12.050767
201.244747,110.266192,4.521688,12.092756
200.530245,110.221801,4.811585,12.155451
201.242983,109.742115,4.892668,11.854280
200.868540,110.699089,4.767167,11.536736
200.844934,110.815198,4.717431,11.700589
200.743863,110.072587,4.575286,11.614661
200.632045,110.503025,4.532348,11.335663
200.892047,110.371087,4.661782,11.188294
200.204875,110.843276,4.583732,11.541052
201.030151,110.286943,4.629699,11.236169
200.615748,110.735987,4.593015,11.655376
200.663648,110.196257,4.743751,11.290899
201.030589,110.357027,4.822781,11.474827
201.690065,110.454969,4.796230,11.533626
201.594555,110.293320,4.462175,11.802325
201.439984,110.055903,4.368717,12.013629
201.726118,109.677383,4.615363,11.747910
202.215598,109.608693,4.323720,11.972863
202.491488,109.835444,4.330307,12.290226
202.226245,109.671225,4.496798,12.204022
203.030928,109.966219,4.797841,11.786177
202.512138,110.359703,5.155657,11.968978
203.058739,110.677584,5.579911,11.843406
203.237295,109.984866,6.442874,12.181551
203.684926,110.093084,5.563896,11.979646
203.133178,108.986195,5.887936,12.664482
202.919116,109.583418,6.032689,12.208116
204.408797,110.292423,5.770378,11.865355
205.266301,110.192504,4.884537,11.966918
205.705807,109.117915,4.636382,12.411145
205.231814,109.640836,4.499782,12.032235
206.605495,109.677937,4.217691,11.872042
206.755208,109.585824,4.318493,12.415093
206.515791,109.286358,4.442714,12.421709
206.479118,110.101642,4.421898,12.406358
206.716906,110.219933,5.104252,11.972534
207.566886,109.797703,5.043284,12.308198
207.561980,109.297961,4.755004,12.440381
208.021292,109.873968,4.757528,11.493706
208.846448,109.314050,4.467574,11.846991
208.736269,109.888799,4.304743,11.628641
209.132256,110.063956,4.324868,11.388078
208.841348,109.729430,4.326446,11.987379
208.755752,109.543314,4.384274,12.175338
209.703186,109.422302,4.161288,11.566213
209.618619,109.421248,4.577026,12.233291
209.784341,109.032630,4.679115,11.949185
209.953320,109.742479,4.642874,11.818483
210.456786,109.314612,4.659626,11.908010
210.154915,110.019303,5.418304,11.681282
210.450753,108.776568,5.255790,12.372478
210.358195,109.499122,5.239810,12.112194
211.431046,109.166083,4.759791,11.585689
211.335044,108.799132,4.552458,12.268543
211.844613,109.019476,4.371884,12.046885
212.332518,109.551338,4.488022,11.641850
212.729673,109.257391,4.125175,11.698962
212.946054,108.736008,4.272939,12.517174
213.218377,108.889936,4.560632,12.104857
213.850969,109.854657,4.618932,11.162099
213.353511,109.760492,4.701015,11.292150
213.329955,110.328774,4.762916,11.172276
213.687799,109.939260,4.542716,11.025146
214.151442,110.118040,4.373783,10.766300
213.264034,109.488811,4.858671,11.066904
212.436309,109.934385,5.702551,11.293535
212.555541,109.618759,5.170714,11.532659
212.413895,109.718554,4.663414,11.221200
212.664647,109.849478,4.411258,10.949227
211.871238,110.153344,4.640098,11.391129
211.855808,109.686215,4.301887,11.567705
211.293716,109.741109,4.081640,11.180088
211.397505,110.069080,4.301212,11.394938
210.705143,110.280103,4.654568,11.252243
209.595650,110.494420,4.906658,11.225491
210.205869,110.446066,4.791549,10.949792
209.863062,110.707717,4.667934,10.896882
209.325274,110.518077,5.143620,10.510627
209.204882,110.243260,4.386405,10.616477
209.598246,109.631587,4.357018,11.149454
208.315773,110.611703,4.421616,10.816126
207.867231,110.001859,4.661008,11.127635
206.717820,110.059450,5.201361,11.099874
205.651271,110.051226,6.426262,11.318973
205.973393,110.268255,5.918489,11.460140
205.398830,110.565075,5.820755,11.430882
204.788152,110.788020,5.774798,10.521452
204.360857,110.499098,4.995128,11.053994
203.993076,110.736336,4.556674,10.673616
203.833926,110.353299,4.491484,11.150396
202.568767,110.692347,4.505532,10.967114
202.627882,109.790899,5.825346,11.278556
201.198026,110.370895,6.858235,11.096483
200.554159,110.549137,7.093170,11.746022
199.719804,110.876825,6.502829,10.962637
199.788139,110.553178,5.078991,11.746432
199.832059,109.898194,5.411246,11.889750
199.239967,110.501069,4.989547,11.679734
199.551334,109.925957,4.482844,11.705845
198.979439,110.146733,4.618601,12.060473
198.297122,110.235652,4.784253,11.770477
198.184713,109.739651,4.976211,11.816685
197.263559,109.986994,5.352431,12.127357
197.767245,109.527651,5.405659,12.090907
196.832895,110.079583,5.223379,11.947744
197.154823,110.130028,4.561521,11.583803
197.334441,109.303015,4.812016,12.438787
197.323753,109.672709,4.646392,11.912077
196.874170,109.765782,4.175125,11.364806
196.939557,110.273044,4.331350,11.452785
196.495042,110.393385,4.614751,11.716001
196.978491,109.989873,4.673365,11.667465
197.682385,109.426493,4.994731,11.902345
196.873083,109.386382,5.313074,12.068084
197.148849,109.548768,5.241240,11.965877
197.555841,109.325107,5.032290,11.495054
197.240596,109.215954,5.143270,11.722275
197.345783,110.585090,4.997137,10.740582
198.088703,110.521809,4.638418,10.591784
197.083487,111.220048,5.410963,10.557184
197.373190,110.745610,5.609200,10.608915
196.629854,109.944999,6.068026,11.002869
196.981510,110.333611,5.696085,10.932301
196.928437,110.686774,5.676424,10.354034
197.321334,111.431512,5.597450,10.160156
196.845840,110.741617,5.531052,10.763315
197.494580,110.614397,5.170344,10.414061
197.561687,110.542142,5.056601,10.737882
197.808932,110.726472,5.176682,10.790245
198.160193,110.872224,5.224931,10.966230
197.658839,110.368660,5.488543,11.297794
197.491942,110.645438,5.413637,11.167205
197.133523,110.941819,5.187406,11.155401
197.241968,110.165781,5.022010,11.648968
197.189383,110.374758,4.654102,11.846094
196.390009,110.423060,4.520239,11.504323
197.089141,109.608295,4.358851,11.726234
196.681760,109.754969,4.401969,11.856465
197.271960,109.653181,4.218346,12.121265
196.772141,109.809048,4.495981,12.184509
197.056714,109.288998,4.289633,12.356427
197.235821,110.064673,4.353861,12.147014
197.421527,109.798401,4.411535,11.992856
196.555149,109.548878,4.675944,11.679806
197.319854,110.268183,4.538102,11.509254
197.392864,109.590271,4.796202,11.580162
197.151466,110.406932,4.973862,11.707973
197.911751,109.999551,4.993633,11.223076
198.123494,109.982979,5.405642,11.257239
198.103504,110.255227,5.040506,10.868112
197.930460,110.023921,5.564352,11.096302
199.435086,109.892031,4.309940,10.607241
198.643368,110.703221,5.167786,10.714122
200.202031,109.027946,4.932643,12.421124
200.284677,109.991674,4.713942,10.901963
201.901860,108.379290,4.143409,12.061214
203.272114,108.265836,4.166922,12.134149
202.977864,107.870065,4.024641,12.103352
204.555802,108.717535,3.910059,11.951597
204.016141,108.257869,4.748508,12.695599
206.162112,108.650382,4.285848,12.135723
205.413224,109.212308,4.750129,12.114199
206.183770,109.974432,4.841170,10.969476
205.690016,110.889885,4.506540,10.690627
206.280881,110.464547,4.429178,10.884525
206.666781,109.993293,4.457747,10.986023
206.245026,110.485614,4.191405,11.105450
206.181258,109.766927,4.716537,11.499699
205.178617,108.271520,4.687393,12.500507
205.807004,109.331790,4.671909,11.952398
206.122274,109.707099,4.273209,11.772667
205.377084,109.515881,4.520216,11.668318
204.792287,110.029412,4.709550,11.495997
205.347325,109.132342,4.496293,11.844439
204.842305,109.744464,4.350109,11.530480
204.738753,109.369818,4.065970,11.861846
204.600524,109.840706,3.986109,11.728365
204.316410,109.758529,4.098157,11.180267
205.052114,110.008719,4.150944,11.669200
204.888325,110.044639,4.319253,11.159945
204.941976,109.694144,4.237536,11.350405
204.663128,110.339340,4.471937,11.470810
204.715963,109.861284,4.489020,11.158100
204.758595,110.046296,4.609364,11.397268
203.695149,110.035821,4.630078,11.637691
204.269967,109.741010,4.526863,11.358891
204.133870,109.811688,4.588948,11.347533
203.793952,109.782131,4.639219,11.672709
204.142093,109.239575,4.424502,11.797608
203.648958,109.519365,4.376108,11.722910
203.985490,109.390877,4.505268,12.348667
203.977787,109.339761,4.337481,11.864622
203.195566,109.710648,4.521139,11.973390
204.070915,109.870936,4.207459,11.702844
203.361063,110.393517,4.293699,11.739170
203.920288,109.907410,4.211603,11.547600
204.247386,109.675789,3.865563,11.619303
203.775785,109.769396,4.146939,11.751607
204.077023,109.147119,4.382074,12.312688
204.523520,109.614216,4.335604,12.590172
203.688121,109.949405,4.325437,11.760189
204.553964,110.035276,4.749078,12.260968
204.808661,109.709545,4.773077,11.692995
204.924059,109.290440,4.743164,12.044077
203.864795,109.383138,5.029705,12.135723
204.588807,109.968035,4.790447,12.438837
205.124069,109.259826,4.722953,12.357635
204.931131,109.483912,4.571124,12.360807
204.690333,110.034517,4.436609,11.907907
204.925041,110.031349,4.468152,11.803764
205.627523,109.623858,4.374822,12.202782
204.946809,109.303217,4.593517,12.409621
204.672509,109.052005,4.520403,13.013967
205.266495,109.496814,4.824881,12.542616
204.676191,109.331417,4.608050,12.543164
205.797512,109.447191,4.583731,12.607974
205.379491,109.759898,4.598861,12.575043
206.051466,108.904908,4.293425,12.574223
206.038066,109.762292,4.539237,12.578491
205.785663,108.709700,4.536994,12.683419
205.817117,108.966297,4.441446,12.023736
206.404063,109.804012,4.354476,11.947666
206.564970,110.061974,4.270890,11.927535
206.712770,109.104669,4.334651,12.018960
206.711550,109.451542,4.323895,11.662257
206.855218,109.410825,4.401076,11.990917
206.703719,110.323175,4.372399,11.853965
207.340019,109.181283,4.609506,12.625736
207.316851,109.760730,4.557667,11.821475
206.904584,109.729550,4.611876,12.012890
207.438760,109.515532,4.776612,12.166180
208.064802,109.970917,4.925165,12.017772
208.110584,110.319627,5.175807,12.062599
207.599545,110.233362,4.993473,12.129503
207.908827,110.069723,4.959641,12.239286
208.462354,110.045483,4.673634,11.884944
208.079182,109.975898,4.433981,11.628591
208.182609,110.328649,4.546380,11.229336
208.177671,110.433252,4.544596,11.780866
208.860557,110.057880,4.529627,12.118989
208.234602,109.558557,4.767285,12.545815
208.737107,110.108401,4.807620,12.080510
208.369178,109.487975,4.801023,11.913120
209.049638,109.563862,4.932661,12.116556
208.543019,110.123057,4.878440,11.861990
209.241975,109.176917,4.808241,12.204264
208.890210,109.636813,4.705433,12.059663
208.394915,109.924834,4.792126,12.155081
208.935124,109.373441,4.852038,11.806040
208.521833,109.431574,4.763884,12.189422
208.919917,109.943778,4.768488,11.970079
208.372073,110.419399,4.726775,11.937440
208.877007,109.575777,4.716595,12.059508
208.473539,110.152113,4.654175,11.886227
208.544464,110.193584,4.330623,11.817959
208.772303,109.724785,4.450252,11.686367
209.225178,110.007832,4.465860,11.864697
209.139975,110.061428,4.501247,11.704286
208.936717,109.891906,4.560567,11.926129
208.768909,109.994152,4.453573,11.709332
208.945253,110.064296,4.608875,12.161281
208.805419,110.187557,4.463557,11.852874
208.533657,110.068795,4.607562,11.919137
208.574555,109.944222,4.386448,11.841930
208.779709,110.282045,4.495365,11.864616
208.396878,110.153685,4.431616,11.962134
208.158793,110.096887,4.479192,11.920560
208.791052,109.844792,4.410944,12.111351
208.478348,109.549205,4.406338,12.226424
208.264383,109.712752,4.351398,11.927866
208.560305,109.983456,4.533917,12.077620
208.130958,109.770370,4.598693,12.211021
208.784419,109.858456,4.318158,11.962816
208.925384,110.012112,4.536873,12.256788
208.593061,110.017482,4.443934,12.090992
208.148238,110.031092,4.403275,11.900240
208.303072,110.334567,4.433901,12.004233
207.827321,110.022566,4.458788,12.276502
208.368533,110.055231,4.235359,12.072625
208.322958,109.305714,4.512647,12.130760
207.933117,109.963121,4.522172,12.351760
208.630950,109.911268,4.468876,12.143243
208.131624,109.794352,4.546289,12.111114
208.634148,109.893956,4.379473,11.881766
208.742246,110.114364,4.514413,11.951923
208.343847,110.130467,4.403681,11.953259
207.763725,109.944206,4.437129,12.155272
208.277193,109.971722,4.401872,11.999470
208.694092,110.170994,4.320464,11.718905
208.667788,109.158402,4.534682,12.304721
208.216693,110.007140,4.578259,12.231709
207.924819,109.926257,4.489545,12.172157
208.565068,109.742380,4.470584,12.232059
208.124675,109.694363,4.432032,12.149945
208.613722,109.628854,4.351210,12.101967
208.288051,109.171036,4.510144,12.432731
207.795332,110.137125,4.508768,12.240924
208.151572,110.292309,4.320067,11.940100
208.129182,109.420495,4.472162,12.257751
208.605892,109.423078,4.375090,12.041737
208.003712,110.041889,4.601711,12.370004
208.253780,109.489527,4.596265,12.111445
207.822088,109.350817,4.611080,12.150472
208.430214,110.363840,4.490849,11.968422
207.988284,110.059020,4.586554,12.224835
208.572388,110.142459,4.299957,11.960101
208.471085,109.522605,4.433967,11.941036
208.114043,110.046727,4.460182,12.459985
208.801685,110.082138,4.335484,12.093890
208.872723,109.623184,4.487095,11.926156
208.401699,109.490895,4.509458,12.029575
208.046828,109.506460,4.523427,11.932763
208.579892,110.594381,4.292633,11.765325
208.636861,109.686417,4.485743,12.117010
208.355795,109.746325,4.340091,11.949425
208.344399,110.136206,4.524082,11.860813
207.927109,109.858749,4.356708,12.232749
208.488780,109.831709,4.362842,12.042195
208.653546,110.263991,4.522112,11.999118
208.419323,109.971614,4.490861,12.238594
208.398113,110.044201,4.423831,11.961927
208.056468,109.793711,4.434316,12.212410
208.723573,109.660416,4.364243,12.224024
208.467586,109.652104,4.547241,12.018909
208.160378,109.075003,4.577099,12.453640
208.265159,109.608078,4.463115,12.081947
208.742616,109.613755,4.366045,11.908606
208.723927,109.966614,4.580980,12.019842
208.587084,109.880628,4.441015,12.061710
208.254692,109.441663,4.486459,12.380343
208.865920,109.308963,4.518865,12.229580
208.415794,110.208468,4.545342,12.158453
208.262077,109.849311,4.495943,12.331980
207.994461,109.968543,4.549250,12.033756
208.630172,109.972129,4.409116,11.866947
208.695668,110.379375,4.389844,11.867324
208.725821,109.527363,4.580873,12.133829
208.476371,109.358919,4.369034,12.133698
207.912284,110.259124,4.557644,12.056823
208.691554,110.231500,4.461155,11.974738
208.191119,110.028986,4.640668,12.141863
208.344759,109.313052,4.653322,12.100133
208.581221,109.625964,4.617168,12.099155
208.340872,109.289622,4.519762,12.276010
207.821030,110.029743,4.578057,12.312703
208.042796,109.041676,4.761103,12.602053
208.385682,109.578396,4.757323,12.167470
208.680324,109.868278,4.629967,12.079697
208.595627,109.296545,4.581042,12.537608
208.993812,109.720021,4.657619,12.241798
208.482420,109.651624,4.771931,12.563189
208.759788,110.191838,4.670092,12.122148
208.205271,109.560080,4.552956,12.091968
209.513474,109.502724,4.495417,12.008160
208.715258,109.080385,4.581698,12.281458
208.261671,109.574208,4.675895,12.007522
208.219573,109.658172,4.397844,11.749284
208.578270,110.073245,4.548450,11.717493
208.554622,109.935826,4.473813,11.848063
208.457007,109.970298,4.437720,11.635111
208.885301,110.611999,4.599982,11.476120
209.105788,110.064569,4.658155,12.142852
208.608131,109.492174,4.714366,12.015146
209.411529,109.845439,4.788792,11.993276
208.909784,110.201265,4.779937,11.948823
208.571720,109.655126,4.769741,11.820183
209.319377,110.406114,4.617970,11.351006
209.009841,109.316732,4.591493,12.164254
209.207613,110.255580,4.477404,12.089634
209.365329,110.289601,4.330901,11.940614
208.947719,109.339887,4.559910,12.382858
208.868169,109.790348,4.569457,12.052481
209.354738,109.790268,4.449941,11.942323
208.763250,109.933586,4.411686,11.620495
209.726176,110.089670,4.503019,12.054327
209.032790,110.251289,4.574769,11.697262
209.555612,110.148415,4.485542,11.803631
209.103469,110.083854,4.492881,11.953072
209.688677,110.204140,4.442307,11.770013
209.776240,109.635408,4.450099,11.700002
209.129498,110.670456,4.302231,10.862792
209.927004,110.071548,4.389515,11.861917
209.419700,109.651103,4.493236,11.795109
208.781355,109.839412,4.715621,11.722719
209.254408,110.003709,4.790226,11.583645
209.057487,109.931221,4.844509,11.806581
209.688848,110.434728,5.017430,11.845186
209.526860,109.615444,5.078017,12.310818
210.150193,109.773634,4.520793,12.053905
210.220604,109.605515,4.701146,12.203310
210.279594,110.006409,4.915405,12.236330
210.204443,110.380996,4.671448,11.803355
209.976719,110.267471,4.600688,12.071187
210.937175,110.545514,4.430863,11.900503
211.367814,109.848051,4.401067,12.592827
211.071268,109.516824,4.388670,12.418939
212.088161,109.636530,4.076500,12.116506
211.426504,110.385342,4.287197,11.997140
211.724629,110.116324,4.436077,11.709883
212.661797,110.567668,4.777457,11.895898
211.554972,110.335185,4.938836,11.702333
211.665628,109.518256,5.865191,12.209153
211.977191,109.396273,5.541046,12.269924
212.692866,110.170349,5.449609,11.773642
212.569124,109.381386,5.897208,12.063359
212.667358,110.151863,5.228069,12.247572
213.366946,109.488599,5.080307,11.853261
214.200854,110.198912,4.494339,11.835322
215.143624,110.076051,4.142475,11.391900
215.227372,109.689472,4.021288,11.676284
215.590699,109.383629,4.163055,12.110929
215.858693,109.897082,4.353005,11.884748
215.341923,110.600457,4.393631,11.645765
215.708268,110.274594,4.378078,11.335258
216.256513,111.207136,4.227218,10.989510
216.782913,109.360928,4.257560,11.716930
216.931704,109.595069,4.234329,11.498384
216.753537,109.584012,4.189095,11.939918
217.092122,109.804290,4.115255,11.336462
217.282341,110.387164,3.898621,11.436375
217.388644,108.919212,4.036107,12.427592
217.778482,109.018315,4.336941,12.091290
218.257700,109.130086,4.222094,11.773747
217.619967,109.072877,4.524251,11.897839
217.775294,109.759908,4.331008,11.846310
218.481336,109.695902,4.706636,11.834874
218.230235,109.012845,4.582181,11.678276
218.110509,109.562856,4.447606,11.384277
218.653680,109.879184,4.267004,10.842086
218.891428,110.255313,4.098335,11.145716
219.240383,109.287577,4.170148,11.491182
219.978868,109.826095,4.046073,11.468795
219.877353,109.450133,3.951679,11.116580
220.204531,108.868808,4.251531,12.028680
219.511758,110.133286,4.514766,11.605991
219.884887,109.757693,4.332478,11.927656
218.974817,110.312592,5.617888,11.173231
219.655779,108.793095,4.196456,12.284512
219.848865,109.669323,4.434984,11.872705
220.037808,108.528967,4.333066,12.237789
220.178924,108.897558,4.407111,11.814435
219.689673,109.670693,4.481048,11.825440
219.534813,108.764583,4.577062,11.970545
219.716050,109.034849,4.611023,11.888597
219.921299,109.204191,4.479952,11.913918
220.011693,108.875571,4.817415,12.504930
220.138507,109.193628,4.578584,12.190842
220.106702,108.977089,4.618083,12.501540
219.390788,108.818824,4.707585,12.246402
219.880133,108.916480,4.604403,12.489267
219.390799,108.709306,4.551340,12.206079
219.325759,108.484722,4.458641,12.452351
219.224783,107.898753,4.434067,12.954459
219.470459,108.496216,4.413465,12.398415
219.403551,108.164257,4.380238,12.722942
219.121281,108.812248,4.369786,11.785033
219.342448,109.179575,4.404431,12.163968
219.101848,109.011114,4.443272,12.370035
219.834907,109.424784,4.351350,11.861819
218.886167,108.473858,4.722044,12.574635
219.105392,108.850354,4.402798,12.487813
219.471525,108.865969,4.605239,12.474730
219.493740,108.336030,4.465208,12.418629
218.811817,108.568574,4.454805,11.961306
218.967632,108.632170,4.439788,12.264309
218.960856,108.488021,4.398180,12.567150
219.004162,108.846609,4.263520,12.178044
217.860842,109.893296,5.448472,11.549150
217.659134,110.239466,4.733846,10.654246
216.954450,109.412363,5.272114,11.986474
216.841342,109.712386,5.463856,11.969288
217.375156,110.079213,5.549910,11.307400
216.711258,109.993354,5.774751,10.952914
215.960836,110.840443,6.564653,10.778111
217.033993,109.265199,5.224212,12.288264
215.409718,108.983411,9.006755,11.977080
216.237597,109.374593,8.879714,11.923580
216.150337,108.935384,4.939609,12.515438
215.725205,109.296073,4.819394,12.006701
215.906305,109.427511,4.168166,11.612149
215.959209,110.125405,3.872573,11.318547
216.300435,110.442855,3.976927,11.067150
215.503361,110.064476,4.344501,11.813084
215.671698,110.284895,4.257132,11.534964
215.910909,108.708975,4.266884,12.244344
214.868374,109.717915,4.679440,12.128486
214.990135,109.494115,4.614645,12.235083
215.148510,108.964729,4.351083,12.514967
215.642291,109.007526,4.548040,12.631267
215.675881,108.660944,4.591709,12.591691
215.783778,108.980207,4.544146,12.785910
214.763476,108.593806,4.806699,12.656932
215.470722,108.850527,4.687941,12.402924
215.435542,108.206681,4.594616,12.538895
215.511026,108.865568,4.519783,12.454138
215.567518,108.095638,4.564000,12.740571
215.718251,108.454745,4.400655,12.710505
215.171957,108.371686,4.626259,12.807141
215.234508,108.500694,4.593743,13.119264
215.014477,108.820094,4.441973,12.579149
215.208493,108.856753,4.980357,12.543359
214.891235,109.006483,4.673957,12.383421
215.022805,108.042043,4.511859,12.994711
215.057822,108.689837,4.498323,12.672078
215.012470,108.552708,4.524711,12.333099
215.504102,108.291221,4.570301,12.794736
215.385109,108.752754,4.566471,12.732188
215.257535,108.218307,4.591187,12.737454
215.225211,108.624066,4.565742,12.664997
215.204881,109.138152,4.675848,12.547936
215.265908,108.551864,4.623565,12.688137
215.309862,108.879968,4.574339,12.766408
215.218164,108.390199,4.508668,12.764482
215.338079,109.042292,4.521116,12.470851
215.427661,108.604605,4.527466,12.550098
215.466499,109.440946,4.558434,12.256271
214.886192,108.009571,4.605925,13.062745
215.295321,108.378514,4.538278,12.531240
215.350585,109.607058,4.463257,11.844498
214.660990,108.574308,4.628439,12.305549
215.713000,109.274422,4.581101,12.168701
215.260688,109.032403,4.578415,12.564351
215.304786,108.715462,4.411429,12.276487
214.731970,108.658253,4.698752,12.564794
214.774004,109.055342,4.541796,12.655663
214.742783,108.964607,4.486328,12.334459
215.145434,109.096389,4.586669,12.385205
215.113660,108.589790,4.502515,12.479664
215.550470,108.541254,4.653177,12.705802
215.609339,109.105676,4.587697,12.662316
215.522838,108.999272,4.532241,12.310363
214.823986,108.637908,4.714031,12.854839
215.363622,108.862031,4.791006,12.519562
215.465233,108.201418,4.515790,12.767620
215.484487,108.628183,4.430866,12.790356
215.372362,108.684293,4.515156,12.101045
214.719589,108.345018,4.590250,12.679832
214.703374,109.060837,4.417553,12.453599
215.082525,109.330296,4.628385,12.240857
215.174559,109.057648,4.463149,12.200777
215.574106,108.286529,4.701220,13.352417
215.023468,108.583761,4.674994,12.592315
215.119643,109.336388,4.510285,12.405961
215.510956,108.542204,4.574048,12.271905
214.929913,108.438190,4.680099,12.575011
214.906083,109.040322,4.466729,12.451940
215.306455,109.491105,4.620141,12.042721
214.908384,108.337560,4.505547,12.474939
215.351617,108.383239,4.543587,12.586665
215.380075,108.752683,4.433686,12.743505
215.414190,108.126740,4.497942,12.810384
215.629767,108.867242,4.355514,12.422633
215.050941,108.803843,4.662269,12.609943
215.309594,108.480964,4.401274,12.473618
214.672081,108.402195,4.642026,12.741281
215.777075,108.999979,4.638820,12.631151
214.706766,108.311376,4.828465,12.966122
215.418453,108.518219,4.628250,12.638309
215.668599,109.068712,4.441173,12.551389
215.140434,109.016280,4.622896,12.650298
215.252903,108.487949,4.504382,12.646223
215.453018,109.067565,4.344802,12.428908
214.800982,108.968067,4.689075,12.682237
215.098405,108.596877,4.383327,12.572007
215.589404,108.584236,4.664980,12.677151
215.834446,109.282633,4.365276,12.467438
215.241345,108.545121,4.552475,12.220275
214.895909,108.737633,4.601574,12.279500
215.124369,109.206602,4.386159,12.494028
215.503827,109.214937,4.602683,12.638358
215.626182,108.938623,4.482153,12.399056
215.007418,109.051558,4.699840,12.391137
215.227368,108.690956,4.433447,12.427795
215.681722,108.571562,4.739756,12.786393
215.209751,108.579188,4.752565,12.731785
214.869442,108.753300,4.685232,12.460370
215.009455,109.490760,4.393896,12.266167
215.366954,108.388614,4.646567,12.575766
215.539930,108.795620,4.537608,12.700664
215.624006,108.584657,4.526814,12.479204
215.606680,108.850536,4.531164,12.732796
215.760906,108.453803,4.568232,12.610298
214.526994,109.311059,5.006139,12.303272
215.340466,109.478717,4.588469,12.319503
215.431419,108.772753,4.452457,12.757264
215.584784,108.358256,4.446607,12.638842
215.044733,108.068132,4.662169,13.038940
215.649908,108.535003,4.577013,12.503691
215.858536,108.865624,4.428276,12.717335
214.867337,108.348476,4.797384,12.734621
215.537651,108.433331,4.667521,12.695103
215.785413,108.958043,4.442203,12.656555
215.421587,108.985462,4.529778,12.696397
215.631572,108.867577,4.436551,12.213436
215.060009,108.724278,4.607622,12.644567
215.206264,108.390357,4.424897,12.495972
215.615508,108.265693,4.618330,12.790958
215.727498,108.793454,4.490196,12.702811
215.860199,108.190142,4.493089,12.905254
214.977004,109.016010,4.718924,12.424346
215.258573,108.375624,4.505112,12.750688
215.508625,109.019232,4.565537,12.516877
215.573885,108.146168,4.633336,13.096466
215.183955,108.400939,4.669895,12.709257
215.533188,109.041641,4.334641,12.493793
215.029323,109.046047,4.563918,12.647775
215.238816,108.546055,4.468213,12.705300
215.263341,109.143984,4.478227,12.659422
215.398718,108.522251,4.565194,12.901254
215.545725,108.891371,4.538670,12.872671
215.712902,108.406724,4.410108,12.756552
215.708590,109.343038,4.359519,12.281124
214.928524,108.597408,4.835917,13.411540
215.294363,108.203708,4.478610,12.892776
215.505401,108.663491,4.428828,12.886700
215.708782,108.306470,4.436903,12.621522
215.166286,108.296691,4.636393,12.692389
215.403651,108.709809,4.475479,12.806182
215.561735,108.173184,4.605037,12.901857
215.657253,108.811643,4.473402,12.600841
215.849789,108.186712,4.414354,12.811644
214.890773,108.603097,4.753025,12.801412
215.518030,108.551153,4.633491,12.864400
215.799774,109.049386,4.393408,12.701108
215.245109,108.847544,4.654484,12.922361
215.046741,108.973230,4.558138,12.670149
215.227790,108.682624,4.468646,12.531391
215.681482,108.575875,4.870532,12.813101
215.582642,108.652044,4.500839,12.657093
215.813920,108.867666,4.393744,12.897364
214.704493,108.178844,4.887716,12.987337
215.718766,108.610929,4.524182,12.366748
215.488923,108.448679,4.445751,12.768625
215.644169,109.104134,4.379380,12.486595
215.388768,109.061860,4.503405,12.656586
215.606064,108.183955,4.436978,13.020331
215.767933,108.826862,4.388962,12.707232
215.271146,108.819654,4.670561,12.830998
215.523614,108.255597,4.481288,12.760152
215.743811,108.407670,4.393861,13.189801
215.799455,108.015956,4.480824,12.835205
214.930222,108.285820,4.833306,13.007420
215.752814,108.827781,4.761102,12.315908
214.968282,109.081137,4.726207,12.770336
215.644763,109.003559,4.615456,12.871106
215.903906,108.210149,4.562572,13.140818
215.013931,109.075332,4.725412,12.573884
215.057703,108.894471,4.500201,12.295676
215.615633,108.782746,4.528819,12.673321
215.988103,108.417970,4.554051,12.600683
215.119811,108.831295,4.841195,12.844753
214.743189,109.253377,4.634187,12.246443
214.890772,108.388801,4.494456,12.867080
215.018496,109.099543,4.476553,12.649380
215.123566,108.395749,4.488306,12.892434
215.283297,109.043861,4.422502,12.640495
215.791015,109.072966,4.733359,12.750173
215.595303,109.486237,4.438556,12.194725
215.121340,108.426839,4.577075,12.423782
215.045228,108.529360,4.616876,12.857111
215.200589,109.237833,4.417289,12.477727
215.638816,109.175752,4.593300,12.679871
215.755787,108.665275,4.527173,12.692295
214.657270,108.308764,4.849138,12.552234
215.457967,108.343120,4.587089,12.708324
215.644487,108.842416,4.422648,12.691876
215.210464,109.124166,4.551570,12.490154
215.230136,109.102006,4.549092,12.091418
214.861323,108.684408,4.609338,12.869936
215.000022,108.567920,4.500387,12.420935
215.523464,108.160120,4.623463,13.180000
215.132634,108.531690,4.620489,12.555997
215.264262,109.199760,4.477178,12.394192
214.727149,108.936516,4.758729,12.912210
215.300924,109.044606,4.621961,12.671352
215.342766,108.756628,4.573953,12.559180
215.469333,108.439779,4.454673,12.537075
214.874233,108.447129,4.666772,12.617971
215.208551,109.462871,4.330575,12.264165
215.626013,108.053360,4.603662,12.979331
215.804048,108.693816,4.363405,12.700192
215.277682,109.017769,4.597120,12.376114
215.484020,108.429207,4.602401,12.701255
215.728470,108.971706,4.325943,12.622856
215.067952,109.576180,4.641290,11.983496
215.566133,108.563556,4.578832,12.391293
215.842042,108.823046,4.372697,12.749061
215.220972,109.449239,4.619038,12.144076
214.815758,108.792775,4.590384,12.065605
215.342298,108.651646,4.690032,12.631109
215.488346,109.260576,4.471747,12.551991
215.055520,108.721076,4.515405,12.039107
215.534304,108.525737,4.803497,12.567556
215.206631,108.747517,4.625000,12.351946
215.352280,109.529064,4.360524,12.146813
214.948783,108.807770,4.480131,12.056697
215.475250,108.254698,4.613506,13.035922
215.246419,109.130081,4.368995,11.862828
215.275000,108.804447,4.512679,12.125548
214.687069,109.062244,4.615742,12.155572
215.237773,109.126970,4.563494,12.360003
215.393713,108.725372,4.457342,12.439799
214.955218,109.290705,4.616457,12.020684
215.486533,109.241403,4.584762,12.428047
215.615398,108.834841,4.472387,12.476929
215.139779,109.005397,4.688766,12.455958
215.345660,109.169654,4.490221,11.842074
214.795876,109.777645,4.429609,11.591997
214.859475,109.226152,4.539836,12.113899
215.400577,109.055993,4.760486,12.644892
215.070477,109.738777,4.662405,11.888374
215.543138,108.337672,4.653539,12.653996
215.654617,108.963031,4.529253,12.484057
215.590948,108.687156,4.669052,12.311657
215.696874,109.441591,4.512855,12.113691
215.059008,109.400955,4.717470,12.383918
215.197447,109.866515,4.461850,11.396327
215.122575,109.265837,4.581973,12.130310
215.650695,109.189582,4.476973,12.533922
215.064427,109.124985,4.675584,12.765628
215.456932,109.550544,4.360991,11.718057
215.389349,109.319503,4.482905,11.897923
214.735173,109.700353,4.671513,11.792474
215.264750,108.610015,4.575091,12.261895
214.649847,109.083416,4.604064,11.914404
215.176569,109.300290,4.484451,12.050411
215.546752,108.976818,4.724637,12.762960
215.187004,110.032159,4.344950,11.550097
215.133247,109.384927,4.565341,12.217085
215.635975,109.705128,4.516036,12.159079
215.135560,109.421288,4.573085,11.616894
215.613246,109.069145,4.554955,12.561980
215.542865,109.209454,4.494329,12.007338
215.237334,109.265155,4.511645,12.256227
215.687345,109.314654,4.563616,12.466843
215.698352,109.349801,4.499716,11.982425
215.234801,109.442861,4.556714,12.204654
214.767358,108.563495,4.572999,12.248234
215.397613,108.763467,4.526310,12.218934
214.779227,108.797966,4.723957,12.294240
214.909989,109.548573,4.367650,12.136761
215.315629,108.587508,4.583230,12.392025
215.534707,109.197986,4.359740,12.388556
214.851301,109.228061,4.727410,12.424580
215.065782,108.846817,4.617604,12.341636
215.098445,109.207114,4.442163,11.575775
215.206382,109.319283,4.449363,12.508481
215.576447,108.568704,4.647969,12.256014
215.687433,109.159823,4.383153,12.272594
215.340786,109.364274,4.578209,12.248906
214.964052,109.326601,4.630445,12.508941
215.004335,108.432283,4.608916,12.891352
215.030895,109.021130,4.502617,12.659411
214.982733,108.956828,4.575573,12.179628
215.453897,108.824495,4.613048,12.636991
215.665781,108.275827,4.535968,12.780464
215.800915,109.059355,4.491943,12.338325
215.369211,109.063621,4.549011,12.535254
215.462997,109.020015,4.411682,12.098354
214.913990,109.117379,4.620429,12.211431
215.141756,108.407940,4.496301,12.694346
215.296183,109.139339,4.391251,12.429333
215.757429,109.057340,4.622842,12.748271
214.782662,108.586676,4.832233,12.815031
215.504882,109.092892,4.571275,12.134348
215.001741,109.011138,4.635893,12.453233
215.464529,109.147662,4.351071,11.888452
215.438583,108.740001,4.557384,12.175355
215.022965,109.077355,4.598149,12.116269
215.616871,108.940140,4.643821,12.607113
215.753614,108.438478,4.580302,12.649789
214.842821,109.111798,4.733449,12.541555
215.085948,108.880194,4.423915,12.332607
215.497279,108.978194,4.559659,12.435511
215.758817,109.181104,4.445592,11.807406
215.851772,108.504334,4.539408,12.459797
214.898728,108.994474,4.811725,12.582716
215.518614,109.453364,4.572834,12.210721
215.076165,108.375722,4.611227,12.545436
215.084800,109.238147,4.421313,12.043327
215.595117,109.544152,4.516365,12.039789
215.115897,108.919534,4.599782,11.813471
215.613075,108.516608,4.692979,12.711354
215.793665,109.490947,4.414932,12.090710
215.226325,108.863729,4.614882,11.867159
214.894452,109.058943,4.501984,12.046574
215.513732,109.087020,4.526298,12.364532
214.811844,109.519435,4.740128,11.965549
215.074635,109.365597,4.497524,11.945770
215.534087,108.996849,4.613294,12.660902
215.666389,109.041722,4.460693,12.013029
215.300781,109.269925,4.516665,12.071377
214.808851,109.512344,4.618521,12.160862
215.264387,108.614312,4.596750,12.215657
214.888456,108.561415,4.591965,12.520874
215.012039,109.541531,4.349020,11.993004
214.919126,109.088734,4.608997,12.246735
215.064706,108.913024,4.431942,12.104408
215.544954,108.762060,4.684345,12.664627
215.578068,108.816025,4.519784,12.046545
215.001543,108.679184,4.665081,12.529664
215.212607,109.411866,4.366972,12.246797
215.575375,108.430232,4.592125,12.380729
215.658391,109.219167,4.452882,12.134807
215.035492,109.493920,4.702452,12.054961
214.914878,109.122385,4.610637,12.142018
215.439508,108.968664,4.549959,12.634871
215.351524,108.816681,4.604341,12.188488
214.729813,109.142156,4.680902,12.119345
214.866803,108.854047,4.531645,12.103949
215.254908,109.210051,4.649119,11.953520
214.536876,109.542371,4.782932,11.865979
215.527515,108.917277,4.702246,12.378991
215.570527,109.367711,4.535563,11.513367
215.510323,108.955805,4.530829,11.903275
214.788294,108.793617,4.687897,12.444320
214.733944,108.855878,4.595624,11.993453
215.193343,108.613624,4.668731,12.627251
215.080750,109.507099,4.567191,12.176852
215.549266,108.278453,4.648535,12.684114
215.616535,109.408493,4.393593,11.901047
215.520716,109.366884,4.468089,11.722308
215.591015,109.300447,4.430726,11.688822
215.532653,108.862808,4.481567,12.062241
214.832346,109.217864,4.761361,11.875519
214.949418,109.366180,4.448988,11.514679
214.894677,109.213954,4.553994,11.724089
215.446113,109.469299,4.521330,11.937796
214.910527,109.895912,4.626931,11.783041
215.241325,108.862760,4.648259,12.082568
214.747252,109.576564,4.581287,11.524201
215.222177,109.647109,4.476274,12.016712
215.537520,108.768572,4.622996,12.139019
215.039414,109.117478,4.671988,11.966681
215.603380,109.480776,4.546165,12.042021
215.069980,108.984345,4.571015,11.765802
215.613598,109.242011,4.532229,11.958411
214.943436,109.591006,4.700880,11.798170
215.495708,109.288728,4.585275,12.649814
215.541163,109.307858,4.481585,12.136930
214.865316,109.400995,4.818420,12.224669
215.048271,109.391726,4.475891,11.948913
215.426941,109.108676,4.696868,12.664172
215.473893,108.898247,4.569560,12.324144
215.521955,109.158646,4.435072,11.668598
215.439547,109.792391,4.498168,12.056474
214.937634,108.960188,4.518776,12.063014
215.438274,109.011873,4.684930,12.315763
215.588554,108.903523,4.496003,12.040570
215.024995,108.871125,4.590745,12.382684
215.157980,108.769121,4.531801,12.011667
215.634562,108.629676,4.586974,12.509861
215.927133,109.291079,4.427664,12.384130
215.226688,109.885841,4.690665,11.908883
214.637537,108.899847,4.559626,12.179106
215.031858,109.267150,4.722439,12.064142
215.172294,108.801607,4.433343,12.343659
215.564238,108.820802,4.575676,12.492352
215.508794,108.445662,4.618686,12.398616
215.684395,108.999412,4.442348,12.397428
215.262525,109.349914,4.425828,12.075520
215.689960,109.298780,4.606904,12.441183
215.737661,108.990082,4.479404,12.273448
215.222980,109.149822,4.617722,12.196623
215.267300,108.962397,4.498144,12.057648
214.734955,109.077521,4.624075,12.385131
214.842637,108.943541,4.560968,12.090060
215.184088,108.368786,4.867211,13.152510
215.417509,109.804714,4.559078,11.822736
214.925625,109.007671,4.647573,12.011326
215.194672,109.111467,4.583864,12.351030
214.929419,108.959065,4.652716,12.052857
214.826503,109.603431,4.963820,11.662267
214.825528,109.562384,4.655616,11.565930
215.160859,109.347503,4.903413,12.358938
214.866585,108.890679,4.338562,11.831390
214.618119,109.463981,4.493861,11.936778
214.985837,109.543080,4.375747,11.930892
214.782202,109.317318,4.609468,11.812157
215.166868,109.239866,4.741769,12.241138
215.661423,109.203563,4.566267,11.661139
215.314568,108.485982,4.580441,12.695623
215.471874,108.907062,4.503322,12.538718
215.729720,108.611841,4.456975,12.463068
215.705628,108.562394,4.309542,12.513107
215.576590,108.869965,4.419469,12.027020
215.711571,108.795664,4.210515,12.289658
216.104347,109.272628,4.452310,12.327494
216.116144,109.624513,4.385413,12.011715
216.663160,108.142228,4.263282,12.734957
216.076418,108.313315,4.521826,12.201795
217.014920,109.075772,4.278123,12.337939
216.836035,109.274173,4.224108,12.054414
217.050290,108.917601,4.182543,11.877398
216.048796,109.139832,4.785720,12.289816
216.649224,108.452674,4.429561,12.275923
216.606943,108.584256,4.460580,12.109899
216.549740,109.131309,4.433415,11.791154
217.199556,109.091834,4.474987,11.669523
217.093712,109.648112,4.521471,11.794674
217.651775,108.492392,4.590701,11.955106
217.541792,108.989148,4.275190,12.300489
217.548518,109.247083,4.261331,11.915331
218.112329,108.332487,4.549789,12.535564
218.076543,109.368418,4.289731,11.783535
218.491797,108.943186,4.324672,12.012214
218.795600,109.607179,4.531671,11.823934
218.916800,108.031947,4.447931,12.812266
218.577333,108.085301,5.226199,12.952185
218.560256,108.049409,5.075618,13.066819
218.532683,108.877885,4.874944,12.264958
219.653165,108.754412,5.031413,12.044551
219.279013,109.008794,4.478923,11.978963
218.904521,109.576556,4.747647,11.478409
219.983294,109.032325,4.917515,12.431911
221.045983,109.507355,4.395984,11.859677
219.802240,108.761623,4.701708,12.267498
220.066551,109.268424,4.269907,11.950107
220.452684,108.645748,4.155803,12.198047
220.978470,108.920297,4.095800,12.351571
220.605461,108.135531,4.237323,12.373016
221.373671,109.108302,4.444153,11.603660
221.483549,109.296581,4.628325,12.050052
221.491660,109.014705,4.790110,12.300676
222.104316,108.291965,5.270577,12.347912
221.674691,108.748532,5.406394,12.080645
221.646634,109.372321,5.404040,11.961222
221.769347,108.642453,5.949866,12.414366
222.515859,109.524192,5.856793,11.909299
222.687454,109.445011,5.390457,12.069797
222.345232,108.670296,5.738060,12.420279
222.925817,109.243462,5.296025,11.677517
223.099974,108.693851,4.788417,12.272565
223.576310,109.237530,4.709699,11.723644
224.069965,108.791364,4.540255,12.194707
224.759479,108.549320,4.546643,12.103136
224.645010,108.623188,4.358399,11.942053
225.198593,108.900995,4.364674,12.212906
225.641593,109.060716,4.499010,11.906687
225.021452,108.847690,4.762187,12.074488
225.388459,109.152776,4.753676,11.999967
225.947450,108.574262,4.604733,11.777975
226.043750,108.875398,5.047432,12.714771
226.328367,108.243501,5.262098,12.474803
226.916913,108.828354,4.903266,11.724057
226.487450,109.042508,4.728781,11.682586
227.109925,107.910764,4.375928,12.569136
227.976908,108.675170,4.280178,12.255304
227.339725,109.012204,4.489726,12.190004
227.226225,108.717776,4.671909,12.323109
228.004493,108.960861,4.826960,11.952704
227.985948,108.984125,5.145538,12.179494
228.175464,108.745326,5.493548,12.232752
228.939900,108.724695,5.817059,12.340702
228.341587,109.005270,5.661078,11.668068
228.397628,108.867135,5.664386,12.294652
229.386475,108.593356,5.362077,12.430787
228.769844,108.757685,5.437523,12.308909
229.534122,108.490601,5.437336,12.430639
229.786678,109.249867,4.974450,11.545550
230.325904,108.435941,4.435854,11.332129
230.733789,108.297013,4.596997,11.518312
231.168505,108.427872,4.297919,11.935061
231.013972,108.155512,4.421831,12.020819
231.588814,108.994264,4.491528,11.576658
232.032806,109.251094,4.319921,11.203053
231.809064,108.852706,4.444076,11.296177
231.108069,108.918371,4.785318,11.564373
231.266371,108.317994,4.483086,11.589478
231.861582,108.187213,4.554756,11.489438
231.815770,109.010871,4.421829,11.719242
231.836365,109.361545,4.416141,11.184794
231.900041,109.403033,4.535780,11.478662
231.928184,108.300172,4.821660,11.555867
232.966839,108.691890,4.457303,11.777081
232.233374,108.627244,4.586322,11.690494
232.559826,108.641109,4.316532,12.048893
233.133694,109.145851,4.497365,11.376003
233.139721,109.122499,4.761064,11.375852
233.013788,108.328608,4.695352,11.627593
232.073641,109.133327,7.923152,11.035973
233.871045,108.432000,5.017092,11.386754
232.712607,108.139865,7.917353,11.562600
234.245995,109.210361,5.190421,11.375802
233.680746,109.237829,7.455444,11.292514
234.477231,109.340260,5.090273,11.095354
242.968626,109.509992,4.700920,12.097221
243.933627,109.027627,5.088855,12.181110
244.698374,109.130568,4.682674,12.062405
244.142771,108.509917,4.685923,12.240264
243.992727,109.257772,4.648934,11.931855
244.707534,108.931815,4.622846,12.293611
243.873299,107.926316,4.737437,12.723542
244.660032,109.130694,4.387322,12.126748
237.430875,108.442816,4.408679,11.553080
237.919503,107.937044,4.649342,11.498231
238.472543,107.094885,4.876872,12.265620
238.872981,107.176341,7.398112,12.394603
245.178433,107.808113,4.161705,13.011739
244.877730,108.599958,4.385875,12.343216
239.616236,107.379678,4.328830,11.687694
239.938891,107.638739,4.284504,11.391232
239.968405,107.456856,4.380739,12.392144
244.037027,107.531225,4.568487,12.842063
244.402871,108.689293,4.229722,12.008176
240.857602,106.514577,4.925049,13.320715
241.137677,107.188635,5.045701,11.664180
243.168957,106.919782,5.198104,13.240093
241.402339,106.374379,5.764119,13.793855
243.229806,108.256214,5.022618,12.749068
242.886434,106.516388,5.674591,14.539762
242.221640,107.231741,5.631212,13.839726
244.388211,108.168935,4.550748,12.827739
243.600729,107.147250,4.873935,13.930797
242.480115,106.661981,5.455608,13.916225
242.623360,107.408973,5.225754,13.442720
243.594969,107.197315,5.060375,13.909161
243.796478,108.182481,4.829061,13.039960
244.369251,107.997851,4.385324,12.957946
244.209626,107.887672,4.507612,13.165663
244.323085,108.514218,4.399049,12.363851
243.495079,107.358364,4.490295,13.145796
244.005248,107.879108,4.771928,13.608137
243.832489,107.542347,4.870433,13.880849
244.107142,107.895759,4.521463,13.001101
243.747335,107.077274,4.705960,13.876217
243.755715,107.175813,4.539620,13.276161
244.095768,106.504234,4.756460,14.358329
244.924394,107.128092,4.624857,13.312346
244.550887,107.358865,4.876663,13.269035
245.040649,108.704414,4.927965,12.593470
244.382619,108.247875,4.546069,12.850484
244.901236,108.250760,4.531685,12.851228
244.289335,107.382864,4.834116,13.933812
245.042172,107.243951,5.024436,13.772797
244.340703,108.011549,4.763353,12.988233
244.506550,107.518365,4.605222,12.841434
245.238013,107.416250,5.013126,14.124804
244.911203,107.692619,4.787931,13.678508
245.134769,107.386950,4.612173,13.572498
245.979597,107.819593,4.343793,13.369978
245.544979,107.494465,4.550828,13.460776
245.598774,107.758152,4.463270,13.790203
245.782657,107.109513,4.438506,13.406061
245.827198,107.998735,4.240698,13.057503
246.157260,106.563681,4.572663,13.620222
246.534448,107.899633,4.845169,13.143406
246.062634,107.315712,4.925721,14.003366
245.731875,107.279245,4.914719,13.240737
245.744598,107.026802,4.997393,14.260408
246.220550,106.984742,4.703067,13.664349
245.853724,107.343056,4.737415,13.739119
245.589287,107.359512,4.702035,13.282065
246.063048,107.475398,4.582993,13.291279
246.393262,107.830147,4.395202,13.095906
246.118983,107.197269,4.629741,13.405083
246.523704,106.867116,4.605516,14.038607
246.440204,107.235967,4.625159,13.950436
246.402488,107.278441,4.585879,13.052721
246.533243,107.985136,4.417956,13.190875
246.499563,107.772921,4.369091,13.083969
246.358431,107.554516,4.418586,12.870698
246.142561,108.027262,4.480689,12.930424
246.126827,107.784624,4.415997,12.529048
246.453642,107.590177,4.345020,12.530454
245.708835,107.196425,4.533286,13.283383
245.965074,107.724682,4.337050,12.581171
245.981795,108.069456,4.607532,12.487489
245.335614,107.557532,4.887118,12.879580
245.434565,107.775101,4.687571,12.828289
245.409288,108.199520,4.670086,12.494273
245.889867,106.967264,5.149437,13.656484
245.535402,107.323746,5.164218,13.339634
245.162035,108.381830,5.239447,12.536285
245.042438,108.077900,5.177875,13.087227
244.790786,108.362381,5.272619,12.712944
244.700036,106.825728,5.231192,14.437305
245.115108,106.202999,5.278649,14.397894
245.267348,106.756163,5.210283,13.961591
244.730514,108.828568,4.879155,11.788136
243.432551,108.944574,4.470563,12.218556
243.705076,108.751719,6.719447,10.546461
244.670645,108.461517,4.493211,12.580853
244.778456,108.521473,4.215253,12.228529
244.695422,109.207611,3.918835,11.546598
243.978798,108.861337,3.923695,12.394447
243.993740,109.747683,5.085959,11.070405
244.092376,108.845625,7.628343,11.929580
251.075287,108.422945,5.051486,15.241734
247.913133,107.758869,5.975407,13.574001
244.474881,108.182538,5.037112,12.703608
247.798388,106.047426,5.194913,17.044765
247.221689,105.154635,5.629125,16.596678
243.334311,107.669080,6.328369,15.846891
242.754287,107.621167,6.371787,15.825078
242.709459,107.952589,6.896626,16.079269
241.868263,109.233858,5.957268,13.180935
241.219007,109.322199,6.615756,15.110531
240.880237,109.709880,5.473433,14.493265
240.602328,108.509974,5.122996,14.407942
239.925489,109.454456,5.058073,14.164310
239.926087,109.487654,4.990871,14.589301
238.534616,109.175473,5.571447,15.605170
238.242078,111.718106,6.070490,12.470664
241.566577,109.285374,4.723688,11.110926
240.171442,109.518142,9.017242,10.418234
236.006289,112.680015,5.944666,12.352798
236.212059,113.000509,4.884968,11.042664
235.113663,111.291511,4.508892,12.916236
234.508339,112.092229,4.619336,12.809665
234.255743,112.511050,4.524027,12.030686
232.306977,111.749046,5.711558,12.727117
231.513606,111.710832,6.615210,12.720376
231.627928,111.578305,6.716272,12.879457
231.252380,111.530941,5.826099,13.116412
230.463719,111.061758,4.893919,13.276828
231.386252,111.799184,4.299096,12.746714
229.306822,111.153519,4.574494,12.652396
229.069986,111.937560,5.282134,10.446635
228.143013,112.567243,4.893628,12.495753
226.973561,111.850192,5.701747,12.971763
227.136780,111.301603,6.431314,13.412016
226.688715,111.317007,6.190949,11.902566
226.327412,110.762184,5.491920,12.561418
226.362779,112.005302,4.684824,11.658037
225.484370,111.644726,4.279274,12.133994
224.777330,112.702678,4.368028,12.121614
224.081964,112.829768,4.357361,11.763316
223.123636,112.214838,5.030509,12.918777
222.525111,112.300191,5.666044,12.534040
222.103618,111.928255,6.483849,12.543525
221.095654,111.463398,6.560019,13.057892
221.565244,113.267116,4.859707,11.675374
221.204631,113.116019,4.162377,11.292332
221.205331,112.369220,4.103813,11.920652
219.974065,112.274776,4.368594,12.428633
220.045835,112.338267,4.118033,12.790610
218.707099,111.943470,4.833867,12.646235
218.035249,112.324179,5.277100,12.723675
217.465552,111.779719,5.552926,12.465622
217.059284,112.689600,5.747002,12.091650
216.508845,112.048571,4.678556,12.202859
217.267846,111.690627,4.462155,12.080726
216.404059,112.395517,4.162716,11.334949
216.326433,112.782510,4.087505,11.261810
215.153597,113.033091,4.364417,12.077810
214.575813,114.006789,4.249355,10.906197
213.367376,113.798370,4.736732,11.639400
212.700001,112.160907,5.106063,12.162928
212.958807,112.824565,5.167152,12.216043
211.932086,113.568245,5.004135,10.983020
212.792054,113.600204,4.714925,10.880886
211.822140,112.915115,4.177018,10.698298
211.925442,112.385547,4.083194,11.150650
211.124848,113.442479,4.191784,11.246613
210.588244,112.699006,4.381595,12.069244
209.594862,112.668244,4.685112,11.920690
209.266067,112.652689,4.775718,11.020017
208.303456,112.615194,5.322115,12.183661
208.628010,112.909041,5.144516,11.552834
207.942462,113.211940,4.783507,10.502667
207.582224,113.157825,4.334159,11.151656
207.959938,112.102205,4.398187,11.941738
206.597703,112.327699,4.489292,11.894301
206.335969,112.220373,4.397473,12.834393
206.148031,113.883774,4.492457,11.050834
205.050974,113.080333,5.197617,11.966844
204.284781,113.757581,5.378869,10.938428
204.732256,112.602903,5.865327,12.172338
203.584384,112.822154,5.426331,12.161313
203.381026,113.996040,4.708132,11.433834
203.198590,112.920534,3.974884,10.525700
203.230429,113.185037,4.104075,11.301684
203.253856,112.337233,3.955391,10.856319
201.613946,113.643329,4.494801,11.891799
201.165201,113.070103,4.625243,11.743378
201.335533,112.960340,5.035571,12.509583
200.071699,113.380586,5.011556,11.816082
200.051457,112.885996,6.087540,12.259379
199.005051,111.267274,5.031708,13.115473
199.095308,113.455921,5.118291,11.413883
199.017528,112.066584,4.884020,12.761812
198.753346,113.627281,4.318448,11.582574
198.143394,112.835988,4.309356,12.197200
197.062432,114.265399,4.273534,10.481210
196.119668,113.208855,5.051386,11.826534
195.987773,112.797611,5.581900,12.006832
195.321804,113.834557,6.038049,11.532638
194.953485,113.016568,6.088338,11.964459
195.356501,114.305726,4.705777,11.125803
194.799102,113.974573,4.205049,11.052643
193.932019,112.710837,4.202154,11.635184
193.879312,112.901701,4.253552,11.315289
193.380373,112.378850,4.422553,12.025676
191.916414,113.347793,4.940482,12.592330
192.091397,112.167684,4.994998,12.471729
190.655007,112.610249,5.956027,12.973402
190.341374,112.316465,5.783102,12.649152
190.059178,112.680911,4.880582,12.081606
190.761732,113.160682,4.420485,11.592070
190.489381,112.787150,4.459054,11.409981
189.869823,112.355752,4.432499,11.847064
188.420378,112.188007,4.856390,12.838274
188.282178,112.584935,4.321083,11.450089
187.650884,112.540477,4.952251,12.490275
187.231657,112.926970,5.312174,11.635893
186.042785,110.918313,6.569897,14.135068
185.621809,113.693158,6.466909,11.699769
185.669218,114.903260,6.143276,10.513563
184.941316,113.708483,6.114868,11.697743
184.285506,111.528019,5.926164,13.121347
184.602801,112.167936,5.166276,12.716120
183.296134,112.235332,5.576876,12.948180
183.002005,113.022107,5.563496,12.283439
182.390340,114.144067,5.568045,11.432796
181.931938,115.539969,6.289759,9.921647
181.371282,114.786110,6.609619,10.608052
180.627713,116.821174,6.749624,9.240352
180.479009,117.655522,6.815286,8.888181
180.372241,117.944205,6.513587,7.337451
179.792783,117.270358,6.725895,8.110162
179.839498,118.387411,7.157682,8.007393
179.160018,117.602820,7.506550,8.260930
179.131697,117.598573,7.758703,7.980108
178.567753,117.332739,7.920082,7.836426
178.043740,115.377356,8.083842,10.570232
178.014532,116.876860,8.525187,9.238346
178.567516,116.932014,6.729150,8.959406
178.198402,117.080743,6.824545,9.191325
178.315922,114.432004,5.448920,10.778310
177.846923,115.066753,6.493726,10.795754
178.087476,115.126900,6.398965,10.808346
177.952083,112.902339,6.043794,11.845986
177.666643,113.075845,6.117373,11.993993
178.139746,112.946121,5.587015,12.152405
178.551064,113.716715,4.960199,11.402152
176.678773,113.992811,6.125609,11.696521
176.142194,113.168333,6.565650,12.463831
175.554109,113.921850,7.287966,11.882398
175.521208,112.979890,7.331810,12.675678
174.961025,112.969682,6.061303,11.964549
175.860112,113.201978,5.145924,12.256087
175.436224,112.584801,5.115444,12.014528
174.441578,112.127878,4.687620,12.468362
174.234639,112.958702,5.220773,12.478181
173.663041,113.005249,5.094263,12.082956
172.745090,113.212051,5.861211,12.712446
172.000463,113.239512,6.554021,12.638047
171.316972,113.693399,6.227994,12.201167
170.987189,113.426003,4.907976,12.031685
170.836979,113.124377,4.817226,11.235819
170.940642,113.005766,4.499902,11.499529
169.936753,113.403383,4.564866,11.655919
169.438747,113.264328,4.822610,12.777541
168.841112,113.004800,4.688673,11.615862
168.212624,112.810673,5.538105,12.578672
167.354422,113.020348,6.210256,12.773705
167.513546,112.903715,6.259202,13.236531
166.832510,112.776038,5.945371,12.877777
166.167426,112.817900,4.675369,12.717397
166.062166,112.456594,4.879238,12.300376
165.371881,112.413436,4.917415,12.459042
165.442300,111.821764,4.458120,13.017223
164.381522,112.134366,4.658798,12.670688
164.195760,111.789222,5.334619,13.578594
163.335760,113.016451,5.730443,12.641965
162.556039,113.815099,5.883762,11.813926
162.686174,113.111830,5.632417,12.219743
162.127682,113.260363,5.208886,11.823124
161.644836,113.945506,4.180954,10.241163
162.242684,113.389065,3.809597,10.639503
161.232311,113.503594,3.977147,11.553123
161.058797,113.789229,3.973415,11.917480
160.274664,113.558306,4.257517,11.762477
159.511975,114.157676,4.966756,11.681258
159.377870,114.943685,5.351375,10.858389
157.439093,113.904842,6.371191,11.794353
158.211778,114.956808,5.971185,10.978087
157.859818,113.907710,3.938790,9.824444
158.274035,114.669372,3.892262,9.562302
157.126179,114.526255,3.813853,9.797108
156.192395,113.903548,4.251963,11.173390
156.104961,113.880749,4.122606,12.333982
154.747386,113.894087,4.401384,11.185547
154.904057,114.114085,4.923004,11.326995
154.447276,114.392041,5.356860,11.364223
152.491199,112.904419,6.603365,12.920433
151.850487,112.569830,7.235085,13.101104
150.545184,113.113205,6.888268,12.255127
151.208843,109.101033,6.090673,15.762328
149.068042,111.722890,10.405912,12.061346
148.687543,110.314907,9.808920,12.770362
147.930229,108.961985,12.295861,14.133620
166.370656,110.106390,6.307821,15.708443
166.547128,111.859801,5.298555,14.646430
167.839869,111.678139,5.081248,15.020523
165.640309,112.889033,6.431481,13.302782
165.604450,109.200267,6.664818,17.326204
165.151031,112.070541,6.311134,14.363777
163.523166,114.346640,6.106946,12.321239
163.680402,111.675667,5.933774,13.452274
163.094414,110.746007,5.932586,15.647009
162.587215,112.914319,5.197716,13.732072
162.697587,114.661210,5.194057,11.841829
162.670521,113.939176,4.718340,12.469895
161.011141,112.424580,5.712132,14.218286
161.067290,114.481451,6.466887,12.358530
160.293591,114.500322,6.994166,12.154635
160.292734,114.813058,6.369523,12.234237
159.766869,114.992903,5.758153,12.145085
158.677880,114.974440,4.912013,11.971364
158.751463,115.657899,4.975083,11.104253
158.862865,115.021019,4.458351,10.660889
158.314507,114.825212,4.221604,11.487962
158.245795,114.626986,3.935392,10.776278
156.858507,114.634191,4.497367,11.890265
156.222383,114.174535,5.373443,11.987371
155.035916,112.991247,6.951131,13.400125
153.329110,113.369154,6.182440,14.094588
153.336316,111.897934,6.273800,15.187187
152.826876,111.064575,6.489214,14.851684
152.152541,111.421937,5.769502,14.304243
151.662892,109.443277,5.959012,17.564663
149.190104,111.119318,9.257781,13.538578
152.018552,110.530739,5.477803,16.065823
150.390246,112.751419,6.581414,12.377395
149.567312,114.613796,7.345001,11.961087
147.921499,115.200846,9.624458,11.030437
148.901213,111.372318,6.728757,14.267830
149.126418,109.594331,5.945177,15.950163
147.545157,113.027942,6.147489,14.009377
148.006401,114.362566,6.080662,12.629761
147.261137,112.603101,7.840014,12.822988
132.596190,116.446163,4.908587,10.019707
131.742704,115.616559,5.753675,11.135231
131.857432,115.834372,5.495677,10.754295
131.663295,115.754697,4.972651,10.543118
130.408908,115.124336,5.481232,10.524066
130.745509,115.538021,4.508080,10.624920
131.191470,115.345019,4.163013,10.115662
130.113629,116.251898,4.113846,10.687446
129.177746,115.465786,4.290350,11.388836
129.893269,115.991703,4.252458,11.055304
128.425164,115.405676,4.451459,10.872225
128.100893,115.733948,4.859022,11.091546
127.712677,115.696466,4.183418,11.523689
127.788507,115.511578,4.565320,11.711142
126.774496,116.102371,4.367550,10.435531
126.728161,115.654424,4.073117,10.409274
125.963450,116.024290,4.548668,11.486358
125.294314,115.969160,4.462784,11.173998
125.587626,115.889375,4.893700,11.180324
124.350966,115.901014,5.447203,11.686269
122.794753,114.631247,8.363363,11.102982
123.943107,115.658380,5.058232,11.085532
124.226599,115.351053,5.385705,11.387607
121.826065,115.636469,5.491895,11.654489
122.215399,115.288262,4.755408,12.193513
121.257819,116.013947,6.237570,10.640985
120.495382,116.041513,5.613234,10.811459
121.091038,115.889133,5.472528,11.605095
119.996349,115.404856,4.700260,11.436257
120.124781,115.492214,5.120452,11.811592
119.391420,115.652114,3.966615,11.948876
119.609116,115.137230,4.460048,10.344763
118.452312,115.725490,4.277148,11.918710
118.504028,115.945459,4.348229,11.852701
118.391999,115.558005,4.445279,12.549977
116.638247,114.986190,5.446044,12.551632
116.561850,115.603837,5.571883,12.231685
116.006486,112.711731,6.354743,14.353721
114.685984,114.837511,5.991848,12.695358
115.324224,115.029154,5.594544,12.131222
114.693806,115.246632,4.763165,11.556578
114.431581,115.005314,5.606458,11.639072
113.497391,115.802646,4.361697,11.845178
113.475295,115.406696,4.443796,12.084342
112.752295,115.916914,4.615116,12.499149
111.355610,115.162722,5.747663,12.273345
111.201074,115.755815,6.049747,12.196457
110.429016,116.332032,4.857107,11.549525
110.177959,115.724551,4.598449,11.618195
110.803402,115.058291,4.273961,10.008907
110.410969,115.040558,3.791186,10.555294
109.679857,115.991194,3.942502,10.257534
108.492224,115.669253,4.195289,12.125251
108.467294,116.169496,4.407352,10.607829
107.377929,116.128668,4.824452,11.847947
98.957346,113.234052,6.092153,11.470258
98.005609,114.544859,7.784773,10.495467
106.719479,116.876760,5.579431,11.256471
105.198102,115.617721,4.004462,10.899902
101.444550,115.034669,4.120169,9.629181
101.851113,114.255098,3.937968,10.643319
103.270710,114.902864,4.503416,10.873751
102.641061,116.361426,4.467957,9.242893
102.785747,115.404993,4.813813,12.521114
103.154175,114.100920,5.583595,13.741330
102.158478,114.849392,6.216106,12.989865
102.861387,113.657489,6.208855,14.596634
102.234911,114.156442,6.353184,13.372557
102.260803,113.299879,6.608387,14.622499
103.358287,112.938640,7.992834,13.247806
100.253424,114.150586,6.367152,12.782127
91.291930,114.961534,4.682815,12.906607
91.424364,115.556373,4.241233,12.615977
91.495199,115.283046,4.114223,12.292343
91.965515,115.502049,4.568855,12.326037
91.947788,115.303551,5.273758,12.818262
92.631092,114.793613,4.651193,13.299212
92.897883,114.348698,4.616545,13.573314
93.278711,115.259756,4.854054,12.886726
93.743913,114.990576,5.279016,13.128040
94.463022,114.271470,5.187547,13.252938
94.350234,114.947589,5.102774,12.928194
94.497052,113.985501,5.697938,14.180140
94.043008,115.136101,7.586728,13.584979
94.470548,115.837184,6.196866,13.224717
93.378121,114.373480,6.494228,14.662056
93.118312,113.320125,6.439775,15.721039
93.392618,113.335705,6.607857,15.005428
93.862701,114.268276,7.061856,14.415100
92.140450,114.921206,5.436531,13.936522
91.776896,116.851914,5.961723,12.775935
91.361187,116.726450,6.363088,11.857628
90.945062,117.292403,5.909509,12.583517
89.777165,117.404457,5.366125,11.608673
78.078048,115.018097,4.591380,12.265280
77.491819,116.361769,5.030669,10.026588
77.493933,115.408538,4.797455,11.227468
78.210168,115.604481,4.621725,11.427502
78.019403,115.572718,4.562282,11.723890
67.838420,117.003011,4.704888,12.871869
67.269352,116.961447,4.698824,13.001247
67.142896,116.621803,4.499184,13.325120
66.116062,115.733950,5.516367,13.581033
66.469790,116.056647,5.027292,13.866319
66.245515,116.302797,5.311704,13.400785
65.526593,116.023688,5.735947,13.882450
65.655538,116.307946,5.196578,13.642890
61.892447,116.591962,5.765631,14.122105
61.581347,117.200932,5.143105,13.136410
60.435057,116.738692,5.096106,13.837438
60.806189,115.855138,5.468061,14.318050
60.313379,116.884521,5.243461,13.867788
61.277867,117.293588,5.012346,13.463221
61.848544,116.045055,5.164918,14.157997
62.131090,116.823299,4.775531,13.210217
60.249127,117.247231,5.293723,13.967147
64.309973,116.161080,4.282387,13.315833
59.873683,117.553512,4.869270,13.077233
60.797038,116.976980,5.068215,13.522186
62.702052,115.661732,5.213898,14.621918
61.997380,116.858058,5.147855,13.752630
62.114826,115.291005,5.057330,14.555747
62.292817,115.810607,5.174612,14.256603
62.617834,116.230820,5.016870,14.129007
62.285141,116.145441,5.056345,14.001799
62.049887,116.118307,4.853224,13.819761
62.503493,114.852982,4.877915,14.308702
60.359228,117.430795,5.493190,12.637277
57.748104,117.152806,7.989694,12.941755
57.811746,116.144805,8.130601,14.182081
58.535503,117.292928,5.734360,13.147126
56.759617,117.886299,5.264486,13.173542
58.493703,118.002821,6.002648,13.000369
56.577885,117.953800,6.886392,12.222505
58.938718,117.417147,5.566520,12.144056
54.250675,117.587640,6.793637,13.152327
55.485843,117.899161,4.771311,12.881965
56.370662,118.243813,4.337588,12.758600
56.544252,117.476624,4.694778,12.935747
56.195858,118.527533,4.852342,11.873275
56.555134,118.531323,4.931634,12.212985
56.683784,116.718443,5.277888,13.728209
55.772972,117.332212,6.271236,13.492110
56.532772,117.438283,6.206837,13.059109
57.640791,117.415629,5.214818,13.850426
57.759550,117.039013,5.656812,13.951128
57.997114,117.092525,7.047273,13.764033
57.318309,116.758551,5.439810,14.198219
57.942894,117.271125,5.621860,13.532622
58.978812,117.158988,4.691924,13.270022
58.284792,117.426598,5.073338,13.210861
47.504132,118.976302,5.060558,15.833679
47.462782,119.325982,4.649026,15.313755
46.341466,119.355812,5.103794,15.427546
46.265375,119.539310,5.053042,15.482618
46.207431,119.434502,5.075125,15.540459
46.669277,119.127692,4.830019,14.998215
46.438370,119.422501,4.803072,15.560224
46.956926,119.543962,5.041350,12.092153
47.926442,119.111955,4.448345,15.460056
47.099301,119.090564,5.431862,14.145090
46.724042,119.338490,5.494639,14.194808
47.216478,118.986569,4.973662,15.151228
47.178238,119.957431,4.944242,14.882676
47.496786,119.863518,4.795447,13.942368
47.225621,119.889581,5.001641,15.291234
48.030781,119.680040,4.642569,14.674264
47.229591,119.287035,4.972186,15.406585
46.745157,119.349570,4.806001,14.395563
47.100747,118.949942,4.816154,14.069156
47.187476,119.767379,5.026615,13.743001
46.543422,119.321388,4.911513,14.804504
47.239860,120.249833,4.859457,14.957974
47.579080,119.639280,4.765685,14.766046
46.706997,118.960715,4.982087,15.643481
46.707370,118.638880,4.939617,15.798965
46.953501,118.610149,5.127881,14.899407
46.366333,118.910132,4.963198,15.147127
47.083883,119.260774,5.084048,15.613060
46.494107,119.181662,4.971843,15.410524
46.583543,117.755889,5.528954,14.584470
45.920460,118.865940,6.373090,12.383037
46.077651,119.437305,5.492324,14.569405
46.059771,118.364758,5.631052,14.580901
52.199765,117.368278,9.408390,13.410576
45.438835,118.017732,8.875332,15.697831
43.889680,118.293337,8.887152,14.304718
46.055100,119.385896,5.271009,14.907354
47.097935,118.927294,5.439895,14.628692
48.022833,122.247392,4.159542,12.578649
47.952771,123.103385,4.278924,11.189871
54.447474,121.244081,3.390484,8.735452
54.089699,121.464590,3.787205,9.131693
48.610312,121.924977,3.540943,13.168182
54.855027,122.177402,4.819097,9.344290
51.390454,120.891834,5.717994,11.580802
47.297018,121.187454,4.562729,13.891104
53.331345,120.092560,4.193766,12.036379
53.917971,119.729431,4.141272,11.804137
52.745399,119.280152,4.408053,12.419387
53.128005,119.151996,4.424074,13.550303
59.850064,118.692420,4.234972,11.617496
60.000485,118.399971,5.427843,11.038598
58.611302,117.339009,7.782472,12.121454
59.060200,116.607145,7.714889,13.285870
73.282837,116.772816,4.855926,12.488226
73.724123,117.097933,4.496547,12.690822
74.422824,116.761730,4.584286,12.695758
74.698439,116.042494,4.537263,13.290956
75.096687,116.115474,4.505156,13.476082
75.498121,116.639084,4.585336,13.008623
75.689528,116.247026,4.901500,13.238755
75.303967,117.156123,5.605610,13.184858
75.012198,117.784040,5.921292,12.455216
75.815277,116.745437,6.075468,12.853761
75.894068,116.607973,5.556820,13.584820
76.093485,116.727517,5.754957,13.123891
76.764249,116.660947,5.865875,13.082369
76.158748,116.848336,5.613944,13.431243
77.217451,116.897705,5.398069,13.127834
76.545142,117.305982,5.584244,13.093072
77.505991,116.730010,5.019032,13.530808
77.416462,115.966748,5.131697,13.965569
77.993672,115.709625,4.911969,14.119643
78.457947,115.360571,4.856637,14.342382
78.082361,115.502651,4.658843,13.837934
78.271477,116.579539,4.684795,13.018277
78.105989,116.800770,4.707703,13.134942
78.426736,117.185871,4.766930,12.852224
78.366635,115.617179,4.537054,13.554515
78.533604,116.902684,4.608301,13.129818
79.104743,116.941351,4.469653,13.071595
79.354876,116.184752,4.295723,13.051396
79.047225,115.877613,4.615882,12.993834
79.169375,115.904406,4.508145,13.197945
79.287113,116.042644,4.328637,13.070944
79.926002,116.371595,4.490785,12.630617
79.973795,116.255608,4.494616,13.286245
79.822812,115.938949,4.742315,13.163979
80.051808,115.745824,4.756568,13.066321
80.058047,116.484897,4.805730,13.095789
80.661935,116.546429,4.601107,12.972745
80.745916,115.353941,4.780401,13.376270
80.284266,115.839588,4.905839,13.929016
80.305912,115.354543,5.096829,14.207475
80.412991,115.984600,5.100967,13.015930
80.853523,115.715424,4.825386,13.830965
80.513693,115.651564,4.963255,14.153627
80.775354,115.631311,4.752449,13.690316
80.813698,115.578853,4.863708,14.081090
81.124627,115.669383,4.832326,13.616185
81.048196,115.557761,4.960332,13.905142
80.714963,115.317949,5.023207,13.538651
81.102525,115.428651,4.745206,13.496545
81.164438,115.505165,4.608312,13.374901
81.587288,116.343964,4.508434,12.849806
81.326959,115.529446,4.746332,14.085751
81.395187,115.804014,4.456056,13.422991
80.979526,115.692972,4.670513,13.519442
81.014834,116.274003,4.562482,13.420307
80.830247,115.898653,4.489120,13.313232
80.204983,115.622448,4.567821,13.516151
80.826033,116.743668,4.571715,12.729541
79.274495,114.812885,5.226195,14.089025
80.079139,116.128355,5.132639,13.369422
79.562986,115.356854,5.069128,13.592005
79.846407,115.695211,5.065972,13.608033
80.176950,116.119757,5.010511,13.636710
79.214680,115.284012,4.996106,13.660022
79.415392,115.360905,4.788456,13.638668
81.049868,115.022369,4.650364,13.386163
80.478105,115.284739,4.764155,13.334380
80.151967,115.419458,4.243902,13.469944
80.109271,115.134707,4.331116,13.179717
79.703033,115.564406,4.381206,13.440261
80.219602,115.323226,4.380706,13.383628
78.555049,114.168244,5.030868,14.248487
78.998361,115.353156,4.777458,13.902843
79.632638,115.375965,4.263699,13.448499
79.420562,115.264991,4.697898,13.218628
79.101161,115.775818,4.890285,12.893152
78.618303,115.660612,5.295916,12.693229
78.198401,115.730079,4.879303,12.389203
78.182297,115.833672,4.946119,12.911936
78.557905,116.307394,4.518171,12.369602
78.664224,116.522731,4.776370,12.905057
78.768324,115.339071,4.640001,13.705400
77.841056,115.922902,5.031368,13.185691
77.794161,115.469200,5.284978,13.545984
78.605184,116.057936,4.969218,13.047376
76.520322,115.341148,5.456050,13.642097
76.859383,115.572073,5.335401,12.983740
76.416068,115.426255,5.508049,12.988419
77.530843,115.048727,5.142516,13.689352
77.347224,114.980711,5.557437,13.591932
75.888913,115.121880,5.401298,13.329812
76.795012,114.609838,5.229207,13.652682
77.708424,115.230190,5.011292,13.871027
77.619636,116.260168,4.999359,12.493593
77.144099,115.201523,4.576838,12.520660
76.764559,116.262787,4.634932,12.068679
77.266034,115.939265,4.516629,13.150932
77.330735,115.102162,4.354797,13.614987
77.272496,116.288462,4.387410,12.643517
77.233258,115.271896,4.483909,13.075310
76.595770,115.948728,4.578077,12.015157
76.645818,115.188619,4.625774,13.532739
76.800114,114.947001,4.538882,13.797910
76.409453,114.405567,4.780769,14.026521
76.827392,115.724626,5.065223,12.566598
77.299686,115.290451,4.660303,13.453631
77.260908,114.850650,4.399656,13.867602
77.472175,114.920264,4.562778,13.454165
77.450539,114.606982,4.194065,13.200488
76.820725,115.482724,4.376992,12.472006
76.676591,115.000374,4.676866,12.677426
76.135587,115.160137,5.290390,11.539490
75.614905,115.317284,5.605405,12.222568
76.118626,115.804035,4.988085,12.140466
76.082841,115.778214,4.892318,12.520381
75.432483,115.482263,5.141730,13.063032
75.508471,115.046100,5.382390,12.998922
75.767023,114.809098,5.244531,13.046441
76.520009,115.518610,5.445346,13.557881
74.777998,114.933412,5.706817,13.491866
74.828205,114.798302,5.484913,12.805801
74.476338,115.467661,5.579325,12.336943
75.077686,114.992410,4.877069,11.645227
75.392513,115.573211,5.539903,12.111864
76.184066,116.081309,4.861764,12.499035
76.824835,116.012536,4.354645,13.089442
76.570147,115.454312,4.359550,13.304588
76.856002,114.987272,4.956214,13.391116
76.984818,115.580628,4.556562,13.425369
77.582038,115.857623,4.431602,13.131100
77.635787,115.437383,4.624392,13.276399
77.297985,115.335689,4.448887,13.496663
77.379820,114.635569,4.661892,13.633293
77.426755,115.500643,4.479919,13.138547
77.676206,114.696237,4.598327,13.742174
77.534273,115.023547,4.537935,13.289089
77.315132,114.753194,4.576404,13.708671
76.962389,114.388503,4.630376,14.031681
77.191716,115.245492,4.603397,13.546661
77.855422,115.041434,4.834906,13.846931
77.519709,115.774548,5.079183,13.435413
77.913541,115.601649,4.703040,13.614503
77.724066,115.603825,4.698839,13.142697
77.681989,115.398527,4.637855,13.579507
77.568161,115.385154,4.618567,13.550255
77.454083,115.368377,4.641846,13.555785
77.304046,115.543424,4.605775,13.338530
77.259879,115.680046,4.424944,13.141630
77.624274,114.761427,4.812448,13.818993
77.563030,114.848089,5.189765,14.058808
77.600716,115.249172,5.299765,13.939841
77.422894,115.172504,5.124476,13.203297
78.938300,115.202650,5.967611,13.643635
78.512214,114.677026,5.801038,13.513498
77.787568,116.094051,4.702127,13.197377
77.883364,115.610656,4.605327,11.702959
78.167904,116.307152,5.041972,11.039862
77.238447,115.517817,4.657389,12.046855
77.231963,115.259957,4.611236,12.155638
77.555598,116.269979,4.551818,12.376423
78.098555,115.780834,4.462954,12.598903
78.054725,116.022577,4.624108,12.496442
77.861136,115.664851,4.588182,12.838790
77.732057,115.314611,4.574501,13.051456
77.316643,116.576986,4.665316,12.322834
77.938666,116.342569,4.623896,12.555476
77.679653,116.057012,4.679387,12.721003
77.264724,116.032050,4.666708,12.544553
77.875294,115.765041,4.615982,12.693377
77.435879,115.829171,4.830036,12.370061
78.236543,115.614864,4.627652,12.402655
77.797326,116.760009,4.562418,12.089869
77.728419,116.060507,4.564983,12.419775
77.193750,115.607108,4.759959,12.895421
77.176201,116.403658,4.766643,12.348605
77.754969,116.394429,4.558022,12.240312
77.533701,115.611972,4.645686,12.461514
77.943290,116.741332,4.522798,11.901773
77.588170,115.739687,4.514828,12.589707
77.779332,115.695612,4.397755,12.455033
77.476022,115.734506,4.390261,12.560112
77.172879,116.352603,4.443690,12.262112
77.515147,116.799818,4.272335,12.336067
76.868592,115.985797,4.515758,12.736026
77.048824,116.110528,4.409929,12.382729
77.605921,116.393520,4.359361,12.642132
76.974008,115.534784,4.513917,12.926356
76.913194,116.649083,4.170606,12.021065
77.492842,115.991085,4.433996,12.704731
77.210259,115.730461,4.260938,12.543366
77.640706,116.043523,3.975380,12.445060
77.033164,115.703240,4.184493,12.587366
76.887511,115.382932,4.190498,13.208991
76.552843,116.243484,4.471869,12.272442
76.102525,116.848529,4.483177,12.210411
76.005046,116.733256,5.006475,11.366549
75.391493,116.793076,4.880850,11.959735
75.576559,116.753846,5.081773,12.295841
75.387323,115.998992,4.853140,12.988716
74.973712,116.778258,4.980555,12.707329
74.729654,114.948872,5.300076,14.228189
74.048198,115.797252,5.778639,12.626295
74.550166,116.158282,5.673941,12.383813
74.427163,116.228530,5.480561,13.086421
74.435684,116.100996,5.416480,12.552869
73.853544,115.423353,5.641537,13.483314
74.232009,115.625730,5.162053,12.945475
74.013134,115.951706,5.290103,12.652395
73.499026,116.224189,5.110553,12.400027
74.003256,116.711604,4.786252,12.485393
73.909037,115.818735,4.707985,13.614240
73.935073,116.112105,4.581039,13.034966
73.435516,115.148686,4.842519,13.959429
74.149807,114.476760,4.757751,14.059591
73.189643,115.654650,4.824105,13.403094
73.452722,116.212136,4.455494,12.732471
73.263331,116.371747,4.190099,12.759659
73.276681,115.958050,4.131089,13.079234
