239.600000,28.000000,4.200000,9.200000
237.345772,30.171283,4.872920,8.810479
234.503126,32.105347,4.954597,8.848327
231.923140,33.320124,4.886796,8.507297
228.548603,33.816586,4.965050,9.132414
225.380423,36.575331,5.023441,9.433886
222.153642,38.695719,4.942461,8.639752
220.261276,38.435131,4.988602,9.078925
217.516313,40.323073,5.116258,8.840555
213.893933,40.767837,4.968158,8.935802
209.992611,41.015737,4.939506,9.148350
205.984353,42.317096,4.995732,9.275351
202.585108,43.142905,4.731424,9.266685
199.504887,44.648812,4.920331,9.029212
197.562990,45.012503,4.802301,9.404654
194.526416,47.397359,5.278659,8.717876
192.184924,47.265884,4.991228,9.306905
188.833536,48.935860,5.214234,8.893555
189.212471,49.724970,5.341421,9.398896
188.586098,50.300981,4.973392,8.738352
187.722960,51.429506,5.070713,8.817139
187.795268,52.714381,4.981688,9.146431
187.506854,53.483204,5.021367,8.585187
186.973829,53.587782,5.054130,8.497104
187.962843,53.652454,5.044683,9.366458
188.413662,53.739933,5.065972,9.091606
187.164900,54.514791,4.750144,8.487730
187.092785,54.213068,4.785416,8.369588
187.586581,55.015539,5.119231,8.768104
186.581827,55.212042,4.816505,8.325881
187.066667,55.663752,4.778079,8.504169
187.360247,55.174674,4.997352,9.224717
186.621372,55.656268,5.009608,8.713683
186.603316,55.722275,4.965709,8.510498
187.594621,56.442146,5.387429,9.815370
188.307285,56.835251,4.997036,8.706172
188.478561,56.702847,5.069392,8.945709
188.362817,56.693861,4.977356,8.749202
189.425310,57.037020,4.933127,8.311744
189.827297,57.437281,5.453411,10.045258
189.954994,58.032141,5.316673,8.410542
192.167404,56.882793,5.239751,9.901895
192.919009,58.550986,5.402708,9.209384
193.559160,57.974343,5.296407,9.423572
194.104007,58.686765,4.920209,8.420338
195.525362,57.998000,5.388228,8.926308
199.533440,58.636902,5.568097,10.505037
200.779525,58.416916,5.514359,9.451221
195.369251,58.862546,5.136731,8.834991
199.433553,59.167389,5.111483,9.496590
200.501907,60.179354,5.347596,8.599355
200.011605,59.948559,5.155765,8.904527
198.998534,60.898167,5.167953,8.170265
198.147108,61.440142,5.061804,8.476720
199.375416,61.365813,5.083533,8.571119
199.230106,61.679648,5.042248,7.873160
198.944884,60.984691,5.012588,8.823778
199.636329,61.888611,4.745508,7.534317
199.417506,61.918279,4.780909,7.258390
198.977802,62.439174,4.638218,6.941487
199.045275,63.623097,5.064399,7.121171
199.389021,62.904911,5.196380,8.179627
199.682666,63.850276,5.008107,8.436694
199.337338,63.248882,5.215176,8.444961
199.528981,64.127850,5.011328,7.766493
198.644298,63.514130,5.189005,8.244648
199.722295,64.518478,5.474741,8.691411
201.313859,64.297256,5.710999,9.462652
202.000050,65.163342,5.079535,9.158952
202.455538,64.995665,5.833131,9.073940
203.538593,64.506779,5.355300,8.771421
203.886698,65.384291,5.216941,9.649266
203.977624,65.808698,5.136392,8.998497
205.512821,66.261061,5.373556,9.262146
207.940201,66.648984,5.349834,9.492012
211.374460,66.189308,5.492173,9.581993
213.024834,66.162021,5.514930,9.635870
214.559155,66.124772,5.546702,10.146529
216.827890,65.960767,5.334558,10.455685
219.408504,66.626788,5.297902,10.020900
219.949071,66.506031,5.303909,9.965413
220.568513,67.658027,5.876329,9.734056
222.576313,67.386802,5.330261,9.546395
223.823753,67.047438,5.522355,9.851215
224.682791,67.484498,5.245388,9.784218
226.442056,67.227100,5.335637,10.196801
227.099354,68.283815,5.404541,9.979697
227.899562,68.369144,5.495290,9.838089
228.636620,68.437618,5.352400,10.343203
230.459664,68.546230,5.329691,9.253138
230.598177,68.971660,5.391007,9.266206
231.999879,69.397475,5.255439,9.263325
233.216274,69.203108,5.482358,9.831032
234.736630,69.252296,5.295380,9.917281
235.864108,68.966693,5.337348,9.978259
236.761968,69.689795,5.253920,9.724034
238.665667,69.740770,5.169365,10.012347
239.795290,70.105411,5.125800,9.757215
241.093670,70.693537,5.158511,9.403633
241.731997,70.718868,5.351902,9.848361
244.157911,69.935052,5.265562,10.123201
245.332898,70.423212,5.309813,10.150002
246.622880,71.481707,4.910190,9.949114
247.820155,71.668770,5.309856,9.787959
248.310052,71.315168,5.262804,9.600078
250.417572,70.658977,5.460274,9.948523
251.921042,70.877647,5.470776,9.952122
253.340836,71.006055,5.276420,10.141713
255.339202,71.305060,5.479478,10.102653
257.040914,71.877047,5.796433,10.004948
259.200595,71.686755,5.377048,10.520686
260.372371,71.981014,5.666879,10.275373
260.907641,71.251625,5.597950,9.979899
262.185589,72.330944,5.306359,9.893626
263.682013,71.915645,5.492572,10.045629
264.051806,72.220636,5.335410,10.408570
263.920677,73.059947,5.336514,10.242538
264.750277,72.976362,5.503868,10.002193
265.192333,73.034762,5.452786,10.064814
266.537839,73.310373,5.583193,10.054674
267.409100,73.728456,5.791061,10.177064
268.066380,73.834123,5.664279,10.315782
269.852106,74.062051,5.674005,10.251083
271.268088,73.347921,5.687710,10.512494
272.164919,74.165626,5.737140,10.334596
273.385398,73.968094,5.788507,10.505832
275.268887,74.599727,5.926288,10.302297
277.391889,74.062286,5.471819,10.593542
278.368320,74.224947,5.626490,10.711005
280.469737,73.855046,5.742622,10.507756
281.297809,74.468070,5.753687,10.621092
281.947118,74.858068,5.564845,10.260818
281.906843,75.840121,5.371211,10.185342
281.397615,75.293480,5.764424,10.747919
282.863981,75.815772,5.740426,10.155407
283.898181,76.568346,5.755205,10.376020
284.433594,76.352032,5.924290,10.699912
285.483447,75.921645,5.733649,10.639076
287.213216,76.434887,5.860087,10.565789
288.643101,75.929370,5.572822,10.567398
289.751173,75.897705,6.259900,10.704253
291.151449,76.124594,6.102643,10.798670
291.744470,76.863833,5.893556,10.485705
292.187506,77.571279,5.465125,10.201683
292.992872,77.081679,5.742696,10.502855
293.938565,77.875885,5.849514,10.432751
295.463606,78.157739,5.604741,9.970520
296.965720,77.992531,5.812895,10.278477
298.692868,77.329436,5.678436,10.756509
297.784797,78.123890,5.829220,10.285103
299.254190,78.125005,6.015998,10.611034
300.176996,78.780028,6.101587,10.536886
300.703831,77.959916,6.001936,10.579527
300.966081,79.047074,5.522544,10.419931
302.404652,78.582750,5.788046,10.890029
301.244761,79.413725,5.960370,10.595926
301.798947,78.837257,5.399491,10.725715
302.991856,78.469067,5.913382,11.160554
302.970377,78.958890,5.719305,10.622940
301.366137,79.750016,5.656240,10.790043
301.708791,80.342107,5.474624,10.378981
300.808923,80.166049,6.122218,10.777529
300.496962,80.359884,5.889185,11.569118
300.554796,81.044489,5.436099,11.037909
298.848263,81.913840,5.951816,10.160696
299.415891,81.313599,5.652135,11.145200
299.872184,81.318615,5.672041,11.164170
298.669514,81.770818,5.767134,10.990958
296.601865,82.648154,5.737647,10.998931
298.176098,82.495704,5.800552,10.920384
297.733263,82.431820,5.715254,10.973699
297.065754,82.487474,5.975315,11.188457
300.129770,81.911364,6.023163,10.732268
301.731657,82.081493,6.155815,10.527065
301.749891,82.075138,5.851885,11.141768
301.279245,82.520438,6.065492,11.300943
301.077815,82.942956,5.966651,10.958181
298.657074,83.176282,6.069613,10.769468
298.164054,84.096355,6.123821,10.857315
297.454800,84.227431,6.317275,10.833765
296.348574,84.000650,6.189890,10.803857
296.039402,84.412665,6.666533,11.034605
295.064691,85.501127,6.480376,10.611182
294.668825,84.959180,6.618612,10.845754
293.938478,86.145010,6.815925,10.616729
292.694355,86.300060,6.762801,10.468182
292.313260,85.733401,6.668931,10.615499
289.857524,86.843982,7.111260,10.611054
289.505983,86.582831,7.586367,10.955266
291.414447,86.389014,7.239739,10.873139
291.256375,86.914003,7.292660,10.822715
288.990916,87.449852,7.338439,11.338302
289.492723,86.580929,7.632498,11.685069
290.658777,87.313690,7.611696,11.864993
290.320774,86.507677,7.394875,11.855544
289.995618,87.232087,7.122710,12.309401
289.885299,86.371352,7.661969,12.867472
289.026688,86.565980,7.671954,12.276186
289.346635,88.758277,7.426505,10.878991
289.118307,87.983067,7.138128,11.896273
288.546930,89.031640,7.137381,11.191262
287.574050,88.749850,7.221847,10.837369
286.488585,89.424897,7.267364,11.205458
285.682324,88.054915,7.007000,12.369104
285.525725,90.137592,7.831321,10.789440
285.826056,89.776302,7.613716,10.999702
285.435644,89.959609,7.885472,10.712912
284.181802,90.275759,7.941173,10.483438
283.115751,90.891204,7.761682,10.585000
283.700601,90.210306,8.063809,10.883457
281.993524,90.450260,8.323088,10.787819
281.295495,90.963023,8.328901,10.718102
280.748903,91.554711,8.115647,10.682692
278.466817,91.737271,8.649206,10.536042
276.799557,91.784590,9.008552,9.922461
275.673843,92.195979,9.155381,10.539266
275.142061,93.372591,8.655690,10.567902
273.976633,93.656223,9.129459,9.776524
271.130674,93.135153,9.445223,9.733225
270.992796,93.079144,8.664967,10.540697
270.784754,93.341462,8.546643,10.201547
272.054672,95.398141,7.711003,8.847223
268.801203,94.701950,9.355375,9.354522
269.616489,95.129046,8.185177,9.595461
266.969524,95.128820,8.904178,9.026279
266.036577,94.064311,8.912806,9.987936
266.493191,94.636567,8.684312,10.250410
