229.400000,38.000000,14.200000,13.400000
227.890466,37.347763,14.962606,13.599406
226.879315,37.920508,14.618709,13.534830
224.703948,38.414405,13.950830,13.664067
223.138112,38.954179,14.649057,12.782944
221.161438,37.478324,15.120273,13.751031
219.235862,37.808514,14.434183,13.617327
218.051068,38.822391,14.341048,13.055373
215.670789,38.331035,14.742647,13.680717
213.666018,37.948812,14.968260,13.962260
212.689307,39.218205,14.515681,13.185689
211.712107,39.141049,14.869166,13.158606
211.706373,38.999980,14.567841,12.731767
211.971189,39.544949,14.724145,12.259722
211.418075,38.935635,15.498094,13.194838
210.521152,38.315526,15.555553,13.669496
209.727901,38.435279,15.281086,13.651245
208.468753,38.729135,15.475538,13.974734
205.957592,38.279351,15.914635,14.327188
204.850172,38.497176,15.810029,13.888802
202.821888,40.773049,14.880263,12.472242
201.079223,36.708307,15.049532,15.936346
199.571810,38.950789,15.214020,13.457594
199.023975,39.848912,14.664577,12.537084
196.797193,38.741591,14.939633,13.764539
195.904647,38.621571,14.596334,13.449586
192.842505,38.734517,14.998791,13.090623
191.171854,38.273664,14.800035,14.143096
189.740167,39.611335,14.657564,13.627766
186.909948,39.355320,15.724420,13.874464
185.987714,39.797470,15.210245,14.082998
184.541460,39.809822,15.032795,13.626628
182.501992,38.993998,15.394732,13.917410
181.109241,40.355891,14.313623,12.970670
178.645613,40.549993,15.073440,13.606113
177.305234,40.809791,15.274439,13.406399
175.868228,40.141905,14.561968,14.216710
174.006683,40.462972,14.915901,14.321090
171.533081,40.723573,15.307233,13.664364
169.658586,40.352480,15.544343,13.463297
168.304441,40.516361,15.240113,13.942305
166.406090,40.844850,15.162608,13.417602
164.028675,41.423345,15.493096,12.939423
162.723676,42.467082,14.910596,12.832588
160.451809,41.988959,15.521327,13.074545
158.261059,42.002093,15.766387,12.912393
157.026130,42.597978,15.205361,12.816646
154.590449,42.453060,15.292510,13.219119
152.730482,41.896344,15.115693,13.965157
150.926805,42.042770,15.179110,14.640285
149.630683,42.892547,15.089991,14.043307
148.186406,44.624289,15.824286,12.580152
148.984246,44.396708,14.908030,12.662367
150.600494,45.132470,14.676201,12.057789
151.892007,45.246130,15.406031,12.094638
153.449549,43.322247,15.249931,13.661707
155.136742,46.141455,14.683586,10.762728
156.565995,46.550507,14.938719,10.567010
157.593635,45.973999,15.371138,11.533919
160.679402,45.887126,14.325785,11.626202
162.415015,46.468989,14.737906,11.594460
164.667428,46.782805,14.694499,10.975679
164.004421,45.758266,16.742149,12.236210
165.066134,47.636724,16.231695,10.849102
164.159723,45.004829,15.974785,13.550571
162.361168,45.297040,15.748646,13.689847
161.825583,43.800938,15.141996,15.059766
160.127895,44.058034,14.469953,14.055847
158.443553,44.342924,13.805098,14.290778
155.983185,44.384064,13.986423,14.442678
154.801285,44.399200,13.457412,14.660416
152.002634,44.670604,14.464561,14.224246
149.816763,44.124946,15.312060,14.560821
147.682195,44.695360,18.041594,14.291636
144.744920,45.442038,15.940999,13.941912
143.120118,44.578484,14.577421,14.348191
140.938682,44.667227,15.445814,13.717829
139.046960,45.176505,15.523503,14.235214
136.842199,46.289980,15.402860,13.360495
134.404742,45.253748,15.375506,14.482401
132.987432,46.753011,14.968248,13.923767
130.104137,45.112062,15.759899,15.235579
127.239129,45.323142,16.046362,14.878549
126.094439,43.556327,17.053020,16.722378
123.382553,47.435672,16.619503,13.039035
123.021008,46.698307,15.488329,14.208426
120.721209,46.192836,15.004166,14.447858
118.583178,46.444402,15.455589,14.138667
116.993438,45.874490,15.524484,14.000057
115.903823,46.638460,13.835905,14.082824
112.849134,45.978493,14.349197,14.156229
110.938029,46.027603,15.444162,13.972078
108.781741,44.969833,15.388705,14.528686
107.268664,46.549375,14.951853,13.694922
104.130115,46.765479,15.607420,13.928887
102.950752,47.164814,15.482217,13.695521
101.018369,46.052020,15.395532,14.291679
98.676700,46.784660,15.523294,14.480796
97.325550,46.977989,15.258591,14.027045
95.179511,47.690183,14.937162,13.656986
91.190165,47.224975,16.427155,13.451209
91.222170,47.334357,14.963760,13.517422
88.642659,47.479136,15.941698,13.141008
85.639168,48.006678,17.016285,12.989602
85.516119,47.781328,15.790702,13.114637
85.018660,49.154460,14.377315,12.587972
82.890506,48.578476,15.355718,13.390193
80.262889,48.586445,14.956227,13.687582
78.797469,48.634416,15.251933,13.539001
77.218361,49.127216,15.296111,13.039665
74.051407,48.294482,17.578533,13.639297
72.317538,48.455066,15.781687,14.058086
70.816140,48.903374,15.487902,14.080099
68.358432,48.734429,15.281003,13.896116
67.013346,49.038975,15.121688,13.522928
63.737259,48.527095,16.533607,13.878747
62.279599,48.763713,15.847086,13.869317
61.065218,49.083651,16.561131,12.997663
60.255974,49.439758,15.445885,13.071632
59.461021,49.810936,14.731438,13.145267
57.838535,51.299292,15.129814,11.971681
58.288676,50.889124,14.903563,12.093413
58.672168,50.416581,13.875924,12.845109
59.841133,50.047372,12.962963,12.823155
60.540191,50.498113,12.598626,14.163879
60.292719,52.419927,14.639358,13.245277
62.314169,51.200446,12.957516,14.080281
64.582698,51.763553,15.871244,13.756107
66.788401,51.308504,15.361083,14.182876
69.956622,53.065497,13.153837,12.931497
73.735596,53.039980,13.975033,13.389865
78.223691,53.724559,13.515080,13.773320
81.755295,52.964998,15.751953,13.920538
83.344068,53.495277,16.222013,13.534862
86.853949,53.573996,15.856770,13.199128
88.328946,53.735582,14.613822,13.057323
89.121697,53.757511,15.959063,13.132770
89.528440,53.783342,16.462805,13.644782
91.058512,53.497390,15.575637,12.828644
91.905652,53.977502,15.271266,13.492870
93.255993,53.360916,15.608115,13.088202
95.779165,53.609924,14.777200,13.116359
97.771214,53.710032,16.881489,12.990861
100.800410,54.073217,16.534819,13.242935
101.764592,53.699445,16.211748,13.194439
103.900057,54.206011,15.518909,13.441634
103.442068,54.330347,15.128640,12.966781
102.093783,54.517803,15.506064,13.851805
102.771009,54.820952,15.559067,13.179766
101.038916,54.857888,15.255222,14.040921
99.991759,55.106533,15.461374,13.605777
98.451376,55.152851,15.804218,13.648680
97.469531,55.352876,14.493979,13.892657
95.638934,54.883940,15.173205,13.698998
93.532406,54.905597,16.103745,13.566761
91.476089,54.859798,15.423071,13.589806
90.323294,54.994718,15.312588,13.157703
88.444602,55.325131,15.691278,13.082357
86.995935,55.140363,15.520180,13.314396
84.947537,55.705652,15.730238,13.321814
83.970335,56.048381,15.027474,13.489822
83.219456,56.231809,15.428691,13.608348
81.810189,56.178005,16.078642,13.177652
82.870426,56.371133,14.656709,13.313210
82.590913,56.134806,16.245947,13.560861
83.057914,56.241950,15.920388,13.386181
84.780845,56.938117,15.633360,13.749477
87.070903,57.103472,15.490019,13.518506
89.714770,57.127413,15.118124,12.780093
92.704548,56.517018,14.233661,13.722624
94.436159,57.569208,14.372476,13.295599
95.861966,57.712352,15.682913,13.226517
97.876874,57.994499,14.287695,13.207183
97.651162,58.212189,15.017298,13.183611
98.247733,58.619186,13.983218,13.217815
98.440401,58.487057,13.892816,12.847711
98.647360,58.124368,14.858771,13.231419
98.634806,58.685628,13.368755,13.169343
99.600697,58.693935,13.879963,13.129211
98.970394,58.689493,14.536621,13.090250
99.893270,58.768041,14.292685,13.451674
100.107859,59.207699,14.885081,13.150279
99.081355,60.300651,15.287662,11.248233
102.496709,60.629207,12.537374,11.168544
101.215373,61.095221,12.691950,10.928923
98.842537,57.881338,13.816261,13.786535
95.251358,56.011396,21.314137,22.465683
101.204407,61.625816,14.769168,27.451313
109.707424,73.883675,11.064838,14.125734
113.448543,75.693889,9.985993,13.360995
114.305494,74.879766,12.156339,14.832047
114.816816,75.034741,16.158733,16.282465
121.412363,76.357112,13.570065,13.898518
126.072105,75.348447,12.807018,15.110943
132.638378,77.093271,11.920284,14.733263
132.321908,79.177848,13.851042,13.242683
139.193113,78.527011,10.912763,14.652782
140.900735,78.349894,11.517240,12.488565
143.862582,75.953767,10.318071,15.006978
146.811009,79.208640,10.683921,13.198750
148.964020,78.322758,10.830582,13.556222
151.323833,78.862304,10.548123,13.542842
152.267648,78.874755,10.215555,12.773712
154.497608,77.649900,9.376309,13.296616
152.241311,78.133558,11.899218,14.210944
151.538549,79.782966,12.830441,12.517296
155.196290,77.850658,10.668273,13.933914
153.994555,77.214437,11.682010,15.204914
153.381424,77.984537,12.023704,13.876051
155.560606,78.024911,10.614030,14.594964
150.318690,78.138065,15.356997,15.244414
155.572589,78.035301,11.151467,13.058043
155.283819,78.076440,11.081745,13.294067
156.343321,79.177157,10.558665,14.576871
155.734960,77.883760,10.446836,13.840701
156.605702,78.940500,10.891227,13.143503
156.440849,79.712306,11.376793,11.934982
156.348196,79.490412,10.746555,13.087892
156.628304,80.077053,11.330145,11.976103
152.881030,76.956731,13.488906,15.417465
154.263752,76.279556,12.051812,15.447382
155.224760,77.172378,11.473290,15.359592
155.132331,77.371347,11.234899,12.561123
154.789020,76.900858,12.482274,17.419977
155.604779,77.071990,11.921416,14.502458
157.242489,75.837140,10.667418,15.109323
153.614964,75.423579,16.271172,15.404015
160.172279,76.393056,14.169282,16.928837
168.721815,78.722024,11.398602,13.040597
173.845042,78.421889,10.920153,14.725046
177.778737,80.296879,10.939475,12.911099
183.198702,79.391523,10.005950,13.034542
186.065280,78.611208,9.952451,12.500753
186.001426,80.093746,10.930994,12.109717
188.686007,78.243394,10.202297,13.354165
189.939412,79.434763,9.824610,12.543033
190.690274,77.635044,11.301634,14.660803
188.755459,79.435476,13.632950,12.792884
193.478681,78.937329,10.410722,13.151863
193.666906,77.815421,11.051583,13.407391
195.377781,78.055908,9.956814,13.673980
196.770661,78.625556,9.758337,13.258443
197.250622,78.507269,10.409088,15.455287
198.948698,77.287621,9.984852,13.470891
198.463083,76.642646,12.058949,14.951203
199.818156,77.296406,11.366828,15.235041
200.623450,79.618114,11.584739,12.836303
202.386603,76.921934,10.456923,14.483077
201.957146,79.551605,11.565803,15.162765
201.720918,77.693477,13.882372,15.470654
205.063997,78.506354,11.899415,13.566275
206.635321,77.792386,10.321445,13.785603
208.142348,76.940288,10.049974,14.267963
208.611782,77.025706,10.867027,14.628214
209.965781,77.209228,10.908744,14.867283
208.276784,77.780267,14.938303,16.456310
211.207605,73.849160,13.436630,18.054440
216.339321,77.754179,11.021894,15.181537
213.297005,76.345969,15.539622,17.518684
222.133070,79.629310,9.749619,14.074142
221.168406,78.149939,11.518126,15.858404
224.370278,77.331133,11.556457,15.430701
224.025587,78.850751,13.804311,15.987617
228.859785,79.072389,11.110950,16.607635
231.642902,78.780042,11.008046,13.790180
234.629884,80.330834,10.214311,13.309068
237.884822,79.896830,10.700459,13.430921
238.597914,79.529290,12.087402,14.424118
242.679953,80.154249,11.247414,13.246058
243.214135,78.912330,10.734366,15.151423
245.283363,80.340328,10.001184,14.040839
246.822812,80.826785,10.601447,12.515888
246.558519,77.752943,10.756745,14.255018
246.536924,76.954965,11.913972,16.040936
247.159218,77.451287,13.683131,15.315536
246.059477,79.124265,15.001090,13.322692
251.296128,78.901721,12.570238,14.922966
254.558489,81.180724,11.528984,14.247354
256.494555,80.252721,11.568449,13.651073
259.247491,78.317034,10.546342,14.344773
260.412108,78.735004,10.898344,15.017845
260.093839,79.416252,14.097211,16.189627
266.989870,78.526987,10.246503,15.324267
264.954171,80.124347,14.324851,15.004162
271.090004,80.631792,10.606155,14.441215
274.738318,81.316506,10.697565,15.018118
276.449737,81.537710,10.106970,12.517474
279.177770,79.777657,10.610154,15.393872
281.948825,79.422189,10.765581,15.922309
281.793076,78.134579,13.042617,17.217012
282.676640,80.560306,14.806927,15.600163
289.773127,79.168038,10.839744,15.906569
291.983833,81.568584,10.788525,15.924880
294.659631,81.869520,10.227274,14.492442
296.572690,80.838275,10.835451,15.696953
299.059349,83.010106,10.444417,14.147903
299.655879,79.975105,11.076162,16.537113
301.270168,82.703412,10.516904,13.893124
303.012604,80.396135,10.998595,18.063587
305.446290,80.334868,10.109275,14.811185
305.625376,80.003702,11.605846,16.013983
308.511168,81.212814,10.374441,15.477840
309.935215,81.467525,10.578994,15.009766
311.156792,80.034295,10.249221,15.360612
309.970900,82.679979,12.363445,14.198826
313.599044,81.390111,10.869028,13.633709
316.002942,80.266873,10.600763,14.782216
318.197278,82.426245,10.762934,15.275881
320.905113,80.729602,10.319180,14.039467
323.482978,81.620252,10.736269,13.385296
328.436836,80.774166,9.943283,14.123976
331.954800,78.973859,10.159328,16.208889
333.947871,81.455693,12.317794,14.623367
339.016992,79.852600,10.898317,16.679239
342.483601,83.055203,11.062835,15.178549
345.520026,81.301958,10.218657,14.218329
346.878369,82.204111,11.813726,20.225073
346.602739,81.382188,12.889703,15.429565
351.272513,81.186695,10.031469,15.218104
350.463051,79.272720,13.198174,21.561974
354.373730,80.819154,11.354202,16.055378
356.091181,81.687894,10.426318,15.467400
358.258200,83.251077,10.777550,14.680748
359.689764,81.872844,10.836011,14.858646
359.796589,80.189630,11.032238,16.700008
361.310706,81.045899,11.254164,18.924505
362.441773,82.555925,12.008613,14.111256
363.335748,80.218855,11.697332,18.255831
366.106974,82.474677,10.810512,14.619473
368.354941,83.898525,11.454840,19.860437
368.498236,83.470741,12.433769,15.116050
373.785057,81.694538,10.053764,14.523292
376.107541,82.542933,11.352064,18.839132
379.093538,83.073391,9.892975,14.745668
380.137525,82.321610,10.266995,13.758824
382.468327,82.496098,10.272522,14.054533
384.238782,83.007651,10.917898,14.586865
386.004714,82.230234,10.894845,15.634535
387.504217,82.714059,10.258369,13.205894
388.908073,82.625372,10.062336,14.482843
389.867383,82.931462,10.976636,16.716328
389.499370,81.909899,11.551728,14.387163
387.766101,82.402331,15.148111,15.309580
393.682966,82.152609,10.731556,14.415126
392.946552,82.983690,13.038456,22.956251
389.856578,83.776016,16.209990,23.093660
396.817814,78.995185,10.738979,27.977566
394.615062,79.574239,12.603582,24.001137
388.111637,78.165635,20.167004,26.752556
377.830671,73.911646,29.812691,23.849600
364.786695,39.023503,17.115778,32.559277
365.966978,45.299401,15.028420,17.252287
360.906786,41.841668,25.021744,22.881195
363.220840,44.617400,22.970554,34.651386
358.755735,58.337889,30.508705,26.538183
359.700810,61.638447,23.024164,19.598505
375.186474,38.760169,15.578846,30.105045
377.709866,44.327005,16.437908,25.586632
382.570292,45.101569,12.709426,19.718449
381.467149,45.282626,17.739634,23.157238
386.489892,45.341881,13.493242,21.836672
383.331388,42.933914,19.431818,25.193659
388.753937,46.624609,14.201321,20.789938
382.363881,44.773420,22.590136,23.196465
380.651855,64.919280,16.774580,16.821308
381.637719,65.187428,19.210512,17.089792
385.488649,64.961460,18.386543,16.271967
384.711298,66.960970,17.342453,15.594336
388.427860,66.189580,18.644642,15.595413
389.113115,70.363852,15.440293,12.242018
393.727678,70.270078,13.858845,11.741665
398.360690,64.415688,8.941421,18.127085
393.878799,71.226833,13.554634,10.594493
396.794583,72.478131,10.488966,9.478899
395.384795,67.509831,11.290111,14.696351
397.034427,67.281939,10.610547,16.190084
396.336257,72.848611,11.258115,10.110089
400.030717,74.483825,8.176367,8.877891
397.785713,75.178824,9.593051,9.151041
400.861891,75.066917,6.678270,7.887942
394.697582,74.864861,13.463698,8.944297
395.843565,73.381416,12.249097,10.713820
395.090975,73.396361,12.107420,10.397948
395.075528,75.002202,12.081544,9.360301
396.580139,75.129853,10.674765,9.381639
398.118582,74.548619,10.101117,10.422915
387.135706,80.794084,8.078523,10.007872
383.572757,76.996830,13.173541,11.819112
378.236208,67.926335,22.205427,21.130203
381.396501,61.637140,19.394638,27.261747
392.210512,73.872514,10.455488,18.060598
391.592942,72.229846,13.636765,16.319098
392.993300,71.060572,14.152265,19.264729
397.554172,82.231493,9.795024,12.337849
402.300422,80.006098,6.005912,12.682037
401.516018,74.015561,5.962415,15.295971
399.547427,68.958572,7.935062,20.232838
396.677758,71.292582,10.641010,20.587511
387.634839,67.078369,20.578957,23.441172
371.216123,69.585468,29.630005,15.914692
371.454573,70.231305,15.589628,13.912613
373.292481,68.293422,19.746338,14.622821
376.742922,69.366547,22.315344,13.574975
375.386227,68.755610,28.990458,17.631918
386.473692,70.820609,21.201880,15.491070
381.622870,71.050905,20.509556,14.089972
381.454781,71.346238,16.256517,13.120721
381.433709,73.518960,19.192417,12.292400
384.460061,70.726781,17.132351,14.189675
383.495775,71.399004,19.835527,14.144598
376.867557,67.584201,29.707321,19.602497
378.216420,65.015374,29.661983,21.871918
364.422029,41.030109,16.323326,28.900684
359.196922,41.583546,30.343195,29.090364
368.394555,46.447438,13.246629,22.250893
372.760262,47.427410,10.668398,17.040102
375.611521,48.421939,9.798734,13.243736
377.956814,49.080778,9.198052,12.721655
379.902517,49.378074,9.224829,12.841880
382.131699,49.239192,8.895147,12.679460
385.246123,45.443164,9.800526,16.752815
386.020696,46.690349,10.634319,14.738303
388.680593,48.746270,8.898857,13.111299
390.044286,49.675220,9.747513,13.342415
391.562614,49.450942,9.185999,13.826252
393.357451,46.411329,9.576637,17.609390
395.447098,49.359132,9.241400,14.817071
394.722720,49.901161,9.781842,12.345282
397.980144,47.200442,9.199328,16.598951
398.764487,49.674504,8.864038,20.722094
398.715298,44.034292,8.302393,22.334017
399.093999,46.718613,9.367596,25.837221
387.176667,54.326821,21.738434,20.877756
358.597990,48.139443,10.696861,18.734941
360.183029,48.191022,12.652715,18.365826
358.527989,47.594023,17.555605,19.735281
340.304011,69.177682,29.703733,19.008469
338.804896,73.690475,12.688880,13.841037
342.208107,68.397768,14.247783,13.897982
345.586129,67.671258,13.656900,13.939339
352.349002,71.812115,16.585051,11.590447
352.498219,69.765878,16.965998,12.477328
356.905258,67.538674,17.959553,12.783586
358.200840,67.109469,23.375492,17.228636
359.862548,71.892828,12.506849,16.494284
365.172085,76.811519,12.201793,12.450866
366.147334,77.605538,9.132712,11.221647
363.061593,74.383699,11.406474,9.527580
364.767009,70.753940,12.700232,12.844424
369.548408,78.775887,9.714746,10.333109
367.307592,69.216685,14.803570,13.669150
370.184294,75.402466,13.851376,12.341763
390.655172,76.618617,6.850216,7.936701
392.213246,75.877788,5.672083,8.008909
392.477748,76.917406,6.277183,7.271403
392.224805,76.040057,8.059871,8.081968
395.736414,76.439693,8.778399,8.458318
397.093084,76.811124,8.583678,9.215128
396.188749,77.059181,11.460600,10.249448
403.057762,76.188680,5.318118,11.213063
402.024799,77.325919,6.074643,12.765692
390.566438,80.574561,10.094294,9.899760
388.945711,78.673421,11.438222,11.228846
392.722965,78.409698,13.481477,11.532545
389.163956,69.497408,15.533370,19.789536
387.529408,76.984017,17.477829,14.290973
388.891787,74.780702,16.043163,15.466322
388.091492,74.766607,19.186539,17.290028
394.391727,75.010215,13.202149,15.144929
396.870495,77.434895,11.328262,13.337134
397.365356,78.556984,9.652448,12.400299
396.444930,77.513091,11.523105,12.451513
396.893412,72.480056,10.948441,14.092649
394.915089,73.021714,13.317307,11.097388
399.019479,75.431923,8.881078,10.856732
390.089478,71.602429,17.287056,17.199913
384.322380,70.710431,17.181362,15.516875
384.848694,68.752042,15.714900,17.617445
387.845458,73.124614,15.684501,11.539301
388.703204,72.615306,15.353163,12.225245
388.628605,71.142197,15.875019,16.596764
388.566621,71.178404,14.775930,16.699192
389.970035,76.380438,16.459764,14.084538
392.304931,73.163722,14.673528,16.167513
393.554169,71.098896,12.637580,15.923424
397.697596,61.112039,10.785744,28.404844
396.002639,64.288851,10.768141,25.917828
399.223531,67.671927,8.457002,22.539661
398.806593,74.663705,9.146641,16.350958
398.605982,75.018015,8.939781,16.419540
396.179679,72.946132,11.224561,17.541864
381.040920,64.086248,25.292328,27.832827
357.496247,60.136643,15.562754,29.954189
350.838215,64.325794,34.708538,26.392803
337.833731,61.329402,51.855515,31.410559
312.635042,58.079233,69.942238,39.001762
324.028650,60.886685,35.331322,32.838093
312.475912,67.298043,17.990891,21.104471
322.927852,63.808652,7.779112,15.528322
330.601626,60.559081,16.647070,12.869654
327.427145,63.898657,9.984943,13.251263
320.767206,62.454953,16.454414,12.480460
330.605815,61.933475,21.059874,13.748335
333.303559,64.738315,8.614504,12.148961
335.250980,66.429760,8.285278,10.500947
337.843386,66.149063,7.598221,10.167630
338.576415,66.097618,8.090987,11.195035
340.202535,65.972592,8.593614,11.011810
341.521917,64.545062,10.688508,12.015852
341.298152,63.053490,14.521008,13.552162
334.330459,68.588614,22.827662,18.354359
347.327686,64.224197,16.803551,19.935450
345.896520,66.527690,14.124310,19.337214
352.817874,65.900243,9.012278,11.281123
351.615465,62.848353,19.055332,15.562041
368.273885,62.155040,12.126866,12.689367
374.141098,63.497254,10.998199,11.306479
369.946198,62.853093,16.256258,12.321513
375.757337,61.132301,12.317864,12.927446
377.251553,62.380953,13.111213,12.830147
374.203190,62.685432,16.276726,12.965936
380.148749,61.608186,10.906832,12.875715
382.113521,62.407602,10.900080,12.628111
383.089221,62.621321,11.151444,12.855755
384.721527,61.705754,9.827806,12.812204
383.582014,62.399279,12.721696,12.741694
385.750230,62.065131,12.153474,13.151079
387.576962,59.751644,14.693443,16.795052
375.109491,67.277789,12.148659,18.129938
377.134281,64.337889,18.000172,18.133389
377.514337,66.419828,8.729676,14.711233
378.182760,65.515498,14.218647,14.908335
377.249394,67.982457,12.642032,20.330793
367.956473,71.342951,26.963041,19.966152
372.574726,67.917938,18.215717,23.542831
382.573395,67.237969,8.509533,11.750427
379.892943,64.969002,19.643400,16.879639
385.883887,66.357800,7.873709,11.979187
385.806962,66.198695,9.705747,12.855257
389.696191,67.603633,7.999113,10.516706
391.868391,68.676970,8.134046,9.656113
391.961215,67.497201,9.778902,13.044040
383.410123,65.165747,10.617470,9.407561
373.574122,62.628034,19.098431,18.049555
367.300689,64.900198,15.772845,22.085709
370.603609,68.820846,17.076262,20.844206
363.434558,64.433002,22.519939,24.243269
341.575522,72.708139,16.504547,20.643518
340.126599,74.473544,20.004253,18.727415
345.065259,74.327919,16.096348,19.221645
338.589846,71.421275,28.783274,21.674688
347.135174,70.637801,16.176710,24.044020
342.721974,70.285524,23.041759,23.420725
348.795774,70.342074,17.406267,24.190872
350.175914,71.929769,17.765930,21.283464
350.641320,71.938287,18.697933,20.838190
351.502420,75.139448,17.763971,17.745163
353.656355,74.392052,17.595583,18.574192
354.012239,71.364132,18.059664,22.695499
356.135279,72.452034,17.808725,19.887905
360.184377,75.373351,16.394482,18.859869
357.016877,74.003059,23.872822,20.328054
365.546644,73.474333,16.097910,19.603340
365.957065,73.311493,15.787781,20.762104
358.782361,75.039501,28.262157,20.400806
348.495644,73.549131,15.810503,18.316362
343.131437,68.416793,28.928518,23.866667
352.251820,73.362084,19.602137,22.584850
350.582333,74.067591,31.258966,21.953705
377.440255,74.197217,16.391617,19.678988
370.282430,74.022619,25.256668,22.024490
375.617582,74.844758,21.312178,19.762957
381.435102,72.213229,16.447569,23.372869
379.931915,75.346946,19.385302,19.925856
384.791387,72.586114,16.782776,22.554201
382.575479,76.477306,19.688019,18.450132
385.224087,76.024293,19.047945,18.718454
389.766778,71.418111,14.819114,25.707132
387.483319,71.939223,18.421181,23.664358
385.948316,75.487402,20.732002,20.353226
384.545067,76.150418,21.828081,19.857309
389.265136,75.036166,17.458530,20.535757
386.242683,76.236664,19.750147,19.495586
369.847859,70.992467,34.703144,24.544733
374.143237,74.758004,18.145622,18.981684
356.315675,64.947869,16.376125,23.797504
357.301426,65.255608,14.289655,24.009930
354.948751,65.201911,25.000696,26.699308
360.695139,68.129267,22.022478,21.771248
362.922962,67.358253,19.391966,20.707327
360.273515,63.029679,28.248966,31.716061
379.645273,76.458034,17.771441,17.259466
368.648137,65.388334,17.849602,24.677969
362.239450,62.862884,22.905563,26.890322
360.939551,69.356212,36.711269,25.801584
335.869701,68.420376,15.017928,27.432884
339.165794,63.912958,11.751043,23.118404
340.982790,71.013226,24.120066,27.015129
339.199368,69.444780,17.481848,25.191832
345.911984,66.837484,16.692188,18.134016
348.510250,61.928147,17.927229,28.586105
351.197472,61.356219,20.992056,25.175676
351.046933,68.019398,33.247059,30.577271
354.481483,65.756717,16.425125,28.200960
358.493229,66.700169,14.323004,23.542297
363.291907,56.979140,14.915322,23.897062
366.246756,59.969876,14.219606,34.982944
367.765316,69.150419,19.158827,27.875267
370.657927,71.271894,14.070802,24.509226
377.056522,68.740739,10.963675,22.430368
380.519550,69.784992,10.124907,27.476742
372.835466,70.427286,20.289915,25.449883
384.041850,69.846011,10.712049,19.712355
384.837965,71.629382,10.251491,19.744219
383.330245,73.669822,14.800953,23.357447
386.113152,68.984204,15.477349,26.066473
384.741975,70.002424,12.113227,23.759144
385.633900,68.642390,9.358323,19.877310
386.723035,69.064792,8.162979,17.207056
383.412489,66.862174,19.767378,21.488867
386.950662,72.270082,19.126945,18.049494
381.754895,89.924206,11.395696,13.897868
389.050559,71.232763,10.241364,20.334742
384.462810,69.693353,18.117577,28.841650
364.255038,69.969367,40.741295,27.869600
367.958062,71.377691,37.441952,34.436726
381.665311,79.512675,25.845173,26.152020
362.151614,83.514886,46.848386,31.444662
381.179237,70.488495,24.395298,32.244087
364.750271,41.455139,11.101542,24.445103
347.166694,29.054634,45.079365,32.808952
335.982288,52.705183,32.910938,32.201153
342.057605,57.315537,29.033054,33.418846
340.580741,54.114786,53.268414,41.565952
351.055463,63.327234,52.607300,36.659733
361.433321,62.070086,44.847267,36.137363
353.259042,71.013202,50.662865,31.598269
354.023181,62.621674,43.587269,37.055260
354.858278,66.843352,40.161995,32.219418
351.918636,68.548071,42.833851,32.715252
360.040763,66.946989,35.272762,29.296139
365.964303,72.337117,29.958902,22.910048
368.134408,65.244775,29.952776,26.860395
362.118038,71.643732,34.314304,23.693020
359.803085,70.080949,38.873219,29.946074
363.623735,67.082663,39.387878,27.993656
358.541210,56.222367,27.454540,32.662918
381.455582,42.304082,21.412508,20.013540
392.078558,44.053488,10.916900,16.339367
391.588202,41.034055,14.160517,17.910559
382.182629,40.127201,22.743162,18.629456
371.769152,66.151907,10.321486,13.117596
369.000087,65.763892,20.600281,14.571970
374.694361,66.774535,12.107988,15.483294
374.873728,67.415681,30.444582,23.577803
376.606012,67.400805,20.197033,28.262043
377.116856,68.383537,8.731901,14.346766
378.295052,66.413990,11.282451,14.050022
378.871192,66.893826,12.836561,17.595772
387.812145,77.321527,19.557278,14.804120
389.240449,72.110043,17.810356,20.183800
384.330458,68.534469,19.616873,17.698397
386.927061,70.505505,19.885612,21.109085
386.187608,68.859756,16.928040,25.320887
388.162378,68.089632,10.351128,14.814587
389.685179,71.060029,15.915034,19.420614
390.765625,74.130832,16.664549,19.207247
386.186403,70.041121,13.793109,22.765621
389.920184,67.694326,12.540277,14.277155
392.452742,70.760447,15.842501,22.492874
388.538689,80.969199,19.749899,15.902678
390.959505,85.476310,15.079388,12.637197
400.908874,71.231137,7.665925,25.630358
384.482400,81.829390,23.368885,16.015106
393.965550,84.472541,13.413298,12.963179
395.964266,88.557519,11.768980,9.274154
397.512425,89.200924,10.246640,8.198010
401.008223,88.076249,6.905921,8.795737
400.548240,90.041075,7.783310,7.655380
400.306137,89.376221,7.551018,8.305779
395.193619,88.301328,12.498797,10.624269
393.825163,84.260367,13.576536,13.318569
379.057945,73.080139,8.888554,9.570346
381.375645,74.332773,9.400264,8.572341
378.432731,71.584721,14.003835,12.668481
374.205344,69.077318,22.173029,22.300356
359.560542,62.274924,31.513796,26.847048
318.036521,76.173069,25.951948,19.467337
324.103776,79.267662,20.048296,16.133413
316.625170,77.579850,28.835571,23.453251
286.499376,54.300440,16.220579,18.775286
290.562501,50.129300,18.393698,22.613140
294.148750,50.320513,17.431177,21.671206
296.076645,50.744025,16.237991,21.079300
299.050635,51.327018,17.069950,18.731682
300.749462,51.881839,15.121812,19.989166
303.001914,54.643163,15.193904,17.335850
304.408782,54.699868,15.799381,17.802372
306.254858,54.098724,16.428869,17.888649
307.331117,47.918833,17.881979,21.805590
308.307048,52.309776,15.636759,20.268591
308.924130,53.973387,15.172844,19.068598
309.727292,52.502652,15.420639,18.346584
309.889027,51.520328,16.867279,21.129425
311.005282,55.033942,16.622990,18.830734
311.543606,53.062681,19.983101,20.040575
313.878408,49.852338,21.968702,20.664448
315.522678,51.018499,16.249292,21.689236
316.443406,53.247192,17.230408,19.813568
318.519800,51.273717,15.848661,21.613941
319.016751,53.981317,16.097595,18.959354
320.287427,53.368585,15.668174,19.146366
320.867569,51.601034,15.617203,21.494097
321.441755,53.020230,17.642294,20.248495
322.055016,50.810427,18.101013,21.409601
322.175749,51.218984,15.483663,21.604084
323.446063,48.868521,18.520039,22.214258
324.235757,51.204266,14.741262,21.206991
324.809389,53.223561,16.127111,20.137096
326.646903,53.119677,16.382084,20.460337
327.555850,50.844494,18.610668,22.245901
328.286431,50.011242,16.688950,23.000174
329.235075,51.063489,17.132086,21.376034
330.505248,51.855612,16.526829,22.198008
330.635437,50.939000,15.794251,22.358051
329.196596,56.635187,16.423841,18.060152
331.587398,53.241759,15.454165,17.945007
331.627144,50.841887,16.240013,22.012674
332.914088,49.944169,16.240261,21.748753
334.204244,53.544038,15.662246,18.979511
333.639414,51.243963,16.342869,22.113688
336.559633,50.976440,17.033667,21.461960
336.545869,53.191896,15.849700,20.584789
339.517876,50.385479,15.937654,23.001303
341.423069,50.825987,15.349823,19.831049
343.529024,50.980102,16.333975,20.966148
343.274773,53.088526,17.265144,22.544619
346.388243,52.091746,17.359264,21.382868
348.518497,52.151889,15.514947,19.628494
349.789380,54.505486,16.369354,18.165045
352.327446,53.256504,16.323092,20.416212
353.313208,54.218744,17.528751,20.341669
355.295296,54.945439,17.821556,19.060751
359.741674,52.920070,16.202322,21.088547
361.878842,54.151890,15.255141,20.499678
365.799015,51.810807,16.002954,21.599499
367.586623,52.549895,16.285030,20.856598
368.470886,54.504815,17.740610,20.145512
372.017762,51.657802,16.723808,22.323196
373.777414,52.622258,16.706633,20.806843
374.223345,53.647083,16.315807,20.728025
374.271126,56.931307,16.870277,19.678171
380.175489,52.814231,16.865004,21.762482
377.768122,55.369785,18.875492,21.984022
380.977540,53.734201,18.713484,24.129902
383.548014,51.859714,16.590626,24.438225
384.585639,52.788895,17.454784,21.868872
385.479589,52.360145,17.308210,23.011131
387.441126,53.863052,15.987615,20.712959
385.501705,53.751666,17.548700,23.257996
389.734108,49.479435,16.717567,24.761473
392.303151,53.059128,14.541739,19.758879
392.501648,55.184853,14.422928,19.630644
394.830546,52.622897,12.806117,21.837616
395.966226,52.090326,11.693655,23.152727
395.580322,53.354702,11.798624,22.799978
399.211708,55.024394,9.288934,20.705040
397.109990,58.737764,9.731567,19.236176
387.666009,56.254297,11.782104,23.178782
362.505433,67.301843,16.373163,14.287272
367.646834,70.120530,12.309065,11.434865
370.834184,68.556977,12.022943,12.127155
373.325448,68.607955,14.628084,13.644905
373.911467,68.791624,13.370616,11.843786
374.124692,67.935591,16.130497,13.949334
381.681080,68.152385,16.493757,14.945773
376.012137,70.722015,15.981634,11.497401
377.994617,69.518532,19.268246,12.041440
384.081320,69.129439,14.530112,13.560080
383.069179,65.876229,18.214081,15.718423
381.044212,63.303931,21.569473,20.803707
363.989374,75.452468,14.347481,19.457432
364.608510,76.220425,16.208826,16.981638
361.523759,74.081176,24.848442,20.989811
367.855917,73.594445,16.576370,20.382690
369.779795,75.581627,16.045218,18.486399
373.498765,75.833320,12.966805,18.558231
371.562133,73.760756,19.481251,20.371733
375.517847,75.971185,13.739616,18.041336
376.925405,79.604757,11.005299,14.478706
376.967105,77.545069,13.158463,16.608572
366.219758,74.073486,28.593874,20.053036
363.334838,72.322746,28.376911,24.897532
371.747125,74.585101,22.657005,21.730930
363.687138,74.140682,14.748675,19.967974
365.484082,74.513731,18.807032,17.668539
360.966941,73.420144,25.170399,24.232819
364.513734,74.362936,26.370789,20.573431
381.667559,76.724461,18.379583,18.826014
386.578643,76.767842,15.144489,17.673792
377.391250,76.331340,24.927509,20.567608
390.045002,76.861729,12.762598,17.980639
382.775754,78.161270,21.002159,20.761713
384.700540,76.081161,19.919388,21.505466
382.441441,77.205066,21.271196,20.314739
372.249628,76.330119,18.613682,17.321148
372.519618,74.859330,17.188555,16.997284
366.269368,72.035614,27.839758,20.816912
372.432204,75.101233,18.275354,16.775473
365.297153,57.600701,19.134289,22.347387
361.092790,60.056064,34.960777,35.832344
356.493909,69.640125,39.540680,27.913870
375.537930,74.434438,25.337435,20.445072
374.077747,69.974406,26.106495,23.050423
380.383908,79.819849,25.197138,19.227549
365.814052,71.453942,36.373615,27.130611
389.425680,76.298969,18.111420,19.465124
377.421751,74.806124,30.480001,21.965158
385.742314,77.524315,21.483232,22.271215
386.379462,77.041969,21.191206,22.747282
359.453926,75.693999,48.550228,26.262817
339.124618,61.932038,34.878109,35.822620
305.028724,71.149734,10.367455,26.139717
308.013834,79.114501,8.569279,17.778168
309.459132,70.463842,9.546881,25.334972
312.208410,80.773876,8.099715,15.010862
313.702115,77.806880,8.997582,17.819668
316.057788,81.628626,8.746480,14.789148
318.112017,70.540066,9.136649,25.787783
320.205053,81.763593,8.188606,14.942795
322.120643,80.838914,8.990262,15.083885
324.118571,71.053918,9.741609,25.465858
326.396312,81.946658,9.045662,14.211537
327.728356,70.522660,9.786875,25.875721
330.761731,71.713930,8.883492,24.849222
333.652740,71.940062,9.672114,24.731565
336.373785,77.751812,9.984687,19.076738
338.879135,71.741057,9.749626,24.380365
340.918314,78.931579,8.509556,18.191612
342.660902,82.456047,9.123729,14.838176
343.229241,71.644324,9.218358,26.360428
345.649359,72.890899,9.528735,24.278442
347.611167,82.268480,8.875314,14.681537
348.524746,71.161720,9.421519,25.991659
350.285046,72.743870,8.882800,24.160276
352.559750,72.570828,9.442156,25.132723
354.336759,78.419363,8.906372,19.273054
355.090234,72.057599,10.024765,24.589531
356.624094,74.182427,8.939178,23.233454
358.183535,79.511029,9.618925,17.447327
360.771290,82.804955,7.918456,14.899724
360.362597,71.613813,8.790312,26.803841
362.129767,81.801403,9.465132,15.797754
363.534338,72.170732,9.509998,25.370590
364.836702,72.433753,8.650088,23.689362
366.070176,72.762396,8.973779,23.099524
367.294199,72.531534,8.906298,26.173262
369.754776,83.739762,8.544005,14.378572
371.420864,81.659142,8.431721,17.030851
373.043622,72.976688,9.250460,25.185127
375.313466,73.351530,9.589288,24.111204
377.865141,83.492747,9.385497,14.743306
379.058110,71.742213,9.311277,26.434391
381.051012,73.413572,9.477099,24.167290
382.571385,73.242594,9.493756,25.323645
383.544219,73.344940,9.078218,24.091509
384.991911,72.982280,9.194784,25.633568
385.134843,73.416551,9.436378,24.456909
387.181955,73.633147,9.268616,24.530910
388.126183,74.144098,9.029403,23.856588
388.077116,72.998770,9.922714,24.885630
388.265934,82.682133,9.788127,16.588034
388.953515,83.809884,8.997549,17.124359
390.616455,83.004096,9.305447,15.549729
390.446366,73.599460,9.481812,26.047115
391.897168,83.865273,9.452478,15.042589
394.113405,85.293746,9.444279,14.268139
396.006460,72.840350,9.071468,25.120018
396.960030,73.990889,8.913176,24.850859
398.819787,74.617887,9.345845,24.756859
400.093945,74.548331,7.593939,25.142384
400.384350,75.954610,7.033980,23.097141
399.729199,77.277338,8.560620,19.285177
398.424674,80.251914,9.397490,15.833390
394.378381,83.766035,13.025186,13.532534
383.194472,81.299095,20.164682,18.813276
364.257577,68.946679,10.777164,14.057469
363.810126,71.530665,11.537639,12.962823
367.167850,71.314479,7.547686,11.860375
365.387333,68.898493,12.158672,14.239225
366.482898,68.464982,11.014693,13.606774
368.334382,69.528240,13.008415,13.760252
369.689101,70.941758,13.831111,13.006112
371.689363,69.859704,10.940616,13.911248
372.592537,67.859880,14.329415,14.920425
375.577741,68.760773,12.396727,14.433198
375.033425,68.852496,14.640308,15.542588
376.029657,70.930366,17.644541,17.841904
376.135009,68.963163,26.823317,22.160954
382.466973,76.007414,23.982746,22.847979
378.052822,70.779023,28.979071,26.049557
380.570528,68.425873,17.176477,21.446203
382.804775,73.374448,26.195225,24.373158
374.540722,70.122599,26.442028,20.406420
346.876019,69.331032,16.505054,17.853460
358.319871,79.121516,12.770519,13.298272
349.870294,75.408838,22.844950,16.354986
349.934186,73.915169,25.158840,18.024469
357.420998,76.515021,20.426128,16.986845
361.650975,74.958419,18.735409,17.155056
360.586103,77.258548,17.983912,14.520535
369.442790,77.255624,10.295135,14.008355
359.705962,72.170058,20.068512,18.372334
368.088115,75.522941,17.207129,16.217960
358.469773,76.649144,29.269581,19.564529
348.801383,77.007611,26.004471,18.563385
348.974137,76.588906,26.303066,18.989847
355.973049,75.433844,23.684568,18.360792
365.954525,74.490534,15.490087,15.397145
383.569685,79.350989,10.608857,14.056196
372.473474,73.682700,24.049532,17.533451
376.115025,75.442377,12.062100,12.595160
372.153291,75.268777,19.328236,17.597549
382.113666,76.177286,16.956915,16.056585
375.297498,71.266258,18.066973,21.101740
378.935917,74.038778,20.012838,17.218527
377.161327,75.457641,24.672697,17.611217
356.298579,78.458755,23.877167,18.308796
344.672620,78.439696,26.375370,16.819014
343.358427,74.769597,25.944872,19.882614
341.176245,78.765200,29.169792,17.315733
342.256909,79.154980,32.253063,17.851046
354.354739,76.904435,45.032867,22.056458
356.655121,81.315222,23.090231,16.807409
365.986822,83.667397,19.107531,13.374574
360.519768,81.099131,29.444908,15.175997
367.792898,80.853196,25.550245,17.416225
362.116079,81.463529,22.848265,15.930470
362.195532,80.439554,25.265432,16.661783
361.003039,78.170521,21.698429,18.602308
371.252571,81.195068,14.061479,15.067131
370.243711,81.455788,24.336935,16.316267
375.008023,83.289463,16.656441,13.909888
368.960716,81.105227,24.803389,16.250952
364.341074,81.035139,27.494379,16.185453
360.672507,79.601562,25.172180,16.974583
340.671765,81.718310,12.564404,9.278775
342.009099,82.233814,19.444672,10.956573
344.315748,81.725500,16.836695,10.215564
344.822181,80.843842,16.892122,11.020216
346.558634,81.180677,16.750116,10.151340
348.826896,81.227701,8.117968,10.116309
350.262564,80.408589,15.820161,10.977906
349.650522,78.056323,19.055201,14.011456
352.328708,82.305207,15.273756,9.296791
352.475282,81.631602,13.363306,9.909264
353.755578,79.837951,12.535667,11.117386
352.605062,81.350514,14.762197,11.812613
356.828433,81.358220,17.398777,10.959710
357.260260,80.208862,15.753624,12.293972
365.088015,83.885025,8.549339,9.256887
369.800003,83.962424,5.070074,7.849430
370.917041,85.060037,4.865869,7.698376
371.831028,85.590473,4.733380,7.714531
372.769722,85.409541,5.873968,8.880652
372.092684,81.605386,13.462339,11.593172
364.699707,83.280331,14.261670,9.856579
365.142651,82.595327,15.475785,10.052259
365.617891,82.895350,16.100775,9.324290
367.336264,82.011580,16.063232,10.341376
368.931561,82.756395,16.613289,9.996644
369.652293,82.466851,8.646960,9.404295
370.431578,79.791006,18.435345,14.522771
372.745939,79.733532,15.948623,12.697739
374.813544,81.113829,13.763191,11.077469
375.807709,80.570111,16.419773,11.658095
378.267041,83.817971,13.732407,9.150619
379.910396,82.759739,19.489889,11.051629
391.389202,84.058171,9.110440,12.727856
386.830754,81.047678,15.910466,14.261846
381.998664,79.661057,23.322037,15.086395
381.128569,79.897153,20.163315,16.785696
378.469166,81.346052,25.040648,15.730245
388.942669,85.111146,16.996885,10.532485
390.947902,85.993050,13.935789,11.512465
393.596890,83.432217,14.580410,13.450729
394.437149,82.774885,13.419027,10.689678
395.641342,83.429864,11.371140,10.258337
396.043559,79.068788,12.294494,14.361672
375.774417,79.872175,11.075087,11.115929
375.748112,80.266824,13.528239,10.230841
374.373499,78.966535,13.698860,12.588995
376.077396,80.003719,11.896433,10.258641
369.850441,75.976871,28.432915,16.957369
363.968089,77.228561,28.900324,19.553629
373.706426,80.858427,18.169439,18.089298
378.915021,80.358541,11.192755,10.986859
380.626224,80.750400,11.254773,10.658586
379.588967,79.300272,16.589436,14.502533
382.928711,79.843536,9.972263,11.222791
382.368894,79.604620,19.797609,14.255509
379.284564,78.781145,15.259787,12.093704
384.814994,79.864926,15.748290,12.736979
398.021936,82.446724,9.839662,15.458234
395.020016,83.219812,12.358879,15.438604
395.590972,81.256184,10.475485,16.814659
399.406920,84.076851,8.309914,14.015019
399.549405,81.661252,8.038013,17.277487
397.581686,85.622064,10.028122,12.838034
392.437325,80.227753,12.478523,11.368019
393.890917,79.952206,11.418427,11.867092
393.780554,81.304370,11.563953,11.111094
391.406544,79.559040,14.057968,11.747871
386.301989,80.374392,18.333649,17.092152
371.950295,83.416593,28.676140,16.450155
354.906675,83.507412,28.915216,20.767685
351.653685,88.374817,12.770546,21.164345
353.807099,88.590103,10.309460,20.178925
352.872786,92.373397,11.564517,16.281767
356.676681,87.905788,13.184777,12.167092
352.782536,91.972505,14.334540,18.476072
349.866334,93.331511,19.054693,17.900089
352.172058,95.788887,16.581451,14.970146
353.008321,89.607273,15.301581,20.784790
351.478406,91.093626,20.445578,20.582958
353.396511,94.259089,15.895181,16.260349
357.979224,89.150517,9.245906,17.212532
361.725208,86.912198,15.284387,9.921531
359.582645,89.703492,11.358197,17.552057
354.811678,90.355384,21.226173,19.244669
356.199342,90.306217,13.042521,18.735405
358.796842,89.475871,9.633561,19.181559
357.157265,89.753950,12.344929,17.914562
354.757568,95.540696,16.793024,13.831114
354.196154,96.709112,14.448994,13.186215
370.284232,86.741967,10.681955,8.721311
373.008208,88.491913,10.484028,6.494571
374.444827,89.762779,7.155571,5.024875
374.186149,88.468146,13.612211,7.442921
367.680436,88.542897,10.058804,20.451986
372.461610,90.022102,13.555997,19.138990
369.499492,92.008820,22.473770,19.431896
374.890816,89.775389,20.063780,22.382896
385.415681,89.805681,12.114620,21.317314
393.561307,86.732732,15.099370,10.266814
398.410977,86.926365,10.138200,9.116632
396.614021,88.732178,7.428527,7.760367
396.984768,89.617455,8.319758,15.300552
399.238349,90.052886,8.832626,20.800947
396.627289,97.892902,11.528712,14.316542
385.525837,100.578809,20.999052,12.975901
384.930787,74.979571,11.108277,17.828352
388.201607,79.802480,11.529170,13.604431
385.845069,78.883112,19.438213,16.615484
394.783153,80.915976,11.069424,14.187963
397.183787,75.356265,9.914739,19.639629
390.463891,80.651801,15.372868,14.030109
397.905765,82.958266,7.920342,11.957905
389.712435,86.073903,15.898736,10.004440
395.934679,80.494701,10.985427,13.681629
400.793837,75.473659,7.037942,19.161339
399.954654,84.737891,7.664371,10.945062
396.694120,86.554831,11.446148,8.986791
395.601051,87.985249,12.243320,7.766774
396.322459,86.469283,10.374172,9.189907
396.206822,84.808793,10.894587,10.634450
384.041593,87.235601,21.255802,9.264503
381.635949,82.294661,20.973503,17.653368
378.622703,81.184223,19.242626,17.648314
374.646574,81.096437,21.929876,16.996044
375.885488,80.732992,18.306847,15.590395
356.002750,80.650494,12.928634,11.713530
358.710136,81.811210,14.611670,10.442993
363.021562,83.110753,13.609303,10.366014
363.072469,80.957978,15.842686,12.567730
362.602967,79.940575,16.501577,12.882639
364.865401,79.607502,13.786691,13.494491
367.123494,80.837340,11.879437,11.707415
368.905892,83.648150,12.784742,9.626519
367.811909,80.807024,15.520575,12.945875
368.553246,81.439051,12.423669,11.314245
369.147528,81.296468,11.351476,11.888527
368.661193,80.593371,13.011738,12.096052
369.782664,82.937291,12.008955,10.459100
369.156634,77.791170,12.436758,14.023261
370.634533,82.093235,15.013713,11.943213
369.797691,79.995468,14.135287,14.180952
371.758864,80.492762,14.041403,12.293798
372.448944,81.328107,12.812648,12.131574
372.600580,79.567221,12.506766,13.802584
376.106982,80.609279,12.702066,12.554832
376.477230,82.836082,12.313578,11.072368
376.768157,81.431355,15.872589,12.132714
373.485257,79.010626,14.086007,13.081049
378.389001,81.954448,11.933515,11.420506
377.226539,81.439648,16.742558,11.976824
379.162251,82.020807,13.171979,11.980970
379.884000,80.533489,14.000852,12.481868
381.552575,83.037290,15.671556,10.777381
382.009469,80.837340,14.593823,13.254300
383.867744,79.688279,14.185589,13.504857
386.256742,82.340297,15.408538,11.612938
386.717903,81.885546,14.652755,11.891024
389.600482,82.793125,12.786977,11.558172
389.300077,80.140850,14.624427,14.190729
391.433149,83.314540,15.236320,11.507656
391.214015,80.922077,15.355615,13.109210
391.385401,79.523684,15.876463,13.884932
395.033502,82.587535,12.749565,13.278340
393.915419,77.902309,13.560713,15.605704
386.535960,80.075579,21.713356,18.558359
366.099548,84.794487,29.115898,20.429220
363.412975,79.928871,14.316611,15.764235
366.018707,83.173352,9.866149,15.180013
366.676666,76.847856,12.548512,20.222404
366.924066,79.150256,12.371261,15.797521
367.252088,82.965865,10.764621,15.711198
368.708041,79.559877,10.577950,18.758114
369.558079,79.778010,11.410658,18.387342
367.913017,74.918729,12.556236,19.890011
369.855357,75.132161,14.485329,19.642368
370.497002,81.640042,10.550077,15.542850
373.524977,76.868993,10.474629,20.281860
370.812965,77.886863,12.992644,18.751854
371.963309,75.893121,15.146074,20.039715
371.549538,80.622751,12.809126,16.308168
373.782529,75.227910,12.547333,20.948849
367.626112,73.547887,21.688185,26.056408
371.834701,75.903306,19.008045,20.460110
367.165688,73.852560,25.575312,25.406008
356.350665,72.244372,33.314243,30.692636
366.670523,71.249228,21.639463,25.523935
375.885560,76.070093,15.342317,18.544527
380.017528,80.011251,13.274699,13.879283
381.043413,76.726620,13.015715,20.731558
383.762111,81.878380,9.846240,11.414990
386.837926,77.084792,12.107082,19.758919
385.606179,83.919180,11.865106,14.416545
388.945232,75.904314,11.223907,21.654806
385.007837,74.547877,16.726501,22.607935
377.493653,62.649657,31.220041,20.350918
370.220587,71.112786,31.418295,28.771593
343.179979,71.575425,17.444214,14.207513
341.160629,74.677810,16.605148,13.098392
339.744357,76.020035,21.568741,16.750795
361.197879,91.964283,11.964020,13.166346
363.798512,93.522945,9.546686,11.352436
368.504210,94.226853,5.968010,11.591192
370.548261,93.834248,5.731316,11.831915
369.631805,93.043843,6.952365,13.003317
370.547340,92.475065,6.656669,12.776736
371.777706,93.832022,6.285099,11.862539
372.303702,94.689875,6.163849,11.940847
373.249354,94.639613,5.351918,11.698689
373.091612,94.870377,5.908759,10.669724
373.734060,94.714147,5.926966,11.130820
374.242590,95.117456,5.873122,11.426528
372.167032,94.032272,7.445183,13.478462
374.305340,93.919366,6.072281,12.602020
373.910746,93.359326,5.822001,12.677335
374.731771,93.532328,5.515752,13.763425
374.049377,93.247150,5.941159,13.257721
374.367629,93.926711,6.232244,12.568036
375.534472,92.971545,5.817607,13.588025
376.088913,94.000630,6.125282,11.173566
376.360308,92.717811,6.279106,12.416076
377.267512,92.292221,6.002856,13.925105
376.666468,92.567988,6.803916,12.306119
376.784263,93.296937,6.567277,12.402364
377.761124,93.238008,5.614238,12.838264
377.043455,93.348979,6.645821,10.655885
376.422781,92.533733,8.135624,13.064467
378.761246,93.415321,6.646103,12.744389
378.478880,93.364408,6.293602,13.267555
379.864265,93.115652,6.253235,13.303649
381.572941,93.338790,5.926716,12.984100
381.472777,93.539894,6.366886,11.102411
382.130265,94.035406,6.844944,10.948325
384.745405,95.167391,5.968003,9.710441
386.312656,93.573413,5.810227,12.855402
387.855086,93.672224,5.783306,12.655507
390.527611,95.956191,5.403575,11.425459
390.904118,94.791095,6.636374,11.638920
394.189542,92.814658,5.621817,13.805909
395.659875,94.228407,6.015326,12.954130
396.200711,94.938166,6.060219,11.386740
396.467652,93.862750,7.430213,11.344060
394.330229,93.011779,10.186905,12.620819
390.933434,92.096433,15.232727,15.091396
385.456475,89.353325,20.966633,17.296511
377.370583,85.788963,18.269966,21.991337
376.118905,85.045964,19.635015,24.206688
377.892609,87.887088,14.342384,18.651249
381.529629,92.975203,14.363740,15.448019
381.331732,84.658412,17.991127,22.791355
381.203580,82.029087,20.235270,26.147409
380.211947,86.538272,16.735580,21.925358
382.729358,81.165814,17.802183,25.741495
381.962309,87.881302,16.448463,20.866938
381.690659,83.341850,19.515224,25.674068
384.186414,89.119033,13.139123,18.542728
384.188691,84.740452,17.844683,23.067087
382.573133,88.029712,18.574503,21.700871
382.308877,82.572588,20.409159,24.360708
379.040140,84.617565,22.328331,24.114481
381.032683,86.883590,19.321945,22.083263
386.638050,76.116942,22.158810,18.022463
376.085449,84.878225,27.657330,25.016232
339.622626,65.281276,15.192090,18.075317
340.404840,61.822093,15.402626,17.620144
343.079568,62.861570,13.447937,16.963043
344.960449,68.740237,9.618735,11.690815
345.473411,63.566468,10.502070,14.813069
345.694885,60.616939,12.182799,17.871765
347.011012,61.003908,14.426454,17.365942
350.393463,67.919005,9.341575,11.183278
351.233542,66.395716,9.563932,13.075723
352.040724,68.498646,9.355815,10.901540
353.176143,61.503467,12.631930,17.997616
351.946734,60.096106,15.578443,18.776472
353.064547,61.401872,13.569319,18.123100
356.768079,64.254890,12.859834,14.653156
357.444785,68.438461,9.775162,12.741389
358.672267,68.947448,9.175251,10.765693
360.395417,68.836554,9.104492,12.258863
360.649458,67.728596,9.800932,13.780454
360.281686,69.912455,8.708631,10.799852
359.983145,66.534926,9.682528,13.039342
358.065449,60.975826,14.605471,17.471733
359.727834,68.039104,10.293504,13.418113
358.774749,64.162283,11.392644,15.767862
359.589347,58.798131,15.008419,17.241726
360.114619,69.164297,10.485119,11.088473
361.276385,66.937142,9.687242,12.098599
360.308660,60.692058,12.946907,17.683578
361.286771,67.964481,9.667545,11.977371
359.911847,60.901166,12.650731,17.565178
360.841592,67.961126,9.724632,11.187186
360.173870,60.994147,12.863821,16.906843
361.661445,67.898747,9.351546,14.015474
360.771061,61.235833,13.084925,18.004398
361.093018,66.173627,11.287703,14.624539
360.417970,60.658306,14.309863,19.226301
362.066699,67.303701,11.053963,15.740741
363.769108,62.468677,10.640346,15.216358
361.463225,60.760510,15.964345,18.352247
364.966113,63.875285,12.160099,15.163223
367.094041,65.925814,11.072953,13.711927
366.168057,60.766674,15.907846,17.549185
370.613458,67.234024,10.128029,13.581968
370.459461,61.443498,12.297404,17.521774
373.352639,63.164912,12.391953,15.628414
374.818280,68.287094,9.622682,11.540381
374.941313,60.046011,14.584528,16.713106
376.468998,65.073503,11.676925,15.840571
378.068903,61.650168,13.194792,19.229120
380.756518,68.993472,9.941075,11.315025
383.597137,68.593527,8.845443,11.942305
385.175556,67.107475,9.033175,12.846054
386.650728,66.907839,9.243361,16.601431
388.260331,70.451622,9.018895,10.239820
388.452625,66.499030,11.010361,14.189514
387.212394,60.688107,16.400143,16.212439
386.986360,62.951816,17.642784,16.520271
388.974905,67.275147,12.867484,15.124135
392.422606,66.485361,10.378962,14.060950
391.544970,62.295288,13.216840,18.013033
391.974034,62.438018,13.610368,18.097107
389.748748,64.304704,14.292965,17.429867
393.233479,71.506344,9.414674,12.156446
393.414042,65.420482,10.317693,15.101265
391.370855,60.438253,14.437278,20.313469
394.829956,68.705624,9.310572,13.082773
392.342602,61.864436,14.823144,17.374462
387.325701,66.924709,17.390219,15.961491
376.925324,66.311507,27.605852,18.793552
358.907544,69.203057,25.139606,18.994011
363.754031,63.465223,18.948929,18.503906
362.024248,65.109122,20.550035,17.469707
361.646186,63.822259,19.084038,19.379784
362.700976,63.899318,22.170221,20.860973
364.482008,65.437377,19.411081,17.691341
364.423182,66.900165,21.197786,18.167156
365.430047,63.836816,21.162395,20.954399
363.752647,65.310824,20.603287,19.315107
365.809205,68.437364,20.100704,16.768570
369.623369,65.792031,20.262079,18.246660
369.884405,62.710346,21.644106,19.868509
371.623607,60.788205,18.246994,20.384415
371.762761,68.445267,22.833637,14.943682
373.795658,64.276179,20.789633,17.301687
375.752148,62.663909,20.893377,21.025570
376.411487,63.660510,21.719109,18.394855
355.659679,63.715465,15.272762,16.159847
356.882802,67.108973,15.521080,12.672711
357.628633,66.834252,17.371437,17.635672
361.497197,70.800998,21.813446,15.613876
360.309951,66.007714,16.716480,16.679081
362.618333,65.491625,15.651032,14.183543
364.585725,65.390154,17.122566,18.654146
366.727430,66.060906,15.776061,13.618383
368.380034,67.126080,17.300745,16.410463
370.506485,68.348959,16.349203,13.187606
371.402082,66.386831,16.229515,16.502947
372.238230,68.821547,15.385655,13.210703
373.294820,70.237472,18.369530,14.926902
374.605432,67.013879,16.755241,16.671013
378.975297,68.263619,14.747627,13.383241
376.727000,68.027229,13.932099,16.522949
379.708597,65.751098,15.197100,14.228419
381.201405,68.417304,14.220118,12.470997
380.279576,68.615092,17.054495,16.891262
380.627886,70.083698,16.102480,12.031137
381.359298,67.310673,15.621064,14.495084
381.717861,70.285724,16.011278,14.769912
381.925940,68.871371,15.870515,15.926648
382.972447,67.730994,14.992223,14.181438
381.727001,69.840301,20.124529,18.565594
382.401103,70.144383,16.746311,13.674189
384.011069,65.512974,15.533514,15.750379
384.866454,65.565177,15.475895,15.168697
367.688422,67.797627,11.992939,10.623777
366.889490,68.229580,13.834991,12.486628
370.595133,71.767800,15.899813,13.316155
370.938833,71.186197,26.903454,15.960054
388.728536,65.405054,13.781962,14.776828
389.515614,67.314841,15.013639,15.152218
390.172083,67.217625,14.620497,14.221505
391.517833,68.576315,15.963860,12.401580
393.053898,70.104482,14.259711,10.741405
392.749697,62.257110,11.933298,18.107891
371.988927,68.495411,14.236560,10.555717
373.155054,67.269553,15.312939,11.116963
373.237949,69.544325,16.336634,9.410857
377.996248,67.719283,15.035195,11.840734
378.345404,66.057826,13.317126,12.276174
380.151105,69.209005,13.305858,10.798161
378.708343,69.018082,16.473921,9.525041
376.026500,66.141960,18.794920,12.774073
385.997993,69.110382,12.532704,9.378169
385.771924,68.084853,12.687479,10.728909
384.163514,66.966672,14.863772,12.651043
392.241051,68.971275,11.870228,10.472324
391.414065,68.912570,14.266467,10.030114
395.153242,69.579851,11.930279,9.369964
394.548299,69.459917,12.387717,9.284998
397.170987,68.355993,10.741049,10.016552
393.442047,68.207246,13.692806,11.038898
399.234675,67.765593,8.971359,15.634565
393.626373,68.924604,13.783991,12.438087
391.946390,66.202594,15.371182,17.024517
390.609440,68.662073,15.467541,15.296301
391.988930,71.321018,13.077851,16.591921
388.106076,73.025136,17.060579,16.634956
372.947541,82.060395,11.620361,12.924294
366.468148,79.087846,19.847717,20.360195
360.880910,77.580769,27.080297,23.940245
357.136884,68.105929,16.749777,16.977556
356.741838,66.085854,16.563131,14.213689
358.196119,66.961047,19.345625,15.579689
356.285225,68.327881,23.237579,19.547079
358.390349,67.847719,17.363544,13.174632
357.364294,67.717323,18.093418,15.072056
357.260225,71.901016,17.996382,13.747828
340.220556,68.822762,14.737089,13.719480
340.311210,69.648228,11.788362,12.454275
330.223792,69.634145,13.869267,9.268288
331.415108,69.138270,14.669371,8.524461
330.600907,69.883492,10.751795,7.289517
330.667189,69.587151,10.702260,6.705870
331.182408,70.335843,11.726446,5.964947
332.535896,69.984152,12.203030,7.170913
331.345448,69.865788,8.959931,6.484208
334.324840,68.575441,11.944018,7.116334
333.149350,68.997664,15.321846,7.917693
334.459255,67.242592,15.221684,13.756249
334.429373,65.854864,16.938578,14.099972
332.539006,69.008117,16.172222,11.232599
335.594081,65.314832,15.784570,10.781610
335.052833,67.805133,16.715885,9.023142
336.866802,68.380857,14.603381,9.994158
335.376956,68.308293,13.345875,8.703186
334.854846,63.325355,20.726528,14.715197
339.676968,63.396328,14.768763,14.019723
335.830564,68.344418,17.365494,8.599609
336.044822,67.746784,16.519356,11.186131
335.780670,69.805368,10.920843,6.617177
337.305468,67.698510,16.477869,10.007350
336.106177,66.767318,15.915769,12.266081
339.417832,66.566990,14.143140,10.679325
338.969783,66.446457,14.017979,10.780346
339.813205,66.464283,12.212406,11.453603
339.894169,66.026374,15.201900,13.193919
338.077572,66.384805,14.318697,12.005963
336.498126,68.629870,18.711639,11.703613
334.890863,69.975681,19.481472,16.119205
339.335173,69.463088,23.911615,15.552046
342.724877,68.473144,19.993429,16.052847
341.018473,67.370646,17.245813,14.006439
338.082442,67.571902,22.966959,15.106255
337.694976,66.009345,20.853981,18.289816
340.840106,64.896776,17.364883,17.289734
336.433629,68.872075,17.811066,10.353930
337.717782,69.179276,14.283853,9.060390
337.112034,69.489310,14.299116,11.959469
337.678312,71.068323,15.141945,9.750104
337.818090,70.185228,14.616745,12.279469
334.710671,64.428766,22.360197,19.412533
338.083123,67.588872,17.387417,10.159553
340.053465,66.422026,17.566111,15.793438
341.470331,65.503611,19.708979,16.034672
342.666497,67.185405,16.504406,8.639215
342.777090,68.903578,11.580881,7.091774
343.188961,69.115834,13.374351,7.582828
344.809460,67.580788,14.506422,9.114841
344.757286,67.522687,16.563643,9.050936
344.131252,68.358710,14.549549,10.056685
354.799386,67.610909,11.792504,14.431988
346.068489,69.277606,18.395422,10.239261
348.522949,65.925417,12.628337,12.384870
346.624892,65.945364,19.863588,16.693546
346.884064,65.775674,13.302343,11.531058
349.060469,67.281269,15.443232,12.391171
344.629397,71.906995,9.753545,8.986775
349.475999,65.749197,13.840557,13.803919
346.259322,68.685423,12.462353,7.733820
345.951413,69.637615,13.340322,9.579699
347.167844,66.373136,17.768085,14.924724
352.638840,69.186135,13.854238,11.782566
354.351474,68.790618,9.056035,10.819439
345.472047,70.623949,10.266987,6.278493
350.588624,66.109026,11.709167,12.498781
348.896789,63.566828,17.002636,16.157854
347.251992,65.918942,15.857868,12.875867
346.131395,65.626726,21.333893,17.883680
348.117295,66.597687,15.466959,11.521418
346.611100,70.254258,13.609677,11.228204
344.883444,71.497091,12.564582,10.461473
346.751708,67.884171,14.167725,11.274552
348.192567,63.958147,20.300838,18.755648
357.889334,66.849478,11.773485,12.193910
346.425201,69.959751,13.639552,7.714731
347.640804,68.810033,13.235523,7.735478
348.942581,66.548516,16.347635,10.192856
349.096217,68.321809,14.868649,9.888355
349.540869,67.852234,14.830499,9.778136
350.158098,66.007922,16.396753,13.748447
348.726510,66.619921,22.577312,19.103994
355.717414,65.413438,14.966638,12.742332
355.196726,66.422165,12.886209,11.696119
351.225495,69.764041,13.962735,10.879407
353.238117,70.374666,14.244188,8.242941
353.039955,71.193140,12.839609,7.381423
353.483969,71.534572,10.657263,6.623444
359.321364,66.923594,13.320596,13.752604
357.632030,66.242870,18.865345,15.665357
354.299050,67.971013,20.863878,15.244577
357.697914,71.526106,15.751253,13.133882
355.254136,71.166287,19.811432,15.647526
359.214997,69.007653,22.924013,16.560228
359.654001,67.480428,15.830528,13.303896
360.939446,66.893533,18.459467,15.233488
362.107704,66.596108,21.068476,15.712287
363.401889,65.158735,13.656278,15.618475
368.437175,70.435792,11.078907,12.390974
360.327029,71.944121,8.405120,7.439276
359.160517,71.214731,10.478705,9.615578
361.080062,69.991159,13.232037,7.405416
364.478225,64.420776,15.001769,17.220247
357.329505,66.041804,25.606380,18.217228
369.270097,67.126996,13.316285,12.086050
365.464178,66.449865,19.626955,17.517252
364.475306,66.009161,16.228472,14.585602
363.644204,68.134478,14.272504,11.229137
363.773776,69.773718,17.217579,9.768528
362.966646,71.656240,11.223346,8.129736
367.783706,67.709809,15.254703,14.725142
372.450360,70.193637,13.043734,9.469709
369.719753,68.129776,17.583282,15.633984
363.937989,68.126367,19.734877,15.212740
363.342247,67.646842,18.397825,17.518042
366.065958,70.113721,14.370532,14.697489
365.020340,69.135510,17.436174,15.165435
361.692786,70.457971,23.730703,16.818487
364.808114,68.860069,17.237762,12.913263
362.263104,70.942655,17.009207,12.757916
364.430944,67.526801,20.769253,18.124659
364.287549,67.159764,15.498250,13.059783
370.312374,67.627301,16.012251,16.509138
364.531822,67.628570,16.389593,12.550508
363.563873,68.837228,14.083988,9.673361
364.803077,66.925734,14.012616,12.526829
364.130873,71.411907,16.260183,10.718452
364.326193,71.989907,15.922359,11.532774
363.408648,70.951196,14.780805,8.786402
364.457990,69.215543,14.226585,8.927680
363.542543,70.415823,12.668167,10.108635
366.709238,68.521585,13.565406,10.303167
366.785830,69.310137,18.745283,12.289944
366.076104,68.198850,16.805157,10.805200
366.855346,67.782369,16.654659,10.827631
368.310708,67.146630,17.297066,14.574646
376.429960,69.594477,11.594137,9.795604
367.040303,68.731250,17.292759,12.518317
365.168631,71.171366,20.428297,14.935799
367.318381,69.689668,25.109411,17.262087
372.243247,69.750655,19.229786,14.451652
381.299143,71.229040,14.806815,13.871217
379.403997,89.353437,10.768543,17.006662
371.789671,88.073408,23.279135,18.933674
354.320407,75.207091,39.916454,32.203671
323.002591,83.305672,25.316200,19.834419
335.307024,89.401220,9.991888,10.997701
339.450817,89.300602,9.394313,10.886880
341.472537,89.979224,9.750546,10.650348
340.012460,89.297262,13.827973,11.827840
345.925367,90.493526,11.259556,10.425511
349.233164,89.820175,9.221698,10.438358
349.823278,90.339766,9.754406,10.591713
350.304066,90.308303,11.233041,10.303812
350.806807,90.927596,11.265177,11.157962
355.586980,90.435417,8.657369,11.061752
357.542431,90.080370,7.919665,10.481327
358.195774,89.764307,8.140833,10.408260
359.328184,90.551711,6.507494,10.627211
359.556853,89.922015,7.115113,10.401556
359.443446,90.162987,7.675148,11.074741
361.447043,89.815772,5.991925,10.600257
362.929770,90.616745,6.217507,10.934204
362.294642,90.040474,6.225124,10.436043
363.593282,90.680696,6.198657,12.442586
363.322043,90.248124,6.877582,13.135436
364.645395,90.550913,6.145903,12.675167
364.189132,89.930766,6.624273,12.072817
364.568683,90.154922,6.320075,9.037703
365.926943,90.410341,6.131326,9.153718
365.315067,89.973349,7.204331,13.555820
365.725312,89.921539,7.586061,11.787972
365.134844,89.895516,8.118028,12.950550
366.310973,89.772213,8.524633,12.902745
365.757735,90.259397,8.195740,12.918321
366.636016,89.630499,7.410750,12.354600
366.878226,89.547415,7.056392,13.208073
367.862520,89.542722,6.282637,12.698179
368.090175,89.330370,6.406167,12.629369
369.201936,89.137913,6.291204,13.401286
368.659972,89.786983,6.295211,12.618635
369.027306,89.545314,5.961246,12.451300
366.664642,89.433114,11.801207,14.281301
367.503745,88.866579,11.751208,13.906380
367.123148,88.247823,21.986771,16.999746
367.377605,85.709929,25.849913,22.936596
354.559355,85.116456,34.757362,23.868338
344.829296,83.371300,49.337238,28.942780
322.858613,81.711384,19.163340,24.760643
322.352830,84.607488,19.477228,18.473837
321.062410,85.589511,19.080172,18.381639
321.836926,88.985811,17.088413,14.071011
319.776037,84.797447,19.501356,19.364807
322.070731,86.575807,17.829523,17.113554
321.106084,83.621166,18.969824,19.262985
320.690944,85.467050,19.017786,16.730543
321.316866,87.577627,18.693111,16.671558
320.669976,86.606395,19.277937,15.612932
320.906723,85.997033,19.313141,18.658491
321.827604,86.140156,18.592527,15.952675
320.171973,88.726431,18.736454,13.943685
320.733627,84.791355,19.006723,17.650322
323.302121,86.879887,17.245962,15.806708
321.132084,89.053950,18.924301,14.453845
319.477152,85.105560,21.006977,19.683838
323.705141,88.899277,16.208103,16.419678
323.789063,86.052938,16.159203,17.993765
319.216219,90.034272,21.623623,14.576850
322.304950,85.711477,19.328638,18.810528
321.709637,84.867825,18.762985,18.346626
317.933676,86.026353,22.446354,16.762083
323.548649,90.295536,17.618317,15.143196
323.645621,89.071141,16.161259,15.766119
323.215967,85.141988,16.519222,18.658716
322.567084,84.483724,17.256199,18.176332
322.637820,84.542418,17.636339,17.987930
321.862721,83.504975,18.168625,18.062069
321.840156,83.896819,18.310167,17.685530
319.243862,83.937938,19.982857,19.611486
321.003451,85.190939,18.000744,17.076630
319.679332,87.254825,18.645853,17.008955
321.621536,89.014458,16.977478,15.766323
319.962893,84.483445,19.903263,19.016901
320.548067,85.600975,18.068150,16.730526
321.770948,85.319192,18.233107,18.721216
316.540077,85.494034,25.035736,17.861286
319.621947,87.382988,21.318478,16.488071
319.880049,88.969132,20.261311,15.555241
318.487292,86.518147,23.624096,17.923580
321.933939,86.990363,17.945484,17.631491
318.054144,86.910030,24.550152,18.739943
322.677864,86.617753,17.604164,17.285494
320.855722,90.166931,20.038649,13.880970
324.522410,91.392457,16.181782,13.619845
321.742607,85.149587,17.365395,19.848288
320.920707,86.960674,19.915377,17.319956
319.387168,86.379108,23.223925,17.819513
323.407065,85.611605,17.067364,17.878925
321.157825,85.666438,18.609438,16.633387
320.588075,88.900383,19.504522,15.834168
319.236778,88.133150,21.436714,16.837093
318.501509,89.643118,24.830280,18.654324
292.939716,91.056352,14.974192,12.159673
293.647327,90.207031,12.991261,12.490869
293.042795,89.296904,13.768379,12.886261
292.810018,90.246119,14.777571,12.142123
294.570851,91.174859,13.552585,11.655128
294.287127,89.498899,12.347485,12.159925
295.256508,91.025622,12.958421,10.923060
292.459605,90.768577,14.323469,11.845392
293.150176,90.666858,14.302211,12.048120
293.451501,90.568967,13.589891,12.085120
293.970495,90.630315,13.207476,11.623976
292.648532,91.003079,15.272826,11.825301
293.798262,89.939477,12.465228,12.507284
295.024812,91.779663,12.748040,10.784721
291.772526,89.639286,15.557297,12.588170
294.559240,90.191672,12.761144,12.338119
294.263881,90.618525,13.991049,11.741352
293.534516,91.106836,14.842506,11.951032
294.621415,91.238877,11.565233,11.420156
294.907499,89.481285,11.849160,12.624226
294.079132,91.364582,13.614792,11.301460
294.920787,90.643597,11.948894,11.794235
294.459396,90.327879,12.581942,11.529217
293.219735,90.775274,14.618548,11.426672
293.547061,91.215744,14.085115,11.792850
294.121804,90.222728,12.260811,12.150594
293.022303,90.986728,14.962638,11.327974
293.453670,89.749280,13.387452,12.920904
292.874748,89.077572,13.484039,13.088638
294.986079,89.979829,12.316975,12.166247
294.224214,91.067507,12.316384,10.957093
293.620850,91.201729,14.192165,11.248057
294.943945,90.580583,13.166791,12.116354
294.765727,91.040967,12.993788,11.459967
294.169985,89.298635,13.764977,13.047388
294.705415,91.021032,13.419045,11.395010
295.577190,90.721125,11.623136,11.310187
293.627906,89.392156,14.245410,13.410756
294.453634,89.535385,14.972714,13.057027
294.983147,90.725261,13.121261,11.927099
295.381685,91.217493,12.222219,11.299652
295.857690,90.094569,11.851355,11.897699
294.318024,90.989948,13.349856,11.267204
294.118378,87.854262,13.187690,13.964335
295.216796,91.758101,12.612575,11.057034
294.535733,92.172325,12.201035,10.730523
293.730721,89.239143,13.243880,12.728120
294.737148,91.231594,13.134835,10.973274
293.990154,91.578060,13.511118,11.070694
295.218826,91.651783,12.493310,10.547962
295.645733,89.527487,12.239437,12.430199
293.411912,90.675109,14.006053,11.555738
294.985406,90.916234,13.815001,11.432574
294.949858,90.374702,13.012771,11.935789
294.738588,91.177262,13.409707,11.560995
295.457362,90.401779,11.829524,11.853230
294.529780,90.718381,13.186668,11.848249
295.206075,89.740870,11.629464,11.922290
293.520839,89.833161,14.374071,12.007935
293.504448,90.964002,16.188953,11.709271
295.117413,91.273758,11.102608,11.101640
294.859472,90.777827,12.629091,11.465167
293.764890,90.860557,12.852800,11.441801
293.576250,91.179731,14.028073,11.441751
294.304632,90.258591,13.458329,12.466773
294.444583,91.897371,14.275069,11.142532
295.322251,91.326415,10.965244,11.020571
294.847729,89.497043,11.623027,12.498297
293.896700,91.045094,13.203175,11.880318
294.167058,91.055177,13.432239,11.820414
294.858003,91.057047,13.427079,11.826633
294.417259,90.744034,13.549837,11.876901
294.858988,90.958694,12.817361,11.409970
294.134661,91.367510,13.029590,10.987106
294.626243,90.730916,13.138478,11.587019
294.917001,90.943096,12.111644,11.014507
294.312502,91.339019,14.860776,10.994947
295.466733,91.072700,11.493979,11.262818
295.016742,87.045523,12.835367,14.391669
294.333458,88.416900,13.594982,12.453997
294.197654,88.801993,12.964221,12.528324
293.753329,90.199905,14.217609,11.806108
293.558837,91.212105,14.690535,11.470685
294.696607,90.662706,11.843542,11.556574
293.697726,91.539171,15.026360,10.835125
294.908894,91.082453,12.255740,11.065951
294.678809,90.851016,12.882147,11.436071
294.460551,91.028984,12.508293,11.285824
294.407740,89.465149,13.725952,12.348083
293.497949,90.803111,14.588709,11.584819
294.670962,91.173848,12.797614,11.525352
292.482053,90.971045,15.092611,11.791091
293.851651,89.766226,13.106662,12.596604
295.075417,91.237897,13.623183,11.245768
295.070073,90.414668,12.080291,11.683081
