242.000000,74.000000,8.000000,6.000000
242.268112,73.734453,7.580631,6.470700
241.946608,74.368175,7.700784,6.442070
242.830963,74.015150,7.825179,6.369841
243.081205,73.603234,7.660679,6.452540
243.552671,74.195036,7.429105,6.436937
243.498796,74.328158,7.375677,6.285398
243.386240,74.402603,7.617196,6.294184
243.667171,73.702814,7.676660,6.156558
243.046678,73.661142,7.768806,6.394679
244.294316,74.370579,7.656159,6.357769
244.185200,73.626421,7.410264,6.273201
244.027537,73.653799,7.490843,6.357681
244.111072,73.834890,7.423246,6.233500
244.290932,73.987101,7.496837,6.277269
244.628740,74.266464,7.731459,6.171319
245.294205,74.368206,7.595352,6.273439
245.168259,73.688522,7.323393,6.221312
245.563949,74.590646,7.321292,6.128037
244.956234,74.415450,7.468719,6.102131
245.116541,74.519833,7.488591,6.257497
245.545738,73.781067,7.491657,6.247149
246.077872,73.932995,7.533745,6.278758
245.793053,74.080215,7.438763,6.292749
245.636935,74.554822,7.315253,6.002165
246.093199,74.431116,7.348468,5.938009
246.759256,74.351642,7.360819,5.848785
246.599056,74.236271,7.241813,5.882953
246.483293,73.980584,7.315933,6.021971
246.712630,74.816740,7.281815,6.071489
246.832139,74.582769,7.429492,6.134694
246.858649,74.141512,7.140389,5.889544
247.799790,74.417906,7.288077,6.064692
247.610185,74.480035,7.082111,5.808673
247.762540,74.681833,7.477337,6.100442
247.478212,74.313255,7.257392,5.794884
248.077276,74.464575,7.462277,6.179243
248.032041,74.246864,7.202826,5.696114
247.857387,74.473003,7.277367,6.058060
248.340692,74.480175,7.329072,5.879846
248.074446,74.400879,7.171583,5.886101
248.326032,74.760416,7.349402,6.084949
248.479249,74.988334,7.162275,5.705501
249.162207,74.565625,7.298814,5.724813
249.021454,75.091353,7.208547,5.891092
249.512214,74.453466,7.187922,5.595987
249.535739,74.971141,7.178867,5.781745
249.834203,74.824506,7.085190,5.441182
249.593779,74.894936,7.254951,5.525415
250.212487,74.460799,7.249137,5.676764
249.946606,75.032987,7.230677,5.810431
249.741722,74.750274,7.286120,5.655874
250.823642,74.401808,7.110523,5.614232
250.782075,74.947604,7.311012,5.855355
250.517195,74.953399,7.212785,5.795113
251.039637,74.605526,7.100998,5.705404
250.620805,75.204355,7.126845,5.813543
251.376581,75.046286,7.286983,5.575013
251.205657,74.505949,7.371903,5.822885
251.598780,74.746942,7.373359,5.628867
251.687002,74.288124,7.254210,5.768223
251.943617,75.186769,7.221247,5.617723
251.309014,74.560396,7.313145,5.947693
252.303383,74.636316,7.372229,5.801918
252.543211,74.663860,7.440056,5.878301
251.969592,74.970730,7.191130,5.596011
251.870933,74.535232,7.324809,5.731460
252.093782,75.478016,7.132010,5.503507
252.171776,75.005274,7.336361,5.737411
252.441405,74.733364,7.310076,5.656314
253.010495,74.190980,7.381559,5.887022
253.255461,74.399059,7.228872,5.716488
253.051282,74.989287,7.355002,5.888274
253.473083,74.987350,7.533629,5.946751
253.072029,75.154792,7.339696,5.829020
253.845487,74.496614,7.221076,5.699152
254.120376,74.945509,7.357665,6.002660
254.121944,75.175126,7.194112,5.769180
253.739864,74.959511,7.251762,5.619388
254.464450,74.425680,7.447458,5.900199
253.969994,74.699539,7.271632,5.717195
253.927157,74.466553,7.318450,5.656166
254.024307,74.971086,7.265201,5.994884
254.561107,75.043353,7.516513,5.949026
254.545702,74.518566,7.104300,5.656736
254.950670,75.070376,7.309854,5.969113
255.217995,74.414883,7.068590,5.818214
255.018445,75.169824,7.250437,5.847071
255.551959,74.572016,7.209540,5.667672
255.620563,75.560066,7.175633,5.511915
255.693112,75.358729,7.178063,5.584049
255.838170,75.271731,7.217928,5.516448
256.127937,75.043791,7.207099,5.590007
255.688540,74.903884,7.156682,5.620484
256.462235,74.647955,7.120905,5.700152
256.258049,75.572574,7.223948,5.730354
256.224726,75.563671,7.162362,5.480905
256.251675,75.481837,7.194836,5.455190
256.409148,75.411634,7.093305,5.454636
257.246558,74.512339,7.099147,5.832363
256.736170,75.511325,6.946991,5.706784
257.189618,75.492954,7.034026,5.573268
256.746031,75.679013,7.050302,5.679447
257.438956,74.445040,7.119344,5.681426
257.331183,75.404777,7.044024,5.764973
257.291641,75.613881,7.042148,5.357875
257.964480,74.880605,6.941153,5.663144
257.998893,74.936055,7.003959,5.468362
257.753393,75.498122,6.863888,5.436157
257.562854,75.009389,6.822738,5.496620
258.450967,75.543693,6.978550,5.637519
258.106848,75.656970,6.923201,5.598764
258.312631,75.280089,6.843075,5.552402
258.538429,74.798738,7.011657,5.646336
258.400847,74.990070,6.988594,5.382823
258.948172,75.517073,7.043987,5.593791
259.144392,75.600703,6.971633,5.448690
259.022926,75.130586,6.788665,5.572880
258.815515,75.601831,6.804483,5.626907
258.834583,75.161971,6.696359,5.497596
258.857760,75.591209,6.848867,5.702686
258.923708,75.102329,7.076194,5.651830
259.758945,75.104304,7.114885,5.650884
259.701755,75.147564,7.033259,5.496253
259.136756,75.662552,7.115434,5.477251
259.810491,74.904729,7.054610,5.675559
260.043608,74.879301,6.942355,5.435855
259.904083,75.124969,6.852562,5.520712
259.704963,75.396505,6.885896,5.566101
259.774856,74.758808,6.737072,5.597159
259.835726,75.050938,6.852408,5.461837
259.967012,75.231677,6.997007,5.624991
260.796691,74.957408,7.184382,5.650925
260.816163,74.730099,7.022709,5.590113
260.795551,74.580771,7.066141,5.525715
260.533113,74.957950,6.879942,5.392417
261.365546,75.200899,6.876039,5.524954
261.356735,75.578432,6.676213,5.464262
261.284261,74.772204,6.656444,5.642516
261.307445,75.127405,6.710174,5.602010
261.376429,75.496092,6.844263,5.508447
261.610362,74.769789,6.880038,5.623902
260.961032,75.075022,6.914041,5.599942
261.270716,75.327114,7.213508,5.650268
261.448312,75.200139,7.016068,5.554371
262.108718,75.464273,7.067596,5.636693
261.477054,75.185314,6.946592,5.657543
262.021306,75.102772,6.627264,5.465839
261.957341,75.478728,6.641595,5.398431
262.404506,75.098503,6.860963,5.668552
262.563605,75.564630,6.789906,5.415242
262.707335,74.799773,7.058804,5.594028
262.663172,74.777975,7.009358,5.427333
262.257750,75.269526,6.969564,5.294007
262.668437,75.430379,7.214275,5.595956
263.044820,75.326865,6.928171,5.476871
263.049249,74.868046,6.566520,5.303190
263.498071,74.788984,6.693584,5.304924
263.180439,76.007568,6.524767,5.103557
263.702963,74.786461,6.821730,5.415470
263.088032,75.506103,6.683114,5.184411
263.800336,75.188701,6.988780,5.498934
263.355441,75.744341,6.817456,5.489616
263.846187,75.212093,6.938454,5.419872
263.583439,76.019368,6.798640,5.231299
263.727999,75.128410,6.826800,5.264621
264.160435,75.400869,6.663673,4.981044
264.702207,75.464767,6.594848,5.056856
264.268486,75.556243,6.545466,5.105282
263.932699,75.785608,6.512294,5.119123
264.594676,75.853172,6.621304,5.248947
264.420011,75.972784,6.621848,5.205741
264.264116,75.251073,6.686631,5.182192
264.280464,75.407016,6.687287,5.230790
264.395537,75.431393,6.787360,5.233540
264.630156,75.640073,6.750416,5.157920
265.064559,75.785195,6.616987,5.119390
265.460770,75.865122,6.644483,5.111482
265.082879,76.149753,6.430963,5.029414
265.113192,75.771418,6.383516,5.073049
265.183923,75.552135,6.352984,4.993009
265.224581,75.186672,6.562397,5.107511
265.000725,75.339246,6.539786,5.128606
265.860950,75.342412,6.689788,5.234710
265.824392,75.552355,6.742987,5.155816
265.930688,75.624979,6.723920,5.220975
266.179872,75.897541,6.636759,5.113073
266.437921,75.965654,6.753255,5.245516
265.946737,75.156080,6.559252,5.239325
266.270742,75.312455,6.698328,5.207112
266.015848,75.488986,6.369931,5.204422
266.673400,75.608261,6.429255,5.184562
266.370501,75.973592,6.409847,4.986561
266.487913,75.383707,6.538646,5.338209
266.389545,75.627022,6.482548,5.214128
266.243595,75.829639,6.637221,5.150100
266.270249,75.830481,6.674027,5.314363
266.448552,76.089649,6.670273,5.225955
266.713704,75.407851,6.664401,5.108247
267.150726,75.653480,6.564445,5.074768
