163.200000,112.200000,20.200000,19.000000
160.529324,110.178657,20.487381,19.128632
159.016728,109.117333,20.214027,18.876822
157.849467,110.701543,19.747265,18.808971
155.683148,110.810849,20.364105,18.428471
153.718750,109.674297,20.277056,18.760086
152.489708,109.582250,20.073359,18.345387
150.769488,111.976314,19.552876,18.615509
148.488731,110.916976,19.985956,18.412895
146.508085,109.798726,19.859411,18.489483
144.636912,109.305990,19.768772,18.307108
143.854206,111.547242,19.412149,18.314487
141.845968,111.590307,19.172384,17.833735
141.416965,110.257719,18.823732,18.033564
139.149531,110.505542,18.947849,17.775642
137.336773,109.687710,19.032015,17.946028
135.799323,107.124310,18.528011,17.936201
133.673643,105.086726,19.173635,17.806870
133.274217,104.034137,18.500341,17.514229
131.565487,102.680187,18.732248,17.617796
130.573541,101.851438,18.487852,17.550701
129.590978,101.662172,18.126661,17.627384
127.513632,101.976387,18.386808,17.488585
126.914627,101.756333,17.847147,17.278547
125.807024,102.170428,18.081549,16.816162
124.724354,102.664295,18.251040,17.144026
123.963955,102.785541,17.984400,17.069359
122.775025,101.601502,18.165207,17.190008
120.837893,99.739636,18.192112,17.095564
119.713956,97.879797,18.005394,17.108561
117.691437,96.427679,18.359324,17.120111
117.084132,95.582693,17.764362,16.829309
115.152016,93.990970,18.278526,16.894058
114.375375,93.258005,17.847015,16.639666
113.212347,92.876370,18.057287,16.562277
113.405271,92.944411,18.091383,16.418236
112.587131,92.941216,17.629328,16.786657
112.720398,95.007302,17.879847,16.605999
112.295385,95.607594,17.912466,16.359617
111.173902,96.322622,17.578802,16.109539
110.071254,96.049295,17.764309,16.321110
109.146413,94.516973,17.860626,16.333195
107.249287,93.691692,17.647461,16.416115
105.610041,92.438507,17.674114,16.283804
105.053175,90.567753,17.689749,16.180677
103.374925,89.818905,17.800566,16.123045
103.012970,89.325262,17.556696,16.085680
101.878811,89.566592,17.259478,15.976388
101.756841,90.177811,17.512169,15.850767
101.589246,89.384978,17.037971,16.011049
100.226167,88.733475,17.055794,15.995344
99.901050,88.473094,16.974451,15.845483
99.073052,89.412893,17.467743,15.379419
98.982497,90.691819,17.190693,15.468464
98.229556,92.480231,17.205914,15.504890
98.008522,92.294363,16.992296,15.435816
97.250143,91.661474,17.214025,15.514898
96.645307,93.018100,16.788137,15.327212
95.350725,92.608204,16.811346,15.519281
94.868554,91.105133,16.955887,15.449954
93.370209,90.494494,17.003729,15.480246
93.003368,89.727926,16.804884,15.301805
92.348368,90.314599,16.743179,15.167126
91.425741,90.381425,16.593451,15.138135
91.582999,91.327441,16.507145,15.017488
90.409713,90.559898,16.378582,14.959750
89.475121,88.639866,16.479912,14.825769
89.022102,88.601482,16.567999,14.766773
88.744317,89.368497,16.488453,14.663102
89.083584,88.618910,16.338144,14.769309
89.390580,87.824282,16.327328,14.615926
90.083488,88.628953,16.154963,14.576672
90.948453,87.408199,15.839068,14.630626
89.761351,87.462385,15.918751,14.553416
89.428589,87.394214,16.019979,14.452496
88.172894,87.860386,15.854157,14.202590
88.717017,89.713660,15.978969,14.387077
87.799517,89.414446,15.753476,14.782302
87.227006,88.512390,15.980484,14.507765
86.120416,88.276483,15.271560,14.728393
85.290938,86.661024,15.988182,14.430781
83.728984,86.418442,15.483012,14.055352
83.761463,85.126167,15.117395,14.222995
81.457364,84.081866,14.875042,14.161160
82.034831,85.285322,15.180335,14.012256
80.654191,86.954216,15.581280,14.261706
80.254609,86.105173,15.556270,14.160041
78.219899,85.646006,15.339051,14.078447
77.904119,85.388539,15.331878,13.919970
75.734301,84.145901,15.219357,14.206495
75.152498,83.900689,14.952121,13.931260
73.096591,83.999208,15.074112,13.759796
72.330397,83.007559,15.029225,13.680861
70.739754,82.064015,15.121576,13.813283
70.377974,81.535960,14.994180,13.659307
68.232565,81.119989,15.198065,13.769004
67.140630,79.968878,15.078841,13.522491
65.725560,79.114795,14.984571,13.651176
65.378309,78.866124,14.789766,13.568654
64.046109,78.271755,14.668041,13.678496
62.586010,76.876951,14.715173,13.579065
62.198699,77.008961,14.838893,13.369676
61.233343,77.246592,14.597776,13.569159
60.604958,77.451079,14.795232,13.102422
60.203984,79.098628,15.030118,13.507790
60.505773,80.531229,14.690214,13.261138
60.050398,81.702191,14.465245,13.150404
59.799965,82.024726,14.526453,13.066082
59.081981,81.571433,14.332911,13.057710
58.293420,81.465507,14.381638,12.931346
57.827528,81.632202,14.377394,13.168899
58.264412,81.037018,14.137060,13.005335
57.909126,80.367426,14.127760,13.177538
59.835175,80.856363,14.120800,12.909407
59.993520,80.880822,13.967819,12.659978
59.957386,81.670178,13.866854,12.782717
59.295682,82.091537,13.932579,12.629760
60.582615,82.590433,13.980478,12.626783
59.811503,83.504952,14.028332,12.794367
60.204409,83.306772,13.907394,12.739856
60.698220,83.544481,13.729562,12.516188
61.464810,84.433685,13.741086,12.460251
60.527247,84.268931,13.812211,12.699034
60.535138,84.330391,13.745102,12.624648
59.450324,84.875312,13.742045,12.519428
60.265141,86.580024,13.225724,12.193279
59.693083,88.483522,13.993947,12.504096
59.586496,89.293366,13.742002,12.072805
59.023131,90.142820,13.825601,12.047622
58.779539,92.189011,13.569124,12.371755
58.034645,93.780886,13.702345,12.416422
59.274145,95.640119,13.453707,12.290561
58.320795,96.297087,13.168675,12.178751
57.610539,97.163440,13.411983,12.282378
57.404819,98.457694,13.379153,12.208752
56.231456,97.776855,13.366641,12.231860
55.052455,97.914212,13.334927,12.023148
54.274793,98.624871,13.132502,11.865788
53.251022,97.743955,13.127479,11.946055
52.470362,98.670140,13.160292,12.064534
52.205484,99.395596,13.049440,11.742502
52.138289,99.810142,12.999454,12.006026
54.119481,101.967728,12.927768,11.698705
54.810705,104.044134,13.024996,11.854934
56.107171,105.957880,13.418262,11.778754
56.497527,106.923157,12.995234,11.848284
57.485495,108.158656,12.693008,11.663040
58.013556,109.627440,13.035394,11.624722
56.798927,109.653078,13.124763,11.687011
58.051482,110.409710,13.211518,11.661658
57.429121,110.487811,13.199427,11.543752
57.743608,110.088321,12.986117,11.639098
