208.400000,118.600000,24.200000,26.800000
207.568689,116.648424,24.188480,26.135746
207.710440,114.572974,24.023624,26.127497
206.991915,111.890264,24.124554,26.291548
205.423407,108.792647,23.900723,25.904879
205.364508,106.285000,23.849545,25.525940
205.148931,105.803381,23.582792,25.001713
205.603044,106.155207,23.700628,25.092686
205.981635,103.815430,23.506227,25.182686
204.521045,102.832677,23.960047,24.519384
204.795869,100.495667,23.579908,24.757141
204.726001,100.160930,23.442926,24.203005
205.268888,99.223012,23.175062,23.948988
205.460903,99.520455,23.663086,23.749029
205.484733,99.270352,23.283098,23.973417
205.128216,98.015644,23.672806,23.883362
205.735096,96.942285,23.258186,23.426718
207.786447,97.408689,23.217230,23.691578
209.438745,99.746050,23.339016,23.998386
208.681030,99.149131,23.318924,23.140474
208.334356,96.485968,22.824741,23.401241
209.045322,95.869051,23.163033,23.162289
209.822005,96.369077,23.237612,23.092978
209.994072,96.150033,22.843918,22.590704
211.080613,96.595903,22.905111,22.670528
211.502258,97.029770,22.910423,22.484344
211.961329,95.791379,22.434526,22.315725
211.573767,95.975799,22.806019,22.298677
211.116828,95.052660,22.928141,21.820721
209.160310,93.702869,22.726934,21.691620
209.473676,93.202983,22.364775,21.726450
209.107013,91.845752,22.565065,21.808466
208.350768,92.623444,22.511393,21.559616
207.906942,91.320182,22.292675,21.375231
207.203485,90.792048,22.235760,21.188786
207.315611,92.135028,22.073704,21.533098
207.355790,91.902735,21.975782,20.774273
206.666066,91.487458,22.007170,20.569494
205.749259,91.352285,22.128069,20.591663
206.598400,92.371408,21.893661,20.495085
206.000887,91.604626,21.741444,20.490456
205.797200,90.777131,21.401770,20.267126
206.011220,92.437863,21.543043,20.628225
205.577473,92.961118,21.581192,19.690809
204.412948,92.464931,21.276972,19.703819
204.713661,92.342099,21.104134,19.643270
203.871750,91.257482,21.072189,19.701979
204.223297,91.173810,21.298676,19.333296
203.698745,91.492429,21.195711,19.331358
203.659743,91.312338,21.203363,19.418324
203.512804,91.077094,20.778111,19.320177
204.104026,92.042316,20.889856,19.105202
203.787176,92.114914,20.691013,18.788322
203.464485,91.857833,20.872353,18.862505
205.345764,94.716730,20.562485,18.939922
206.089156,96.725341,20.368395,19.338648
206.431061,100.070184,20.420578,18.702795
205.970820,99.910766,20.231119,18.329859
205.475839,100.518017,20.206076,18.106628
203.660800,98.828077,20.288729,18.616474
202.388534,97.408379,20.046267,18.307671
200.681077,95.477764,19.984724,18.184029
199.468919,93.706838,20.026243,18.119017
198.320267,93.607063,19.972107,17.686859
199.530794,95.911557,20.047184,18.047705
199.145429,97.219237,19.983870,17.954599
199.100794,98.035129,20.008862,17.306841
197.892511,97.582019,19.807331,17.426813
197.790358,97.308598,19.817127,17.643066
197.183474,97.345361,19.887409,17.157843
196.705653,97.937144,19.424868,17.178514
196.011038,97.281097,19.442417,16.993294
194.749273,97.771549,19.506863,16.851501
193.737890,97.031924,19.341984,16.995806
192.880841,96.872997,19.497839,16.805504
193.159255,97.643749,19.495554,16.732803
193.711684,99.299610,19.452425,17.132874
194.419113,102.689025,19.377762,17.136629
193.170853,101.684719,19.248634,16.617134
192.233502,100.346577,19.065504,17.015182
192.128937,100.585702,19.166443,16.442335
191.079766,99.008595,18.634291,16.744774
190.489285,98.019222,18.686140,16.475395
190.322084,96.936631,18.639606,16.330282
189.876137,97.988779,18.658409,15.998807
190.085739,97.117504,18.570305,16.088783
189.666235,96.737138,18.528370,15.781553
189.023546,95.841012,18.276371,15.842391
189.868578,100.113649,18.729061,15.694065
190.262286,101.063535,18.129351,15.455495
190.006421,100.256857,17.961805,15.676388
191.372561,101.552155,17.936863,15.366791
191.380438,101.583656,17.853024,15.668175
191.593060,102.781884,17.823317,15.741317
192.122971,104.416350,17.742500,15.476512
193.188418,105.453397,17.289705,15.346258
192.058595,105.228373,17.368471,15.085460
191.851940,104.163783,17.232029,15.600756
191.499016,103.575268,17.321651,15.193718
190.185055,101.861994,17.192543,15.689616
189.381052,101.004740,17.188580,15.292164
189.529196,100.927933,17.129597,14.816528
189.432057,101.391710,16.870825,14.857662
189.104403,101.437629,16.887377,14.727529
188.650216,101.814994,16.844397,14.894827
191.109684,108.068994,16.982567,15.031671
190.147302,106.624948,17.076921,15.157990
190.036488,106.574024,17.165951,14.727322
189.436249,107.976655,17.198357,14.352289
189.392793,107.848006,17.091387,14.431857
190.536784,109.361752,17.284658,14.242363
190.192387,111.568382,16.887138,14.722367
189.598133,111.612838,16.976322,14.274056
189.343800,111.725786,16.974102,14.310479
189.121799,110.047556,17.178864,15.099650
188.221709,108.406314,16.918863,14.847486
186.705554,106.788883,16.920034,14.822625
186.537360,106.253401,16.849440,14.447017
186.479451,105.706953,16.789179,14.115762
185.078716,104.504738,16.749756,14.381480
185.481109,106.050385,16.497808,13.857080
185.456469,106.393723,16.790390,14.055878
184.960415,106.652411,16.657448,13.867968
184.471508,105.757016,16.401855,14.177215
184.367604,105.762640,16.700098,13.949463
184.084835,106.432468,16.494370,13.681890
183.761941,106.554324,16.693701,13.802993
183.195903,106.274639,16.206163,13.780190
182.928429,105.028899,16.272449,14.087779
181.306187,103.314344,16.275417,14.091973
180.730631,102.846840,16.499504,13.849617
180.577847,101.999706,16.254429,13.772050
179.255109,100.637690,16.170904,14.058776
179.268694,101.870564,16.034969,13.605262
179.842509,101.870855,16.008120,13.661389
179.353244,102.669518,16.011473,13.691515
180.358721,104.754587,15.882988,13.890968
180.186418,105.025926,15.825155,13.403700
179.072698,105.038833,15.543180,13.253140
178.812756,103.881053,15.815463,13.914414
178.290829,103.593496,15.525330,13.708416
177.436239,102.519061,15.537770,13.835703
177.724601,103.557014,15.552679,13.243206
177.236815,104.272114,15.581565,13.057884
177.414345,103.562194,15.625541,13.422566
177.257204,104.016629,15.744190,13.142130
177.919437,105.505721,15.328262,13.065722
177.799578,106.340128,15.299659,12.958865
177.190246,106.938879,15.600423,12.830520
177.264281,106.395280,15.546233,12.874765
176.026784,106.679424,15.374364,12.744423
175.657785,106.629640,15.609513,12.704226
175.672672,106.555857,15.350354,12.896609
175.067611,105.541123,15.656076,12.985061
175.111514,106.793529,15.467798,12.448427
174.538738,106.627550,15.472576,12.546754
174.593087,106.801158,15.552691,12.352780
174.108504,106.297278,15.424666,12.746176
173.573594,106.601952,15.616148,12.509247
174.071200,109.166945,15.536601,12.951757
173.736974,109.957758,15.423520,12.426865
173.487992,110.027106,15.358953,12.403166
173.314597,111.175677,15.224685,13.122431
173.078927,111.999825,15.461763,12.210571
171.978026,110.197777,15.700873,12.709068
171.154345,110.037464,15.930118,12.321217
170.380944,108.579034,15.447421,12.571649
170.031249,108.822692,15.415472,12.362986
169.140773,108.355414,15.671247,12.409343
168.785289,107.673483,15.280127,12.502494
168.415987,107.693133,15.194542,12.244582
166.717992,107.216607,15.640203,12.282699
166.405743,107.626689,15.282683,12.223996
165.599291,107.756262,15.777626,12.128456
166.276468,107.268132,15.310266,12.126333
165.479523,107.201727,15.855712,12.082726
165.209204,108.269868,15.643931,11.996205
163.999557,109.357790,15.554719,12.033729
164.867228,109.866588,15.320071,12.000044
163.424438,109.876183,15.506994,12.069098
162.498158,110.561957,15.776775,11.806048
162.489529,110.879423,15.376945,12.080144
162.208673,111.339033,15.249776,11.863564
161.283074,110.110893,15.437201,12.213922
160.480688,109.758132,15.347107,11.913009
159.862148,110.199633,15.443214,11.680221
159.264840,109.083858,15.143404,12.026962
158.787979,109.671655,15.088047,11.412713
157.993263,108.668649,15.388047,11.538323
157.253121,108.313396,15.142970,11.820959
156.525191,107.799546,15.182100,11.711237
156.626187,107.542233,15.121432,11.762655
157.013113,110.140047,15.023663,11.542233
157.405245,113.176468,15.044208,11.468280
157.322574,113.397696,14.970033,11.749329
156.828434,114.302724,14.800574,11.472741
156.569545,114.581844,14.831644,11.207353
156.679352,115.111570,14.691829,11.457615
155.998686,114.071579,14.805538,12.022896
156.355449,114.941657,14.634253,11.328878
155.425729,114.454693,14.378592,11.459350
154.669173,115.250902,14.641443,11.190407
155.382574,116.078245,14.547138,11.158475
155.330019,116.319812,14.185891,11.362630
154.876419,115.050394,14.005071,11.618374
153.927867,115.275050,14.348921,11.298282
153.474922,115.594772,14.059800,11.175767
153.262169,114.131155,13.860404,11.631949
152.552289,114.735469,14.037580,11.245511
153.270174,114.719615,13.661328,11.424341
155.094233,119.979665,13.493488,11.671995
155.078491,121.509736,13.610561,11.020804
154.950718,120.764453,13.433403,11.016465
154.488963,120.715519,13.597491,11.057442
154.043260,120.425486,13.553171,11.116103
153.721627,120.337574,13.215597,11.013912
153.231452,121.409586,13.445148,11.340641
153.589186,122.888666,13.165516,10.910054
153.582724,123.252835,13.221156,11.078199
152.366676,123.207376,13.334844,11.028273
152.235097,123.590352,13.160161,10.777190
152.046276,123.803810,13.456726,10.523880
152.180941,123.673778,13.217255,10.644044
151.929342,123.069509,13.213745,10.884748
151.485799,122.606915,13.248343,10.996573
151.208602,122.675126,13.272969,10.804408
151.565567,123.693503,13.110748,10.655002
152.611444,124.251183,12.383017,10.863990
153.642685,126.340470,12.982543,11.068331
154.260794,127.975598,13.066418,11.386789
154.172230,128.470051,13.027370,10.924110
153.443453,127.915852,13.318581,10.917594
152.933496,127.698872,13.583505,10.809340
153.481811,127.223886,12.826215,10.797799
152.881945,126.700659,13.083735,10.792228
153.481115,127.146772,12.657838,10.590195
153.397699,126.684835,12.608044,10.644096
152.923050,125.751229,12.874446,10.995409
153.027951,126.203043,12.731241,10.996247
153.364465,125.625648,12.755377,11.174091
152.400037,125.503611,12.789949,10.810131
152.286956,124.745626,12.731741,10.723248
152.314483,124.042161,12.769818,10.801166
152.363681,123.919161,12.612107,10.421894
151.258844,123.448886,12.819336,10.683686
151.874240,123.354977,12.817269,10.868186
152.300046,122.788477,12.536313,10.697048
152.537557,122.355563,12.242772,10.693267
152.888897,122.638716,11.864657,10.315871
154.129001,123.237939,12.239645,10.376223
154.745342,123.458012,12.140660,10.560443
154.036293,122.560050,12.537884,10.548371
154.263428,123.177088,11.961910,10.056777
154.280945,122.377153,12.253478,10.548589
154.523865,121.535738,12.387096,10.582386
154.106590,121.603047,11.971401,10.355406
154.234713,122.334450,12.072387,10.173251
154.714783,122.033233,12.045414,10.561544
154.891355,123.159266,12.283663,10.326939
156.264697,124.124560,12.099761,10.194068
156.610488,123.769013,11.978865,10.479056
156.834727,123.673512,11.856730,10.193171
156.634129,124.841347,11.961975,10.474628
157.599940,125.847991,12.400718,10.389493
157.516204,126.215697,12.178567,10.143435
157.974602,125.959480,12.427917,10.458329
157.869944,126.254163,12.087109,10.088621
157.923902,125.743206,11.959085,10.301778
157.605471,126.251666,12.115768,10.082552
157.778470,126.902550,12.306098,10.136695
158.351305,128.170387,12.102547,10.289940
158.853364,128.010677,11.606746,10.227094
157.700290,128.987620,12.420679,9.988345
158.410461,129.617610,12.470627,10.049695
158.232574,128.841375,12.243355,10.298820
157.617835,128.316010,13.661833,10.697097
157.583670,128.166771,12.575999,10.387687
157.557600,128.414611,12.227455,10.030286
158.589920,129.660594,12.479241,9.851526
158.964056,130.211020,11.992118,9.911021
158.561885,130.112065,11.737519,9.836875
158.322632,129.210844,11.936119,10.124409
158.765939,129.686378,11.467061,9.875034
158.190384,129.344958,12.010418,10.216010
158.493487,129.210285,12.009143,10.111889
158.269920,128.937204,12.477326,10.404095
157.456297,129.114905,12.178004,9.876802
157.690145,129.138722,11.765825,9.895361
157.563991,129.815334,11.939444,9.587991
154.714194,127.851747,18.121901,12.273127
150.815350,126.681606,28.244747,16.342075
175.774090,134.747400,13.051188,12.197441
174.023372,135.577748,14.709352,12.072161
174.883776,135.546572,14.526474,12.023307
175.572468,139.106458,14.397178,12.049059
176.220222,139.974910,15.128969,12.049757
175.517046,140.598577,15.536625,12.032885
174.411928,139.963977,15.658333,11.958246
174.185044,139.651108,15.351419,12.298313
173.644862,139.305118,15.735991,12.045537
172.364917,139.199958,15.814375,11.940633
171.413467,137.930168,16.765564,12.161271
171.211043,138.101988,16.293676,11.898483
170.908866,138.011154,16.639704,11.678471
170.608306,137.474986,16.107435,11.674479
169.416068,137.163212,16.742861,12.088904
169.446272,137.043508,16.018040,12.031743
169.016175,137.257544,15.878409,12.006907
168.683263,137.181436,15.668031,11.704488
167.333985,135.941165,16.506292,12.323346
167.435624,136.686254,15.319900,11.803556
166.711861,135.858197,16.165592,12.405649
166.198494,135.954626,16.800922,12.344708
166.794314,137.069818,15.248897,11.534447
165.978468,136.628779,16.485477,11.598150
165.292358,136.946225,16.445259,11.646715
165.196935,136.062265,15.090979,12.001473
166.612714,136.115149,13.692770,12.196860
165.484261,136.487423,15.359076,11.716888
166.445962,136.269521,13.602213,13.038252
164.665506,136.528095,15.135552,11.670635
164.938818,137.066427,15.008484,11.647743
164.845185,137.000801,14.041971,11.389871
166.309803,136.661877,12.640750,12.319004
169.204349,149.705464,11.768675,10.880206
170.339724,150.538663,11.409473,10.465601
171.125328,150.811069,11.108720,10.666082
171.419031,152.642767,11.295425,10.546782
172.072595,152.514769,11.112103,10.508693
171.565654,151.893548,11.230573,10.736136
171.845766,152.490325,11.496766,10.722269
171.701314,152.538937,11.483423,10.666350
170.758222,152.112498,12.440825,11.185214
167.800087,147.920136,16.418430,15.315863
171.313595,151.315505,11.775661,11.118945
170.759003,150.883645,12.802834,11.929621
172.070038,151.742585,11.282299,10.672038
171.387210,151.958636,11.622843,10.615843
170.330343,150.541675,12.460801,11.466954
169.774846,150.054217,13.175277,12.157377
168.049338,147.987296,15.613401,13.138892
168.048261,148.400253,15.755635,12.330029
171.821002,150.334030,12.555583,10.860409
171.609097,150.298050,13.837315,11.512722
173.243116,149.799078,13.297929,11.186208
172.754502,149.125537,15.065191,11.486928
169.839357,147.823054,18.669415,13.612983
171.947059,147.245735,16.092752,12.858486
173.597640,148.710225,14.149015,11.752710
175.683195,150.290651,11.337379,10.164727
172.218327,148.624129,17.075176,12.797118
175.871125,150.774880,11.547308,10.212191
175.244204,150.431802,12.457812,10.259156
175.605014,149.748559,13.226701,10.788814
175.203751,150.789062,14.448219,11.618921
176.968021,150.405415,12.032025,11.307396
173.101795,149.218749,18.391243,12.991317
172.365988,148.489338,19.798916,15.223247
177.959398,157.788336,20.004902,16.382347
201.122694,163.799643,11.943249,12.089722
199.411203,164.043240,12.889295,11.808471
199.922436,163.594671,12.602692,11.757482
199.646524,163.190603,12.270138,12.042596
199.822406,161.159048,12.342047,13.207142
199.472174,161.912900,12.333419,12.122519
199.774228,162.596369,12.039412,11.855559
199.381074,160.269158,11.581071,12.919718
198.737856,160.530103,12.212406,12.917997
199.396336,161.192700,11.847492,12.240255
198.881126,159.196413,11.530632,13.268467
198.092288,159.757256,11.696279,12.283695
198.787232,158.559346,11.392573,13.040145
198.813004,159.081468,11.322093,12.226702
199.516908,159.773674,11.243715,12.028851
198.710863,159.506249,11.261635,12.131808
199.013625,159.976315,10.830801,11.399057
199.019311,160.267012,10.857393,11.103496
199.353995,160.147040,10.846362,10.971034
199.148712,159.092844,10.565536,12.095235
199.538914,161.376684,11.262900,10.565248
199.295644,159.967251,11.212193,11.362906
198.978658,158.814193,11.388394,12.436106
198.519262,159.484724,11.396847,11.884785
198.572746,159.779851,11.660915,11.749487
198.862714,160.092861,11.557199,11.464691
199.023994,160.074160,11.414227,11.615832
199.394093,160.866033,11.456458,11.083272
198.716369,159.702342,11.565080,12.284082
199.218432,158.830895,11.518869,12.526603
198.347073,157.768335,12.625850,13.394578
198.811491,160.767490,11.732368,10.906433
198.569082,160.051648,11.526077,11.728952
198.702865,160.214574,11.716550,11.653883
199.259565,159.641008,11.519932,11.706349
