56.200000,85.800000,18.200000,13.400000
57.327751,85.107803,17.686846,13.595082
58.626098,85.208312,16.916292,13.884830
59.985423,84.846403,16.189240,13.991108
60.154787,84.948042,15.907170,14.108218
62.275340,84.659297,14.661758,13.677018
64.194339,84.658777,13.437370,13.593461
65.359462,85.973222,11.766143,12.410115
64.214423,86.441226,13.055617,11.311749
66.904415,83.251840,17.092333,14.474751
66.819511,83.298798,20.093554,14.556617
69.621273,82.714745,18.110666,15.148108
70.472895,81.619019,18.002209,15.711020
72.086449,82.805652,15.768754,14.924905
73.376574,83.228655,14.484410,13.300097
77.978896,84.863317,11.784381,11.503775
77.564868,82.927925,12.346146,13.755017
78.663682,84.615475,11.901599,12.214671
77.639703,81.225604,16.428726,15.265448
78.149051,82.078948,15.230062,14.298591
78.732365,83.902656,13.889294,12.761888
79.431300,84.565947,15.328170,12.130855
80.002765,84.682810,15.038150,11.534039
81.274075,84.235349,14.459965,11.579186
81.193391,83.878575,14.961177,11.863977
81.770704,84.154463,15.158572,11.736343
83.887562,83.990583,13.283669,10.811688
82.932925,83.458227,16.797642,12.087307
82.674234,84.653409,15.565065,10.237023
83.437677,84.646406,14.300074,10.179924
82.733012,80.870297,19.938229,14.128695
82.152601,80.861185,19.205389,13.763619
84.614288,79.356381,20.888857,14.481132
82.772360,81.392450,18.539091,12.877576
82.643334,82.535975,19.482700,12.147383
79.888496,77.605551,25.879206,16.354179
55.245631,85.169159,18.385651,11.915852
53.245436,84.885262,19.281715,13.706469
56.817956,85.468957,16.686398,11.622576
56.509441,85.955734,16.625399,11.924001
56.775369,86.154545,17.493807,11.380451
53.219905,84.927557,18.724331,13.853242
56.375172,85.924809,16.675369,11.972170
53.925836,85.680889,18.457510,13.075150
54.871257,85.446613,17.673855,12.464973
53.547518,84.069608,18.944216,14.079251
56.193868,85.591510,17.279482,11.989275
53.872606,84.410047,18.484255,14.717695
57.960052,85.802139,16.020613,10.943733
53.658383,84.237005,18.432541,13.755361
54.336946,85.345077,19.157438,13.208979
53.642857,84.983547,18.926510,12.275421
58.334418,85.216928,15.108330,11.478044
54.040862,84.890540,17.875748,14.105162
54.392667,84.750893,18.836040,13.392291
54.176642,85.512919,18.566097,14.664129
44.449858,84.905276,24.274429,18.051817
48.243884,84.475351,23.976341,15.113800
43.995354,83.755586,26.914532,19.295778
52.367114,86.002120,23.025131,15.844054
57.023772,85.838029,17.742630,12.937883
57.730793,85.251754,17.365763,11.423594
56.802994,86.134607,17.258661,11.556824
49.663560,85.079736,18.257084,15.165323
40.000074,82.530156,21.824118,20.036188
47.379954,85.101193,25.720776,15.108423
43.309021,85.820910,27.195818,21.260595
42.408511,85.333937,30.422489,19.875320
43.061621,84.242503,28.752743,18.410055
48.529866,86.421217,23.821045,19.135681
56.977900,86.243680,15.814754,11.302393
53.312215,84.710068,18.854748,13.347117
57.427048,86.741793,16.451796,11.205024
54.252413,84.944695,18.407701,13.223487
58.376751,85.493491,15.575605,11.995013
54.456024,84.824112,17.904585,13.740791
56.813783,85.429610,16.692028,12.957788
37.404527,83.812914,20.400330,15.898173
44.576968,84.770699,25.994961,14.136130
52.320703,86.505589,18.539686,12.724724
56.684474,85.872731,17.289059,11.446833
52.389417,85.862997,16.401880,12.424436
48.210000,83.706236,21.564964,18.697826
44.690572,85.007362,26.561523,21.113907
45.845950,85.144208,26.469669,16.851004
52.519443,84.419617,19.649103,15.856110
55.344472,85.302338,18.118958,13.169120
57.086223,85.090824,17.417765,12.511833
56.020201,85.773926,17.706499,11.845546
55.601167,84.616619,19.413790,15.612489
53.092376,85.999985,19.252548,13.150161
54.669836,84.293694,18.650743,13.506222
53.740554,85.358715,17.628723,13.138821
56.562089,85.978846,17.264820,11.718239
55.903832,85.627492,17.415783,11.729455
51.045018,84.535757,20.703457,15.640854
49.044816,86.379118,23.352802,19.511055
53.603747,85.933818,18.679909,14.077870
55.150020,85.352417,18.577559,12.917665
57.914015,85.492030,16.827417,11.748271
54.924964,84.772606,18.160133,12.690200
57.216399,85.033582,16.249313,11.544901
53.293972,85.483834,17.827295,12.855487
57.955264,86.259008,15.359523,10.998013
40.655248,84.194235,22.595469,14.734481
39.995182,85.520145,30.063154,16.707767
35.415347,83.483224,32.184090,23.351671
12.698857,80.901384,37.369999,20.776848
52.504392,85.783564,18.412401,13.494872
55.699404,85.284235,17.814386,11.722932
55.285937,85.558233,18.629761,12.995670
48.453263,83.902617,23.146572,15.753222
51.144548,85.480484,20.479944,13.422935
54.506913,85.171292,18.560368,12.609199
48.474425,84.932117,22.153271,16.316278
47.214588,84.019729,24.317095,16.093401
55.430104,85.562857,18.304794,12.262524
56.100909,85.864441,17.352501,10.918461
53.784853,85.086100,19.818670,14.078575
43.770108,82.882357,25.906776,17.459877
45.555414,84.576091,25.218245,15.090536
52.014286,85.295811,14.744738,12.685901
56.285511,86.610940,16.907228,11.004670
53.030077,84.424076,20.022383,13.037220
56.523201,86.197618,16.931589,11.598566
59.688511,86.944270,14.843512,10.108413
58.594343,86.656791,16.027430,9.867056
53.241652,85.823780,14.543317,12.546558
51.974688,84.245685,20.410469,13.192724
51.541736,84.794521,20.980497,13.363324
54.387693,84.643348,18.206148,12.855664
56.425103,85.616783,17.460636,11.978306
54.363878,84.396270,19.043303,13.319197
54.812452,85.919097,16.871462,11.893248
55.416085,85.557393,17.144154,12.850768
50.453985,83.977916,21.708410,14.884297
51.533676,85.604066,20.710085,13.609552
49.679982,85.083019,22.419403,15.741590
51.514997,84.800035,21.622190,14.063980
49.329120,84.513966,24.009241,16.108303
53.242039,85.268456,19.484840,13.411373
49.529915,84.768611,21.661631,15.013455
50.869175,85.515452,20.818476,15.192663
56.238899,85.139228,17.735415,13.130644
52.707687,84.626063,22.885424,15.800245
52.367285,85.385199,18.762098,13.765312
49.511754,84.418853,21.956520,16.408140
55.354778,84.918932,18.442698,12.102096
52.180987,84.843676,20.801853,14.944214
52.226023,84.378458,20.878828,15.051987
55.814488,85.730793,17.234634,12.301768
51.535659,85.421027,18.602558,14.517611
49.976614,84.545755,21.842207,14.408780
