56.600000,34.000000,6.800000,14.600000
57.916908,36.037006,7.369142,11.470339
59.265280,37.083946,7.512076,11.958437
60.792965,36.947810,7.461841,12.154693
62.644025,36.885770,7.039037,12.718502
64.417351,38.133930,7.045336,13.366181
66.134819,38.583519,7.312398,12.775460
66.959084,39.306123,7.683803,13.573441
69.209617,38.194528,7.144886,13.625528
69.693809,39.735791,7.330739,12.760768
71.498782,40.178843,7.653696,13.625966
72.972184,42.507077,7.621187,12.541668
74.236188,42.446321,8.053109,13.160902
76.669675,43.089247,7.621587,12.833391
79.084601,43.227606,7.022585,11.770406
79.733822,43.783090,7.297337,12.608164
81.271622,44.234629,7.505095,12.649068
82.369504,45.359465,7.391367,13.201283
83.969496,46.107943,7.796631,13.014439
85.687745,47.103264,7.468153,12.789647
87.143332,48.502261,7.491836,12.612373
88.955070,48.414308,7.381315,13.549089
89.902136,48.220101,7.409577,13.623894
91.411425,48.747852,7.949885,13.332388
93.220608,50.292567,7.614594,11.700821
94.152250,50.562922,7.435166,12.864026
95.232700,50.808996,7.723897,12.476561
96.816193,50.733894,7.835261,13.696779
98.158178,50.613148,7.480333,13.485233
100.403105,51.300552,7.488040,12.518862
101.026518,51.744731,7.343876,13.411548
102.121691,52.955330,7.575039,12.961374
103.501986,53.505112,7.494788,14.126942
105.075680,53.887251,7.886826,13.523413
106.379640,53.935011,7.786786,13.392400
107.454475,55.373020,7.905644,12.621667
109.512937,55.742321,7.752492,12.842653
110.891147,56.957874,7.976819,12.515574
111.785249,57.648355,7.749726,12.617872
113.433856,57.286600,7.658613,12.680330
115.817248,57.832579,7.206286,11.973580
117.438033,58.492184,7.026979,12.718823
118.344490,58.472398,7.203014,12.028004
119.718595,59.820032,7.167168,12.301427
121.776589,57.251973,7.944921,14.716868
121.034635,57.480512,9.287789,14.191867
124.305791,59.824910,6.877837,12.585770
125.450803,61.274236,7.088701,12.943958
127.166960,62.099397,7.614879,13.145141
128.845826,62.245356,7.503736,13.192315
129.935242,62.148888,6.975280,12.948666
131.231433,63.108990,7.637518,13.779846
132.641474,63.579077,7.320061,13.624292
133.263716,64.602597,7.781867,14.029721
133.737795,65.003263,7.659259,13.692060
134.770973,66.244133,7.854275,13.899981
135.817430,66.714288,7.966173,14.288513
138.174038,67.126287,7.512166,14.199782
138.909722,66.954285,7.957721,14.058773
141.316641,67.901006,8.329826,14.380894
143.463119,67.501735,7.491407,13.170825
144.378690,68.291507,7.505545,13.326801
145.566688,69.252226,7.541501,13.476659
147.072609,69.519444,7.631671,13.189649
148.611127,69.365248,8.030897,13.955503
149.807135,70.026221,7.393370,12.756058
150.307136,70.641324,7.326281,12.937710
151.383816,71.231503,7.415264,12.994096
152.150280,71.927378,7.491942,12.854671
152.528630,73.306215,7.376705,12.787528
152.948161,73.446073,7.359938,13.305803
153.460112,74.473335,7.294952,12.127462
155.133151,74.400002,7.764270,13.594823
156.799898,75.390997,7.401990,13.288626
157.476946,75.925441,7.605209,13.548279
159.396707,76.870083,7.354798,12.864725
160.010236,76.565871,7.341715,13.052979
159.666079,78.311547,7.194134,13.552784
160.039361,79.199001,7.159984,13.505438
155.972621,81.198873,7.771105,13.385721
159.202812,82.627290,7.361194,13.208408
160.349803,82.683072,7.351217,12.925682
161.707625,82.659157,7.204013,13.939492
163.664548,84.128741,7.367811,13.178056
165.731266,84.927082,7.519917,13.844767
168.009512,87.682970,7.914805,13.668874
170.133351,87.815292,7.650980,13.505892
172.594204,90.416346,7.735546,13.260197
173.561276,91.791630,7.460727,14.322496
175.726094,94.170576,7.727256,14.165327
176.566966,96.360493,7.512887,14.173647
179.807129,98.082862,7.660244,13.739090
181.503069,98.633492,7.792499,13.903194
184.243166,99.197973,7.504806,13.931750
185.988985,99.869798,7.482415,13.269802
186.470727,100.374567,7.212857,13.773446
188.393766,101.271201,7.421234,13.782455
189.533114,100.581162,7.220019,13.822343
191.610043,102.632829,7.468955,14.217537
194.383721,102.013710,7.402349,14.059420
194.853081,102.439155,7.541043,14.399016
196.819397,104.064253,7.652171,14.073393
198.621556,105.249047,7.589297,12.594914
200.542866,105.879542,7.553012,13.050964
201.948113,108.348404,7.792118,13.325964
203.387167,107.904877,8.013268,13.541445
204.790265,109.223295,7.882682,13.757331
205.554373,110.759904,7.696781,12.439811
207.140048,110.793187,7.497271,12.738151
207.776190,111.925299,7.403820,11.993875
209.389357,111.329757,7.677235,12.948898
210.439859,111.758601,7.510662,13.340355
211.211386,112.702714,7.380755,12.599936
212.975787,112.535132,7.314189,13.005040
213.342260,113.507232,7.579953,14.167225
215.038673,113.587896,7.648815,13.086837
216.751381,114.707531,7.364781,13.976580
217.490311,115.967186,7.370730,13.157736
218.986548,115.946810,7.373168,12.436941
219.868613,117.098153,7.329954,12.474448
220.842777,117.469053,7.272897,12.814482
221.747811,118.664920,7.369213,14.147015
222.612415,119.689616,7.562992,13.490333
223.148852,119.766537,7.513839,13.593622
224.363649,121.419881,7.366834,13.543705
224.975451,122.881429,7.676398,13.380920
225.783865,123.563439,7.623874,15.403152
226.161310,124.700390,7.522035,14.099886
226.979543,124.308841,7.513546,13.923458
227.924942,125.325044,7.689281,13.755267
228.140984,125.762323,7.742885,14.128722
228.801254,125.004050,8.047605,18.697235
229.434000,126.205732,8.019783,17.072184
230.610247,126.296817,8.063712,16.130909
231.183124,126.976363,8.024434,13.215614
231.819128,126.187282,8.777523,15.989482
232.367200,127.894097,8.884527,14.632629
233.905269,128.193475,7.036908,14.326430
234.874312,128.185099,7.247303,14.273239
235.802411,129.037607,6.692011,13.256357
236.182208,130.079410,7.163470,13.544664
236.036873,130.578305,7.130748,13.653194
236.271947,132.369026,7.312173,14.429121
237.192503,132.361781,7.244503,14.812411
237.681376,133.431643,7.316474,13.945633
237.881677,134.768546,7.546274,14.580283
237.840796,136.120973,7.308856,14.163936
238.531142,135.597984,7.209158,14.208227
238.578717,136.684465,7.159647,16.201498
239.083852,136.187498,7.262323,14.888337
238.845901,136.217555,7.244591,13.880897
238.817345,136.277404,7.272158,14.155547
238.776468,136.741583,7.133622,14.369501
238.664946,138.028977,7.034179,14.890602
238.334360,137.822355,7.157204,14.828116
238.137089,137.630148,7.396304,15.327035
238.104887,138.105601,7.253280,14.491158
236.117129,137.772617,7.443060,14.691744
235.918178,137.486622,7.259375,15.302401
235.341625,136.388735,6.833511,14.946912
234.485137,137.018539,6.936980,15.063148
233.885779,137.183472,6.798579,13.843198
231.710438,135.347944,7.520804,14.819098
230.660053,135.339446,7.529748,15.812847
229.951746,135.202055,7.533421,15.324297
228.397405,135.489499,8.044038,16.070934
227.188066,135.236461,8.010461,15.347269
224.848441,135.087725,9.323450,17.581131
222.728928,133.515996,9.212246,25.370872
222.999421,133.558753,8.846205,18.980221
222.050784,132.164035,7.855810,17.843739
220.728077,130.849970,7.747088,14.468725
220.579516,128.707545,7.598888,15.250791
220.072349,128.840982,7.807931,13.086775
219.821009,126.572599,7.330479,15.085437
218.696194,124.011785,7.749076,15.913359
217.982560,124.096917,7.657035,17.343231
218.310023,123.712484,7.335769,13.927370
217.698064,123.501511,7.628592,14.821412
216.680968,124.247645,7.787551,15.267929
215.586421,124.714762,7.474689,12.912351
216.072361,124.450492,7.199161,14.891047
214.838626,124.646836,7.291879,15.109959
215.105829,124.942393,7.496810,14.837799
214.831893,124.930695,7.522412,14.402661
213.746696,125.452380,7.456587,13.819759
213.612824,125.030826,7.664633,13.868025
213.449608,125.476403,7.458362,14.118504
212.951009,125.238007,7.220822,12.923542
212.235910,125.513204,7.530553,13.294940
211.438100,124.736279,7.496233,13.610153
211.082071,124.454747,7.492451,12.974046
211.193885,124.425322,7.212865,12.416576
210.805106,124.035035,7.278898,11.886822
211.275220,124.042422,7.394140,13.499719
210.490191,123.224407,7.807291,13.090357
210.086677,124.197424,7.665479,14.121030
209.655894,124.100535,7.523035,13.738464
209.426155,124.421331,7.493087,13.205089
