172.000000,191.000000,16.000000,15.000000
170.578204,193.630334,15.366569,16.479292
168.649961,197.847758,15.912701,16.036371
163.852085,203.507698,16.223522,16.603119
157.705343,210.524494,17.239510,16.640625
150.312620,213.070786,19.006546,18.988111
146.152164,218.942556,19.099293,19.476559
136.214240,223.474772,21.185358,19.742853
128.171966,219.650621,17.439901,17.201908
124.894149,216.423755,16.736269,17.363585
120.717964,211.712665,17.029873,17.363096
117.343699,209.576053,17.433187,17.336241
116.004733,208.166103,17.092367,16.673161
112.124985,204.712581,16.248383,16.927336
110.903073,203.598828,15.948043,16.831034
111.038981,204.552599,15.988672,16.906715
111.966663,205.948977,16.224304,16.652708
112.750098,208.265592,16.885347,17.121431
117.293310,215.428879,16.498753,17.107647
120.710179,220.436445,16.787710,17.778656
124.276451,225.671723,16.721832,17.261225
128.525669,230.959620,17.038208,16.053846
131.953522,221.568737,19.837677,18.948696
136.646015,214.136999,20.090286,19.836044
137.450486,210.193290,20.455153,20.999891
137.830648,209.441802,19.619617,20.032072
134.853303,209.147875,19.519621,19.721748
131.674184,211.521497,18.333464,17.558733
128.521670,214.522158,16.753222,17.125336
122.006216,219.330444,17.046604,16.622944
117.610386,222.069773,16.535793,17.261620
112.674021,229.922480,16.548943,15.319817
109.809377,231.276330,17.240183,15.532617
106.547853,226.126264,17.386906,16.135244
101.733308,221.011194,17.205667,17.265690
99.955974,219.571095,16.885458,16.783789
97.190542,216.592421,16.997566,17.023155
96.617517,218.483195,16.835594,17.018194
96.973709,224.013116,17.680500,17.224985
97.889986,228.494244,17.414246,16.647137
100.498242,229.633564,17.370234,16.676777
102.459708,223.974671,17.050138,17.053236
104.487818,220.363432,17.370918,17.448410
105.966124,218.474236,17.351089,17.051464
106.577632,219.151613,17.104055,16.994904
105.792299,220.355741,17.606934,18.445475
105.711897,226.294862,17.297935,16.209223
103.922008,231.422909,16.973509,15.668430
103.451780,225.289195,16.654617,16.469965
102.319445,220.547748,16.827629,17.332994
100.929916,216.333546,16.866177,17.601868
100.358860,213.657502,16.867496,17.865099
99.922986,213.046907,16.677378,16.950302
100.147063,212.761612,16.239309,16.612888
102.553932,213.859937,16.883221,17.860720
104.310595,215.732348,17.208878,18.004934
111.624221,220.238824,17.220938,18.842417
120.304574,228.397162,17.316042,17.454771
126.750735,230.767917,17.448416,16.155661
134.267633,218.524412,19.737175,21.308571
140.001421,216.422519,18.052475,18.996626
144.486376,215.297544,17.863777,17.683296
150.951906,210.822946,17.537582,17.341234
153.909474,206.996193,17.099535,17.942760
157.931464,205.613340,16.064604,16.774872
161.711227,202.470892,16.428783,16.204899
166.489221,198.868078,16.510515,16.547047
170.003346,197.368173,16.203173,15.839799
173.452699,196.127925,15.959855,14.891370
179.439835,194.147978,15.581920,15.191363
179.746404,192.555889,15.109468,16.120399
178.881804,192.305243,15.591105,17.297724
177.244184,195.731904,16.929197,16.703093
173.818014,198.381502,18.010059,18.379704
170.958975,202.049353,17.929226,18.640766
165.068869,210.208640,17.172020,17.602701
154.982564,217.453874,18.714617,17.375776
151.705340,220.610016,18.669859,18.144859
147.010375,228.905509,21.027769,18.283625
143.016761,221.968895,21.435278,19.779793
137.138239,215.104069,24.013985,23.449677
130.506225,215.653141,17.798452,17.560196
128.242417,209.943998,17.793253,18.032970
126.636635,206.558620,17.753628,17.896698
123.472404,201.211158,16.957371,15.786089
122.974205,195.056685,15.863487,15.648772
120.556795,188.191658,17.634388,16.315353
120.128599,186.758254,18.327908,16.725641
120.516126,181.565599,17.681303,16.795349
121.247074,179.347283,17.084770,16.955034
123.376714,177.528477,17.110235,17.194706
124.949492,173.946515,19.023808,18.527998
125.916261,175.264928,19.077017,17.605757
126.856997,175.462780,16.885706,15.865792
128.081765,177.266931,17.076147,16.288916
128.495793,179.889281,16.906317,16.209948
129.265967,185.266769,17.155519,15.672066
129.146740,191.978690,16.785538,16.043566
128.898235,200.771173,16.045059,17.350857
129.233399,206.379829,17.283064,18.227150
129.967573,218.805480,16.963970,16.938646
130.980960,231.547463,17.409792,15.957029
130.502615,228.086489,18.663837,17.195477
129.848387,217.022843,17.930042,17.241278
130.860202,208.046037,18.319689,17.893358
130.038734,202.464684,17.904671,18.784445
130.816930,194.807301,18.988371,18.260929
130.595148,188.553252,18.163059,17.082930
130.587103,182.898682,19.775120,17.795399
130.846134,180.295365,19.410751,16.994028
129.037748,176.568864,18.192074,17.815607
130.370453,176.342175,16.936005,16.577738
129.755996,174.285990,17.223093,16.634651
128.960755,174.518547,17.399221,16.461964
129.202255,175.700755,16.780876,16.532179
131.123255,178.618092,16.935299,16.379589
131.797000,181.485565,18.123629,16.346691
133.137649,184.588877,18.654665,16.730820
133.762109,191.626798,17.106741,17.267855
135.709471,201.043033,16.488300,16.493124
139.282588,207.988296,18.295191,17.746016
139.745098,215.836246,17.993866,17.678623
145.014281,228.552939,16.776705,16.310461
148.126839,224.195968,16.768967,16.814314
149.191508,213.605033,17.292353,17.932108
151.818324,206.114812,18.191843,18.388952
155.263738,201.978119,16.435904,15.886622
160.049079,195.771897,15.868059,15.486083
163.510394,187.649507,15.426501,16.080835
165.961289,183.896027,15.881507,15.391311
168.359913,179.731759,15.796020,15.938688
170.350511,175.842247,16.056669,16.507431
171.200835,173.844786,16.621416,16.742065
170.122607,171.142538,16.654306,17.086475
171.333937,169.218509,16.298061,17.054476
171.797002,170.564044,14.961416,14.939676
167.940463,169.477370,17.317202,17.355146
160.282544,170.389625,19.423758,19.312216
159.326479,173.767289,17.448475,16.672472
149.605529,174.087400,21.924208,19.510742
143.830009,176.903767,19.371876,20.959255
147.359388,185.035528,16.327316,23.310616
144.600431,178.621819,18.530510,22.103258
138.301397,185.996805,24.579117,27.626305
133.204786,219.521375,16.477051,16.920351
128.515236,225.378284,16.433399,16.927616
125.090470,219.358104,16.317389,16.050241
120.300172,209.448730,17.115000,16.575842
118.126105,201.235838,16.241995,16.837036
116.390909,197.512322,15.409290,14.652915
112.828321,191.923935,15.984811,15.154994
108.313460,185.051093,16.790174,16.819391
104.090954,181.088531,17.900036,18.285450
102.997296,177.739826,17.617525,18.719845
102.695352,177.137147,16.695223,16.693842
99.949555,175.311970,17.660101,16.972824
97.972955,176.229010,16.458242,15.237843
97.139376,177.189323,16.828037,16.024742
95.768403,177.725668,15.699430,16.130581
96.621448,177.764880,17.059313,16.534754
97.393169,181.352335,17.508659,16.461628
97.693269,187.137231,17.124769,16.815237
99.383931,190.016870,17.979910,16.982449
103.256967,199.003624,15.709706,17.990562
104.067526,207.989025,17.197964,18.735519
107.836194,216.112530,17.770056,18.320488
113.748665,226.432915,20.113823,20.046928
118.035679,225.651353,19.409683,19.379766
118.848685,220.799024,17.527727,17.772711
122.411096,212.043103,17.797377,19.131460
126.159862,206.320243,18.104914,18.619101
127.126199,203.165405,18.839674,19.517262
128.986896,203.414780,17.920809,17.656284
127.878224,205.502449,18.585737,19.464802
123.801555,211.800167,18.100397,20.039814
120.787121,218.383252,18.207695,18.873957
115.361536,228.499463,19.476170,18.474810
109.846589,228.175124,17.646532,17.159430
105.935489,222.080272,17.327154,17.492334
102.282534,215.332913,17.336296,17.986380
101.481183,211.665301,16.710833,16.893679
100.657767,209.436542,17.059736,17.303843
103.735296,210.764208,17.356552,18.565876
113.370242,219.307890,18.229597,18.388485
125.383187,229.904197,18.350023,16.874468
133.651458,224.695644,18.498159,17.994667
144.429100,215.707665,19.253307,18.352182
151.135747,207.749003,16.606218,18.772093
156.240798,202.175028,17.270376,17.855053
162.220174,198.605867,17.592768,16.666389
168.575269,196.726046,15.891320,16.049728
171.379611,195.959404,15.809438,14.564229
170.547424,196.861576,15.913735,15.600904
162.947627,202.074788,18.207888,18.185770
149.183726,212.925828,17.431486,18.713617
136.367960,224.938082,24.485886,22.118454
124.230753,224.401299,23.967758,21.030361
114.307034,214.060227,18.939037,20.575663
108.493214,207.271788,17.919056,19.130981
103.738854,202.162990,17.429064,19.262564
103.517045,196.884583,16.980059,17.901058
100.650410,193.268374,14.151614,15.712683
104.140037,192.160324,16.705336,16.395748
105.269883,193.991104,14.276728,15.132359
111.244590,200.268231,16.055883,17.594614
115.072576,212.673824,17.796167,18.366322
118.979168,228.308032,18.069904,18.152960
120.789892,225.623592,20.016937,18.560680
123.310639,213.334249,20.130487,19.389973
127.778414,209.213033,19.326164,19.582937
133.545080,211.679360,17.958069,19.277380
142.453408,220.270843,18.070993,17.927576
137.281510,195.758292,24.807169,24.781256
156.126771,220.624002,18.562830,19.600725
163.504166,213.756435,16.668591,17.247952
167.530976,207.728218,17.184114,18.594620
169.922384,204.766051,16.468529,18.074907
167.574446,204.985342,16.951485,18.654751
160.357061,212.186460,18.066402,19.913801
149.195923,224.101188,18.790417,19.250055
140.333173,220.634129,21.608873,21.152565
129.916793,207.904484,22.053152,23.832619
121.702576,203.331040,19.235546,19.411337
116.060810,198.982074,19.205975,17.230333
113.736136,192.829932,16.000685,15.750105
108.129683,187.277057,18.282768,18.662817
107.639363,182.940119,17.528627,16.412285
106.349605,180.321110,16.916525,16.353878
105.491962,178.746524,16.758709,16.257669
106.168184,177.945925,17.184296,17.225483
107.201543,180.496137,17.206858,16.984015
106.975288,187.535159,17.188831,18.535242
106.554780,198.795403,14.634516,17.094475
107.864450,214.941424,17.007378,17.626940
108.819816,231.202919,17.269575,16.450264
109.707848,218.326489,17.236507,17.152231
110.115740,203.997909,17.866386,18.471098
111.408803,197.601610,18.428011,17.423332
114.041420,197.166102,17.926670,17.126265
118.327229,199.524967,17.758188,17.580585
125.501116,206.915298,15.754867,17.302555
132.577235,214.827306,19.224531,18.951395
142.033454,225.948552,18.841963,19.798624
149.354576,223.307782,17.062206,18.025644
154.193825,213.928533,16.539165,17.245905
158.957501,206.437850,16.660311,17.012480
164.283974,201.787897,14.723132,15.639160
168.902949,197.478961,16.356375,16.188902
170.728603,193.965261,15.866284,15.019146
171.761813,190.807999,17.119802,16.465252
172.689028,188.115466,16.598221,15.718748
170.946907,186.975496,17.200203,17.208580
167.670913,186.516994,17.145239,18.240561
158.639551,189.461425,17.581802,16.089941
176.048415,193.537948,14.793532,15.598249
170.492937,191.440540,19.773399,17.640129
173.038777,192.660969,15.479280,16.796745
173.736372,193.103999,14.655150,15.765429
168.318732,194.193123,16.440012,15.340584
170.441634,194.111127,13.662356,14.625792
169.923153,193.003914,14.093231,15.248680
169.955068,194.309211,14.007115,14.337510
168.379704,192.851217,14.391460,15.313851
166.563876,191.448402,14.845625,15.993253
163.632696,190.137304,16.593502,18.000484
162.344434,189.927407,16.392294,17.437994
158.251304,186.750566,18.697798,19.683041
159.267981,190.406278,15.575653,17.097311
155.821587,189.029148,17.830753,17.995651
154.969015,190.102446,16.515709,16.695675
151.858369,188.688027,18.272409,18.124281
151.987282,190.075221,15.525364,16.584803
145.968463,189.842778,18.773485,17.316778
146.027924,190.011980,16.051888,16.408863
140.934070,188.843114,17.915648,16.748716
126.748002,186.105177,28.929983,21.106060
108.736986,195.331785,17.451225,16.789875
106.121912,192.516603,17.058746,15.305500
104.167056,187.914147,16.213118,15.526904
100.866178,186.011458,17.148489,16.608839
97.496098,185.425997,16.033875,16.518372
93.265244,185.739101,15.979430,16.385746
89.694643,188.295880,17.416065,16.583307
85.828867,186.273759,24.508770,21.531504
91.805096,205.471005,15.406693,16.072519
93.580458,217.896702,15.434672,15.726932
94.147085,226.453829,16.790188,16.900887
97.601128,214.883950,15.764389,16.366064
101.318408,204.874279,15.452295,16.724213
104.124520,197.270815,14.881475,15.755512
105.332973,194.491780,15.347749,15.073680
106.890724,190.273070,16.821754,15.894670
112.018195,195.576511,14.736643,15.461853
111.566522,202.835416,15.900773,16.806295
111.069937,214.235927,15.951545,17.240114
111.216163,225.308634,15.267552,15.772556
111.286088,213.110937,15.354590,15.268773
111.835512,202.706092,15.377160,16.125525
112.597389,198.123007,14.635227,15.675201
113.153499,195.552967,14.009130,14.375558
111.507276,192.109165,14.931672,14.924278
110.974921,189.371636,15.698984,15.578203
111.700174,188.246506,16.101040,15.971970
113.254791,188.588500,16.217636,15.743624
116.801153,190.661037,15.196240,14.804963
124.828234,193.646504,16.134174,15.314665
129.549973,197.456993,17.853758,17.676643
136.330948,208.673579,16.703247,16.408052
140.915749,219.777851,17.005791,16.249603
145.965964,220.112046,16.423784,15.186957
153.897829,209.443396,14.857670,15.107734
159.519406,200.505210,15.318609,15.447743
161.363548,196.274918,14.470338,15.092091
163.689984,188.798484,15.006254,15.771551
169.227660,186.749817,14.547060,14.016303
170.170168,182.967192,15.208210,15.683394
169.916115,182.042867,14.573059,14.988191
169.564441,183.308694,13.924504,13.909502
164.432857,187.192583,15.086008,15.079705
159.599503,195.622448,14.686877,15.191951
152.145229,202.027884,16.205280,19.911346
143.730028,218.185832,15.611885,15.626922
137.237808,215.186848,15.142331,15.668780
130.037104,204.273095,14.678913,16.835695
125.114059,197.533194,13.897766,13.895019
116.474590,188.673961,15.341026,14.929747
111.458638,181.659715,15.197268,15.164308
107.668384,175.788340,17.885450,17.160126
104.857927,172.994028,22.167671,19.187416
100.803614,172.090923,15.221305,14.959607
99.208777,172.462016,14.762351,14.267848
102.385496,177.172221,15.486833,15.880198
104.720015,186.306950,13.819458,13.582450
110.144455,197.694115,11.706237,12.301597
112.068431,206.604853,15.378469,15.159115
115.234559,219.003485,15.772967,15.346271
116.814759,209.729460,16.349207,15.573528
118.943127,200.207603,15.043140,14.181040
120.377439,191.539999,16.318636,15.405019
105.645619,171.264929,22.315577,20.165344
107.313004,169.607718,24.704851,21.513443
105.169219,170.234035,23.459700,21.342312
108.535790,171.924501,20.544825,19.182899
105.809472,170.056376,17.581369,17.591217
107.971950,170.354853,16.138464,17.444725
104.927479,168.565203,15.550625,13.986050
101.462120,168.754093,14.558186,14.003980
98.315802,168.613978,15.833340,16.250597
95.966796,171.470615,15.179953,15.697892
95.969054,173.277590,16.306734,16.100910
95.372185,175.404898,15.666709,15.396076
96.842562,176.786017,16.918736,17.034777
102.075543,183.770546,15.616179,15.103850
107.557513,189.718844,16.045702,17.906969
114.459297,194.444242,17.237961,18.445791
120.212134,203.766950,15.125574,16.252508
126.294113,215.314484,14.668648,15.214035
130.921642,216.056948,14.581697,14.262839
134.806408,206.841545,15.156586,14.771111
140.758247,201.389113,12.545175,13.083017
144.094889,195.436510,12.517509,12.278572
147.151079,191.580381,13.140435,12.272762
146.849562,190.994964,13.599452,12.517752
146.162205,192.433892,13.223586,12.537764
142.764638,197.629731,12.763971,12.895049
136.551967,202.241045,14.970819,15.296185
131.349957,211.163751,14.421902,15.018773
123.441885,218.951558,16.504421,15.269865
122.881417,211.698487,14.658319,14.515253
118.346038,204.765749,14.968229,14.969424
115.589862,199.579913,16.298628,15.478151
114.140430,197.798557,13.698739,14.481778
116.475478,196.738480,14.407888,13.990619
121.143301,200.154312,15.115219,14.294392
125.938805,202.842916,15.666782,15.205698
133.082519,209.722033,15.523535,15.746986
138.790013,216.809020,14.608721,14.726691
141.823019,215.388998,15.467568,15.361726
146.831358,208.959996,15.445320,15.224127
155.904553,202.805044,13.858935,15.127580
161.530931,200.621469,13.924843,14.443775
165.811648,199.151824,13.310843,13.632425
167.474887,197.750343,12.906663,13.297871
165.786836,198.487011,13.807496,14.380684
157.333951,202.336562,14.738752,15.489443
145.902153,210.047501,14.282470,14.594878
135.362096,214.147938,16.087542,17.284676
125.592888,212.530120,16.976688,16.073423
115.814741,207.162746,15.387726,15.992565
111.964883,201.860425,14.369565,16.408590
110.472108,199.493388,13.739087,14.201507
108.840408,198.130462,13.792039,14.415834
104.813884,196.783643,14.011488,14.056752
108.226197,196.716501,12.117662,13.884400
109.980245,198.711104,12.874006,14.608274
108.119206,204.995454,16.411139,17.827021
112.424146,219.244083,14.080503,14.707310
116.570155,211.135092,14.137110,14.299347
118.354509,203.041656,13.889866,13.227468
119.955486,198.579103,13.106525,13.334554
120.386867,193.592871,13.529710,13.404799
120.586823,188.653474,14.095549,14.385607
117.891574,185.620098,15.256632,14.187649
118.219926,182.995915,14.728173,14.334185
119.693160,180.224308,13.983596,14.525187
121.782615,180.694407,14.900801,14.754143
126.565558,181.017303,16.083410,16.053921
131.716167,186.344962,16.748219,16.115049
137.452386,195.625292,16.020113,15.849571
142.199370,205.094763,15.222540,15.596542
147.381706,216.651426,14.673909,15.528915
150.516028,214.254720,15.011221,14.194693
153.324062,203.140709,15.051975,15.075801
159.741142,197.453142,12.723507,13.127584
160.491863,190.897971,13.824113,14.085677
161.417101,190.642885,13.509113,13.192635
157.109856,194.665401,13.581509,13.823033
152.231322,198.130377,14.848291,16.517792
144.730849,208.232404,13.873767,14.689546
135.373237,215.602083,16.875906,17.672958
128.825976,215.176142,15.068778,16.002174
125.665061,207.044382,14.096984,14.529134
120.042209,201.933985,14.472971,13.749740
117.360486,198.921927,12.665179,12.089431
112.197686,194.273292,13.564451,12.973489
109.148941,191.536076,14.381859,14.485794
109.646394,191.899801,13.934159,13.722248
110.477050,194.101247,13.936819,13.396848
118.145386,200.116188,14.246409,14.623147
123.502737,208.309068,14.618225,16.063490
130.216738,217.340157,16.894989,17.340561
141.276058,213.394909,14.663654,14.340667
148.608726,203.330300,16.017775,15.357409
152.917506,200.999269,15.186461,15.226086
155.087166,200.591466,13.797622,14.936674
143.049476,182.201756,22.291151,20.588680
144.813190,171.454627,32.201542,28.967382
161.535748,205.263839,18.369921,18.159048
167.455840,211.969795,13.542945,14.979924
166.472970,215.982086,15.793569,14.989812
170.242230,218.840304,15.111258,14.869102
171.397458,214.062418,15.484397,15.014236
174.499107,210.047357,16.130577,14.580122
179.615989,208.234666,14.307817,14.233130
184.174593,206.777094,13.679775,13.383319
187.847094,206.370105,12.875747,12.969545
191.182470,207.338593,12.867505,13.410070
191.327357,208.861310,14.024074,14.224774
195.317915,214.127639,13.117496,13.245599
199.804947,218.499944,14.012856,13.565897
202.357217,218.699534,13.781408,13.392157
204.761936,214.083213,14.059994,13.580892
206.979682,210.575988,13.889394,13.453840
209.154138,208.957850,14.686780,13.714931
211.340690,208.546073,14.445951,15.011480
214.511747,218.162816,13.583215,14.010805
217.768209,215.175346,15.437141,14.789165
217.657529,206.554585,13.427065,14.073952
216.519099,200.884638,17.245623,19.462688
218.973904,195.555705,13.504181,14.006243
219.358336,189.127654,13.580042,13.488162
220.268835,185.220490,13.017385,13.440466
216.296841,179.073308,18.438854,18.274069
213.907666,176.761580,18.458246,18.263651
218.264934,201.483775,16.832960,18.319757
226.411315,202.906830,13.523199,16.117386
230.194579,204.400247,14.118574,14.508374
229.319225,208.250745,15.419148,15.379804
220.942390,210.741529,16.902050,15.334081
220.002770,214.685203,15.839683,16.510508
215.119354,216.782604,19.238171,18.291283
210.705065,211.197258,22.791679,21.805260
206.287800,204.202526,42.861050,30.581482
174.945668,205.991621,13.527651,15.174174
176.941559,217.820987,14.862598,15.156748
180.722679,216.887898,14.526227,14.106810
184.577797,206.360330,15.992352,14.855008
188.983418,195.967004,16.597004,16.200834
192.325622,188.339714,17.414312,17.211597
193.749097,183.200591,16.005739,15.809550
195.396131,178.812531,15.559572,15.084940
196.538749,176.113589,16.525099,15.690287
196.184339,172.826459,17.106882,17.295630
195.240396,171.800018,16.059280,16.164879
191.359143,171.202847,15.634470,15.587393
190.314781,172.816627,14.809631,15.582101
185.873031,175.431924,15.573140,15.322821
180.230195,178.995655,16.706457,16.621681
174.724548,187.550631,16.974861,17.208630
166.025649,200.447044,15.503276,15.944336
158.606526,215.292770,15.136840,16.362564
152.344067,219.605548,18.603432,18.716417
146.621781,209.587687,17.126554,16.485901
142.753573,199.272147,15.838805,15.202041
141.668485,195.123752,14.563738,13.859030
140.623045,191.908051,14.512145,13.528828
140.155163,195.187988,13.987731,13.779945
139.752622,202.119602,14.525701,15.540695
135.499156,214.701517,15.774607,16.471088
134.624356,220.665764,15.822371,15.689224
132.991890,208.165021,15.536552,16.463545
132.442477,202.611455,14.885794,15.440526
132.721587,200.071419,14.840601,15.578578
131.439341,200.415111,14.943668,15.996466
132.299404,202.697682,15.048286,16.039217
134.339441,208.333985,14.888402,15.772441
137.839942,218.155385,16.301363,15.320429
140.831597,220.103720,18.984304,18.263397
142.145857,213.643984,16.415386,17.638577
143.921290,209.430485,16.444712,16.511860
147.212593,206.277306,15.983818,16.865974
145.661525,207.190726,16.831518,17.526476
140.421014,216.699940,16.599920,17.129616
134.414441,222.055065,16.751989,17.682426
129.526474,213.194754,15.861293,18.637592
125.857995,207.849962,16.472139,17.269039
124.390463,206.297460,17.112068,17.156729
125.179892,205.953252,16.436478,17.969076
129.921027,213.802835,15.880194,16.210958
135.222884,219.732371,17.096037,18.003702
143.978476,215.915656,15.443954,17.002539
146.528942,208.902916,16.151814,15.994007
153.072094,204.124443,14.800907,15.283306
157.508217,200.024022,14.356571,13.653666
158.985795,198.693886,14.155092,13.746161
159.132123,196.474749,14.006299,13.830253
155.192678,200.831540,14.925831,14.077539
145.632294,206.365892,17.522221,16.901352
138.323436,213.821756,16.392759,17.753494
134.220223,216.601044,17.630484,17.500362
127.958085,208.642864,20.419512,16.661087
121.871672,203.109537,14.659358,14.789002
117.248588,198.307860,14.468485,14.321406
112.591904,193.753652,15.419159,15.237341
108.260075,189.829749,16.687836,15.988520
108.790991,186.698794,14.940853,14.671233
108.782224,185.104812,14.642121,14.271231
107.359746,183.833156,14.711549,14.011281
106.405931,183.163428,14.706203,14.222448
107.012203,187.104810,14.688507,14.700548
108.843763,196.487808,14.275922,15.040005
110.991690,206.864825,15.875545,17.429770
112.322887,222.529051,15.158852,15.720428
113.724871,214.015197,15.183688,14.843939
115.295781,201.902254,15.032313,15.454156
116.199904,194.986610,13.624968,13.239712
116.623094,186.154306,14.762011,14.069020
115.399388,179.931952,15.502066,15.365997
113.982642,174.276990,17.255365,17.736383
114.751943,169.684834,17.127569,17.949457
119.508342,164.664377,16.098452,15.781597
121.170877,162.300229,16.142948,14.262191
126.399096,160.327093,14.963297,14.648922
130.500721,158.082553,15.679413,14.979753
136.296394,157.911744,15.333336,14.419176
141.210120,161.320458,14.274890,13.675311
146.055708,165.739717,14.944026,14.945428
149.345971,174.199677,15.137549,16.261194
152.791321,187.192367,14.106063,13.819287
156.135746,199.523600,13.292858,14.428496
158.921286,213.417658,14.484351,15.294677
161.619861,216.897017,14.720960,15.169294
162.725829,205.077432,14.587461,14.856462
163.540894,194.769622,14.130474,14.104689
164.291008,184.210297,14.711457,14.613795
164.171306,174.592912,14.882227,16.133211
164.720028,169.442502,15.324729,15.269876
165.697902,163.216039,15.758477,16.085459
166.370583,160.805631,13.834000,15.330792
165.652382,157.695171,14.548267,15.594719
166.263772,156.834208,14.489478,15.411465
164.541895,156.236005,14.758307,15.487249
165.357125,160.413074,13.684527,14.108132
164.359367,164.558347,14.869461,14.836850
159.081656,168.430883,18.223541,18.056820
149.800469,174.813027,18.988329,16.507612
138.157689,172.297807,20.325232,19.814329
139.332071,179.266052,27.172268,23.446274
144.662189,203.222339,14.942224,14.988503
137.240201,212.272174,14.463517,15.938607
133.381873,217.484466,14.076841,15.717737
132.462016,209.065801,13.555591,15.094191
128.305634,200.844903,14.735983,15.364202
124.722802,193.604208,15.736796,15.177152
120.761690,188.274891,15.765443,15.663215
116.398299,182.425927,16.105307,16.120314
114.029285,179.699185,15.219506,16.010771
111.544974,179.349350,14.503633,14.767974
107.502233,177.924317,15.393979,15.039218
103.566294,175.506310,18.349049,17.735104
103.717202,178.295360,15.591186,15.985823
100.873460,181.757038,14.946286,14.806767
99.991130,187.834117,14.324041,13.725774
101.084553,194.583989,16.518921,17.050463
101.045573,211.546556,14.688631,15.004365
101.821774,219.418583,15.319488,15.714602
102.257644,207.719653,15.311041,15.457182
104.899748,196.943837,14.172775,14.865775
107.819902,186.649222,14.449585,14.357275
107.496101,179.583400,14.627728,14.508551
108.053748,172.842353,17.150721,16.964312
108.231275,168.143756,14.785558,14.371740
108.642070,163.836461,14.761941,13.739405
108.794993,158.649899,13.799968,13.521109
110.854311,153.755576,14.134284,13.647349
113.119129,149.790695,14.137177,13.294667
115.849665,147.105749,14.155715,13.857815
118.661446,144.510072,15.216572,14.699944
123.625624,144.694352,13.943520,14.002413
127.747416,145.530168,13.978385,14.080163
132.462348,147.522539,14.883557,14.450841
137.643920,150.470900,14.553282,14.291050
142.968281,154.428071,14.194263,14.453390
148.224030,160.829837,14.633234,15.056452
152.341788,169.696651,15.424369,16.080980
157.530803,182.213224,15.048185,16.450008
160.379742,195.357220,14.928111,14.924683
169.430987,208.959518,15.568777,15.907311
174.187504,224.072034,15.604763,15.627462
177.278167,210.482132,16.050322,16.179001
178.653327,198.738835,15.885168,15.701232
180.243706,187.455314,14.760380,14.299886
183.199474,178.161131,16.048267,16.093468
183.498751,170.105886,15.481285,15.003687
184.532743,164.230787,15.038391,14.639775
185.464549,159.253069,15.168593,15.713534
186.002652,156.028042,14.206763,14.225406
185.491883,152.111113,14.996077,15.258976
186.770187,150.748099,14.928033,15.042785
186.355475,150.249094,14.713919,14.866631
185.110020,151.042741,15.498248,15.357743
184.253078,153.695738,16.238091,15.419624
185.347800,157.226854,15.847896,16.575302
184.328427,161.999353,16.722559,17.600845
180.549865,168.980879,20.512381,18.590836
174.887987,176.528945,24.022438,21.240049
166.713943,175.876168,18.024473,25.981676
168.995896,183.386077,19.737093,28.698202
165.886731,208.505936,15.876139,16.566975
160.092472,220.753026,15.462167,16.074060
152.909491,215.540517,15.697357,15.455575
145.048518,206.183115,15.195548,15.523575
139.421459,199.534461,14.684143,14.604175
133.403337,193.330625,14.510700,13.564329
126.275746,185.046570,15.599310,15.839161
121.029058,181.836472,15.702587,15.412628
114.408524,178.811873,15.266788,15.133398
107.395181,176.510782,14.717557,15.548089
102.987269,179.859884,13.782783,14.117393
99.300520,186.450405,15.172169,15.136890
100.332706,196.657830,14.424194,16.095865
100.838693,209.548041,16.266378,17.069105
104.777232,224.410667,15.563411,15.711987
105.678949,212.415149,15.350919,15.797293
107.940436,204.563754,15.183284,14.845549
109.718135,200.351187,14.908075,14.457489
111.710294,195.767212,13.904031,14.363608
113.923717,193.580277,14.244780,14.188883
114.933718,190.885326,15.192286,15.190347
116.717614,188.003856,15.144621,15.678804
116.161676,185.731669,15.865597,15.708647
114.841146,182.763332,16.211481,16.143894
114.449315,181.071346,15.596083,16.185337
113.954898,178.207059,16.284796,16.441504
114.995248,174.890100,17.115557,17.017904
117.119694,171.694760,18.844799,18.492186
123.496820,169.988016,17.566902,17.795574
125.563105,170.733467,18.254250,17.835258
129.894037,173.832348,17.332054,16.591652
130.931534,183.065356,19.284443,17.602266
131.858620,196.834728,16.956326,17.013107
132.467503,211.613485,16.299503,17.593777
131.640692,228.839663,17.636536,17.739017
133.439014,216.583468,16.815136,17.776472
133.348180,204.221916,16.967859,17.527218
134.908370,194.189083,16.518576,16.491440
135.035032,182.735131,17.244896,16.600439
134.505930,174.526038,17.781212,17.997866
136.394482,167.098286,17.208019,17.544209
137.695004,161.687995,16.629925,16.411303
139.568410,156.611573,16.153093,16.237658
143.225674,151.845216,15.473957,15.623116
145.368186,148.058994,16.363958,16.111069
148.763289,144.400114,16.395910,16.306210
152.117219,141.436213,16.822977,17.097673
156.902209,140.779454,15.403609,15.595022
162.690322,140.457390,15.461607,15.876534
169.728688,142.252968,14.669687,15.344658
174.990238,144.726330,15.141728,15.218040
179.662476,146.744039,15.608364,15.272352
186.433783,150.858082,16.382095,16.258934
192.253673,157.853292,15.559347,17.161594
197.109605,167.779197,16.448725,17.954889
200.344934,181.638199,16.185266,16.823128
203.322131,196.247734,15.591497,16.716545
205.347749,212.243205,16.221689,17.155565
208.880655,228.507211,15.755684,15.905118
209.053525,213.410418,16.021997,16.289600
209.035685,199.165834,16.482788,16.413902
210.991187,187.809795,15.202452,14.520532
211.041982,178.490774,15.541719,16.864498
211.418208,169.759012,15.582740,15.077599
210.335648,161.743225,15.024715,14.752313
208.796198,155.817686,15.878490,15.383496
206.436767,152.087578,17.455336,16.356361
206.751869,152.877613,16.548000,15.781151
208.595399,156.146532,15.889497,15.545201
211.853428,163.174994,15.375903,15.735042
214.193830,173.796767,17.357674,18.163713
218.005202,186.964669,15.648237,17.325132
219.191829,201.936677,17.226843,17.308500
220.249815,219.006650,16.863983,17.195227
220.851827,218.751261,15.995202,16.608654
220.110630,204.864458,15.774030,16.050426
219.139925,191.499303,15.790540,17.301794
217.946780,180.886637,15.413500,16.468739
216.286445,174.877318,14.956781,15.889467
217.464768,165.700727,14.034945,13.274214
216.832440,159.046220,15.225657,15.272862
212.729764,154.508299,16.534403,15.817730
212.474503,152.931911,15.711856,14.567506
207.152610,151.497545,16.145975,15.045834
188.523188,148.450429,32.348465,21.451616
186.004599,151.404259,19.961731,23.461613
186.089488,153.036627,19.912870,19.713074
183.570520,150.715081,20.619614,19.870546
185.943030,153.405684,17.749281,18.711685
184.159059,152.749810,19.005487,19.633745
182.257981,150.922483,20.366755,20.517944
181.518599,153.624267,19.862831,20.444258
177.648147,152.385167,21.553205,21.495913
178.159102,153.034348,18.578512,17.885197
177.653108,153.938869,18.883928,16.974216
176.293227,153.888757,18.462759,17.602053
174.769268,153.508374,18.770664,17.237856
171.527581,152.338354,20.746202,19.942520
168.945226,153.148743,20.793352,20.565777
164.187624,160.730233,22.386734,23.977808
158.864818,169.302447,17.361654,17.598234
152.010210,171.172221,17.440979,18.971449
150.867485,175.078672,18.455563,18.699715
149.536942,186.899946,17.116367,16.032356
149.918214,200.136863,17.290720,16.979582
150.937604,213.991560,18.902399,17.293510
152.691193,223.294428,19.622387,17.923134
154.526897,210.207355,20.889759,18.982164
156.709124,199.780525,17.726929,16.312531
158.333990,191.263062,16.971382,15.727378
160.754614,181.997188,16.550697,16.501772
165.355977,175.557286,15.681215,15.334861
169.636108,170.956770,16.711857,15.856541
173.574131,167.167926,15.624522,15.404195
176.555852,164.368161,16.254198,16.432650
177.479630,161.192544,15.362650,16.375826
177.578053,161.945643,14.917301,15.354499
174.449722,163.476041,15.523163,15.660356
172.092854,168.261125,15.329748,14.915117
166.049276,175.043470,17.210567,17.773170
155.151946,183.854011,18.422232,16.489614
144.278931,186.012703,17.451607,24.786587
142.677383,207.599315,16.005173,17.037619
134.804315,220.212040,14.748353,15.757748
128.757123,215.025968,14.416554,15.404428
123.616213,203.700001,15.812274,16.080135
116.078575,195.936831,14.853657,14.680087
109.069567,187.004783,16.038670,15.949365
105.804366,180.520502,15.485033,14.960899
102.179070,173.677510,20.178816,18.092855
97.049642,170.162198,18.302198,17.137045
93.246554,167.331606,20.374674,17.771458
90.519588,165.749627,16.585800,14.984900
88.626406,165.693484,17.648792,15.808398
88.834818,167.303357,18.112194,16.029043
85.584660,171.595605,16.815479,15.259915
85.906952,178.941370,17.047649,15.946834
89.803724,190.685236,14.566010,16.802937
90.781928,206.330365,14.887061,15.050078
92.024218,221.364630,15.475822,14.827938
