28.000000,169.000000,19.000000,15.000000
26.543712,170.186518,20.542734,15.256123
27.008841,169.879589,21.520428,15.370431
27.807881,169.614388,21.019773,15.323317
27.941989,169.655226,21.152979,15.483691
27.945948,169.138228,21.293835,15.734240
27.805954,169.427977,21.516411,15.755680
28.284342,169.669043,21.389004,15.804599
28.848055,168.603730,21.680286,16.168066
29.696218,169.507443,21.430738,15.892501
30.295758,169.733112,21.703634,16.058998
30.004204,169.333681,21.874878,16.297092
30.733709,169.632573,21.976887,16.221663
30.683728,168.707783,22.351927,16.786865
31.361598,169.315351,22.474115,16.411100
31.572026,168.836089,22.922148,16.874308
31.342547,168.697843,23.124811,16.838232
32.837785,168.318920,23.120108,17.110291
33.151540,168.646078,23.252943,17.077297
32.808054,169.165682,23.878521,16.992649
34.019074,168.473025,23.708174,17.706362
33.727115,169.186902,24.310244,17.077902
34.382739,168.377471,24.272776,17.507189
35.023637,168.174000,24.537817,17.541763
35.321238,169.279151,24.481533,17.424807
36.257885,169.150908,24.608078,17.508921
35.820623,168.377135,25.129940,18.093004
37.657757,168.828598,24.610733,17.840118
37.318474,168.184100,25.510406,18.085215
38.248383,168.763201,25.461372,17.971401
38.146274,168.187796,26.178064,18.203823
39.427990,168.850443,25.951591,18.269276
39.668807,168.539237,26.686937,18.345758
39.672881,168.811879,26.741755,18.306608
40.314012,168.993464,26.706068,18.587315
41.314880,168.689562,26.672318,18.632481
41.620154,168.532268,27.212374,18.712259
42.822757,168.559461,27.056139,19.131346
43.887119,168.468214,27.581116,19.069118
43.711136,168.145486,27.903755,19.359434
45.098158,168.464812,28.139378,19.524553
45.428479,168.368205,28.598326,19.634462
46.425931,167.718975,28.550650,19.867271
46.597044,167.901354,29.164494,19.724957
47.848045,167.770016,29.244301,20.090096
48.307795,168.736001,29.660465,19.870848
49.130352,167.699878,30.028503,20.331316
49.922484,168.817307,29.772509,20.132668
51.166837,167.607381,29.795172,20.897497
51.985407,167.933589,30.631054,20.791330
52.321692,167.944490,31.209955,20.637867
53.224627,168.447235,31.983799,20.704590
53.414835,168.545651,32.416973,20.916082
54.799482,167.830944,32.734180,20.953293
56.018597,168.169803,32.291199,21.224581
57.400049,168.585035,32.059307,21.368816
58.543699,168.076671,32.657513,21.796518
59.941631,168.665347,33.142426,22.018000
60.196754,168.495672,33.906113,22.096287
61.345787,167.937163,34.235252,22.248674
62.167953,167.805200,34.458374,22.415083
63.891718,168.109729,34.392826,22.548769
64.335247,168.551954,35.332611,22.606747
65.937635,167.912101,35.296528,22.891962
66.440594,168.558625,35.514473,23.107130
67.816561,168.009571,35.843731,23.132156
68.973536,167.710604,36.732479,23.582645
70.901829,167.686104,36.952827,23.501289
72.143568,168.370028,37.259800,24.075436
72.586327,168.694590,37.685425,23.718128
75.064169,167.827510,37.755108,24.027887
75.970755,168.519165,38.253979,24.398697
76.370617,168.308346,39.032135,24.474113
77.611364,167.825370,39.425182,24.764002
78.728422,167.914099,39.734287,24.926479
79.895365,168.311226,40.252361,25.392204
82.156307,167.700704,40.420570,25.878096
83.834387,167.505901,41.030262,25.760864
84.632170,167.731392,40.950809,25.912544
85.735655,168.227868,41.651188,25.904257
87.275871,167.896849,41.890671,26.704250
89.917465,167.802635,42.056747,27.114128
90.828270,168.381073,42.318939,26.748695
92.899794,168.203862,43.219181,27.322294
93.610653,168.256145,43.513664,27.128311
96.177059,168.010149,44.016289,27.641819
97.405525,168.233620,44.574677,27.560646
99.023771,167.880019,44.929722,27.879175
100.957655,168.106197,45.242085,28.187057
102.360828,168.219962,45.970924,28.135141
104.076466,168.364548,46.754097,28.812538
105.483112,168.586422,47.131783,28.941666
107.367733,168.154628,47.762749,29.387499
109.393845,168.013666,48.437012,29.661854
110.524721,168.221786,48.849560,29.703272
113.469698,167.607645,49.534176,30.190205
115.174374,167.931585,49.506599,30.838848
117.590942,167.845901,50.380524,31.008919
119.670319,168.006644,50.891647,31.244211
121.127460,167.876759,52.073051,31.420258
123.414881,167.879832,52.842205,31.701006
125.395704,168.043156,53.078693,32.053925
127.349472,167.468819,55.158325,32.744347
129.386854,167.749195,54.904469,33.060608
131.897322,167.517494,55.941288,33.572289
134.222534,168.333536,56.382797,33.573261
136.149406,167.299973,58.365891,34.369911
139.245783,168.354818,58.614605,34.608395
141.054396,167.893682,59.923298,35.126400
143.888819,168.286884,60.506771,35.388596
146.316065,167.487373,61.611416,36.242104
148.502680,167.014500,63.603939,36.739182
151.761154,167.732981,63.777588,37.319477
153.711285,167.593033,65.481590,37.961250
156.859112,166.339399,66.691185,38.811275
159.862602,167.034222,68.066650,38.643799
162.649063,167.593439,69.440292,39.333332
166.256622,167.502779,70.617844,39.975864
169.342007,166.940432,71.662682,40.871235
172.307484,166.865088,73.194893,41.337749
176.254112,166.888475,74.670471,41.894291
178.913704,166.712521,76.716568,42.629990
182.623337,166.264967,78.562347,43.478970
186.421341,166.782373,80.153839,43.932529
191.217293,166.601234,81.920715,44.610313
194.775970,166.577351,83.967697,45.420853
198.712833,166.215254,86.154213,47.033825
203.233902,166.447798,88.094345,47.319378
207.449791,165.967077,90.411774,48.056789
211.833111,165.965860,92.751335,49.357044
216.508614,166.377707,95.240509,49.826351
222.014362,166.682062,97.761360,50.642872
226.747871,166.556067,100.815216,51.690121
231.856789,166.322868,103.526093,52.772881
238.417614,166.120598,105.797173,53.877007
244.197025,166.404728,109.565590,55.007080
251.924206,166.366877,111.354912,56.530048
257.308422,165.989244,114.499107,57.751072
262.832241,166.154314,119.517296,58.755466
270.649815,165.276604,122.193489,60.508049
277.314960,165.902933,126.875496,61.273029
284.722710,166.207607,131.855316,62.808426
292.834351,165.899971,136.400284,64.917137
300.243668,166.201450,141.392044,66.215027
308.552292,166.429844,147.354263,67.932556
318.841293,166.311859,150.230759,69.597176
327.013695,166.664711,156.320435,71.138817
337.500916,166.385853,152.387070,73.449890
346.319733,166.498592,143.931381,74.753403
357.429810,167.146626,133.319412,74.981873
369.621975,166.700798,121.865654,77.243828
