61.000000,150.000000,11.000000,24.000000
61.141001,150.134006,11.122578,24.273943
61.267775,150.148808,10.817135,24.578077
60.841101,152.101318,11.734501,22.489876
63.566416,150.600080,13.102664,23.015764
67.997710,155.923623,11.084888,19.782320
68.399923,153.743052,11.541267,20.418571
69.864601,153.151439,12.024654,21.547709
71.265498,152.444701,12.953032,24.316133
71.958961,152.341280,12.686422,23.007626
72.021993,152.482913,13.822869,24.566202
74.523089,152.582952,12.492446,23.712729
76.771730,153.678094,11.704002,23.518095
77.796249,153.971841,11.453907,21.342093
79.736429,153.696489,11.432023,21.825027
81.586128,152.705681,11.113675,22.439106
82.269179,153.403247,11.108626,21.790983
83.788264,151.591418,11.078109,23.355299
83.864644,151.547288,12.240007,23.386820
85.435256,152.511709,12.030806,23.054558
86.917809,152.219431,12.180614,22.675835
88.509324,153.225521,11.735582,22.192066
89.974814,153.466371,12.353209,22.952860
92.048642,153.485912,12.004152,22.943890
93.804929,154.153253,10.465891,23.251703
94.791531,155.259483,10.495273,22.241955
97.589312,154.469978,11.598312,22.127575
100.961907,156.152410,11.296954,19.989649
99.531864,152.517904,13.906777,24.846317
99.312800,154.208114,14.581294,22.419130
100.025158,153.433262,14.769347,24.226746
101.656744,153.622806,13.856739,22.641710
102.678637,153.483607,12.999401,24.521791
103.781163,152.795470,13.305563,26.281748
103.704434,153.989667,14.432883,26.743750
108.129572,154.472054,12.425076,25.722351
109.458432,155.472120,12.765914,24.855465
109.665205,153.665782,15.373591,30.931322
113.554670,152.384728,13.497601,27.365805
115.062788,152.203130,12.684390,27.376287
115.675047,152.543110,12.520213,29.179192
117.533805,152.359200,12.273714,34.253777
117.856774,151.293686,14.042350,34.196182
119.407569,153.348335,14.137461,32.791153
121.387069,153.651681,14.330866,29.054991
122.212888,154.496323,13.990538,26.619827
125.037341,154.475440,13.759432,26.246332
126.672364,154.345350,13.128348,30.393299
128.539924,153.750687,12.634996,27.119408
130.012580,154.380307,13.598008,26.516005
130.838941,153.779284,14.177617,28.137125
132.883141,153.905631,12.649811,26.799364
133.766464,154.003798,13.539338,28.123325
135.082191,153.088320,13.968308,26.704678
136.202039,154.257096,13.283491,28.456434
137.396915,155.028705,13.914269,28.698465
139.649131,155.444230,12.709124,27.319059
140.488256,154.696863,12.152623,26.882114
141.885649,155.293012,12.632907,26.679113
143.147177,155.202543,13.199680,27.173626
145.030500,155.725637,12.889431,28.225124
147.933585,156.235246,12.371531,26.705450
149.090974,155.451220,12.318022,27.362965
150.485280,155.136225,12.342643,31.325359
151.865976,154.764244,13.118641,32.639946
153.066240,153.454897,13.915905,33.861156
154.057941,154.273026,13.527246,33.545746
155.551158,155.335609,14.009729,31.959999
156.988154,155.726398,14.361026,32.375931
156.585445,156.481642,15.987863,32.754719
158.683397,155.813877,16.490482,32.306953
162.462692,156.516144,14.094994,32.314156
163.316830,155.597221,13.915534,32.938431
165.541562,155.778530,14.664900,34.461037
166.545471,155.207148,15.598008,35.011028
168.638162,154.868927,14.650975,35.790924
168.993497,155.238453,15.558148,35.833084
170.507703,155.710438,15.550528,35.272385
171.215272,156.547262,15.996290,35.696796
172.539730,156.924076,15.894646,35.262383
174.001454,156.728151,15.599379,34.224323
176.489584,157.500574,14.656254,32.972492
178.525414,156.489691,14.379774,33.797634
181.738369,156.048254,13.622407,39.419201
201.764735,176.462111,12.865679,21.871952
203.304557,173.039979,24.087549,26.435820
185.607314,156.896852,14.940290,35.915600
186.148742,156.611155,15.293188,38.664944
188.427951,156.908587,14.439748,38.202549
188.948306,156.457691,14.313520,39.001984
189.832705,157.206211,15.344259,38.773293
190.157128,156.557777,16.381571,38.000221
193.117571,157.420597,16.396233,37.739067
195.471981,157.558460,17.156605,38.355888
196.551496,157.771364,16.218126,37.442623
199.525979,157.849045,14.155139,36.305397
200.938605,156.854422,13.513014,36.596912
203.115528,156.524845,13.483814,37.611900
205.358830,157.620050,15.024614,37.717457
205.024006,157.648495,14.207325,38.566689
203.901915,164.702490,21.451729,32.761028
207.634638,160.226868,17.309723,33.913254
206.038922,172.565166,18.298708,24.804550
213.974569,167.474960,14.357605,27.064018
205.360007,171.056966,14.907854,26.068792
203.315728,170.413415,14.730102,24.907103
200.576828,180.128851,11.601028,20.668118
201.102611,182.192567,11.822123,19.748808
201.147098,171.307116,18.226702,27.733982
210.203042,171.811993,14.647460,24.407516
217.580536,170.403099,12.864371,26.829628
215.419029,169.225386,15.762330,31.693478
224.828880,158.425488,14.800377,39.645279
223.985996,157.684551,16.061104,39.005859
227.463252,158.448969,16.373369,39.776089
229.238032,158.083614,16.896555,41.229271
230.329158,158.057728,16.892115,40.010353
232.921212,158.675045,16.283010,39.443840
234.433354,158.979698,16.667730,40.834030
236.318303,157.949129,15.895567,40.602016
237.750924,157.647697,14.964515,41.179237
240.614439,157.697975,13.915235,41.528923
242.495789,157.530729,13.326889,39.742687
242.748717,157.656813,15.220644,41.463314
242.093012,158.288671,18.326839,41.827084
243.617566,158.048151,18.754477,42.193516
245.331601,158.144068,18.261122,40.692898
247.084602,159.485071,18.428421,41.638165
246.885747,159.664804,18.273787,41.259914
249.821840,160.008627,17.474781,42.198742
252.418765,159.960182,15.107432,37.178947
254.993728,159.246759,13.947901,39.984768
256.065972,158.619244,15.345305,43.685547
257.537272,159.534660,14.998789,44.896568
259.107374,159.082495,16.379612,42.207745
260.172383,159.506773,18.434736,43.809544
260.949160,160.381241,20.091938,42.768219
260.519383,160.251154,21.396391,43.498196
260.918445,159.869293,22.586878,43.642975
262.861317,160.342388,21.927879,43.509773
264.217364,160.669582,21.040216,43.418976
267.233336,159.947815,19.484102,43.920670
270.060007,159.686316,16.822437,41.183735
274.212352,159.350786,14.833032,43.786640
275.197246,159.341999,15.455256,45.210663
277.075903,158.958755,14.947124,45.991165
277.912334,158.943800,15.539223,45.315701
278.180166,158.908878,18.398891,45.316795
278.860324,159.372625,21.833742,44.335690
278.803374,160.446676,22.812777,44.267574
279.511195,160.248335,22.980722,44.556942
281.270319,160.071709,21.761028,44.261871
282.861529,160.273245,20.749147,44.466488
288.055671,160.299227,16.448023,45.711613
288.600941,160.666344,17.220657,44.847443
291.671691,159.881378,14.009347,45.426689
294.324825,160.360277,14.203523,45.383289
296.065886,160.752439,14.349750,44.318394
295.169893,161.215532,17.716259,44.505779
295.702020,160.446623,20.400442,45.182842
296.046897,160.813309,22.146883,44.758629
296.884146,161.868637,23.495670,43.856071
298.050725,162.000015,23.492056,44.006020
299.225445,160.517637,24.338722,44.775860
302.299576,160.967228,21.606247,45.029114
304.777396,160.252886,19.090097,45.393330
308.296640,159.952608,17.118320,45.881489
311.139522,160.312498,14.291719,45.900463
312.745410,159.958735,15.155183,46.420818
313.515858,160.378477,15.119575,45.846874
314.600082,160.747202,17.610489,46.039425
314.593817,159.746744,20.465137,45.953312
314.981706,160.395571,22.017721,46.157764
315.246596,161.338079,22.286051,45.618755
317.127034,161.039831,21.816298,45.063641
317.458839,160.515486,21.952484,45.321636
321.862687,160.207935,17.619123,45.580849
324.313974,160.515270,16.476635,46.120735
327.308008,160.752872,15.802395,45.470459
328.449484,160.906853,15.571643,46.648018
330.290413,161.086052,15.885635,45.461006
331.385636,160.741936,16.706594,45.240089
331.311788,161.062208,17.126989,44.875614
331.788267,161.303856,21.316616,45.429024
332.425679,160.271324,22.998594,46.519150
334.024496,160.122171,22.655117,46.832333
333.845371,160.919054,24.454376,46.075420
336.185789,161.202160,22.081707,45.710884
339.579838,161.735325,20.529510,45.240730
342.793737,161.769793,17.008083,45.491306
346.123948,160.420427,14.588430,46.817989
346.899324,160.863298,15.134053,48.020962
349.322272,160.915522,15.338564,45.541477
350.251789,160.770382,18.444351,45.608894
349.416981,161.506296,18.348000,45.401203
350.051333,162.174164,20.241419,45.179436
351.319443,162.197651,20.031502,44.229820
352.859894,162.458397,20.176437,43.529640
355.880334,161.786478,19.100378,42.810375
356.049194,161.341663,19.187485,44.490433
360.535206,161.500479,15.211181,42.865849
362.192968,161.669214,14.112232,42.173389
364.357912,161.021378,15.401105,42.981415
365.282758,161.488096,16.087782,43.382610
366.629932,161.799591,16.844200,42.348022
365.641794,162.748835,18.921803,42.885624
367.433158,163.085709,20.001101,42.091187
367.572974,162.951620,20.428141,42.708782
370.188706,163.327660,19.378393,41.969551
371.609683,162.709581,20.278513,42.949917
372.915738,162.310772,19.788397,42.666267
376.936648,162.553959,16.024736,42.399963
378.850180,162.099251,14.747424,43.567520
380.837496,161.944632,14.061932,39.172680
382.220086,161.020502,13.942672,39.159702
383.988227,161.412701,13.501092,41.741142
385.077632,161.228748,15.126290,41.320610
385.279937,163.032469,19.309320,45.123562
386.283179,162.160488,20.799425,46.876068
386.840540,161.967295,20.267658,46.772205
388.163831,162.705391,23.419981,47.358200
390.678996,163.214407,18.939180,44.679646
395.285386,162.795685,16.589087,46.571815
394.502777,162.345778,18.124161,47.501514
396.778398,162.446510,17.264692,47.520981
399.805862,162.187706,18.231529,47.197784
400.483067,162.386677,18.232292,46.504272
401.773210,162.320429,18.960829,46.646679
400.497324,162.207516,20.965839,46.887108
401.242682,162.771660,23.247049,45.684029
400.588130,163.074095,26.447023,47.886944
404.446902,161.751917,23.646685,46.667027
405.424171,161.590349,23.233864,46.545841
408.087490,161.158978,20.873062,47.886429
412.053264,161.184700,16.942202,44.596039
414.119837,163.303326,15.582233,45.310242
416.660343,162.063364,15.031960,47.202717
416.790491,161.808548,15.735730,46.547859
419.022939,161.701986,16.580763,46.634220
420.881008,162.821604,18.183884,45.654308
419.989465,162.536457,18.414366,46.270042
421.785260,163.914255,18.914976,46.250980
420.735921,163.342098,21.275900,46.626900
423.832425,163.546379,19.317205,48.650543
423.830969,164.452318,19.929714,47.225872
429.032299,163.240326,15.949326,47.920967
429.927479,163.566803,15.576637,45.558578
433.893210,163.875111,14.367175,43.413422
434.809369,163.621029,14.815329,45.670898
434.657306,163.945116,16.044954,44.726513
436.076049,163.980648,16.985415,44.762268
437.659597,163.549866,17.230999,43.934868
438.193070,163.704704,17.022932,42.860283
439.470737,163.993629,18.936190,43.055779
440.926981,164.224394,18.588596,43.826740
443.733510,163.615467,15.970472,40.327003
445.234719,163.302921,15.709646,43.496819
445.435116,163.232935,16.096115,43.792385
448.341562,163.414652,14.493053,43.804470
450.093948,163.626154,14.046166,43.171917
450.591213,163.292839,15.039413,45.162254
451.801377,164.181656,15.390997,44.452011
453.457891,163.532860,15.941092,44.819832
454.778630,164.272480,15.104384,44.341789
455.570441,163.897642,15.457599,45.524265
455.595923,163.307541,15.590502,45.095520
456.999882,164.375109,15.073821,44.823650
459.395376,163.798243,12.716107,43.062611
459.867825,164.002138,12.031227,43.827908
460.615741,164.672350,11.246599,42.919506
460.549328,166.032909,11.381942,42.404175
